RA1 12.5716 10.5846 32.9741 3
RA2 13.1016 10.3428 38.1745 3
RA3 13.6393 9.63954 43.2152 3
RA4 14.1641 9.2634 47.311 3
RA5 14.7019 8.56027 52.3517 3
RA6 15.7277 7.8665 57.3889 3
RA7 17.2497 6.72095 62.2628 2
RA8 18.2704 5.89295 66.1954 1
RA9 19.2964 5.19917 71.2326 0
RA10 19.8342 4.49604 76.2732 0
RA11 20.3589 4.11992 80.369 0
RA12 21.3926 2.96486 85.2464 0
RB1 17.5808 4.02761 32.752 3
RB2 19.6142 1.50746 37.1432 3
RB3 21.1517 -0.560813 41.6976 3
RB4 23.6682 -3.20579 44.9806 2
RB5 25.6938 -5.26462 49.5315 2
RB6 27.7143 -7.45772 52.9777 2
RB7 29.7269 -9.18948 56.5837 2
RB8 31.7551 -11.8439 59.8702 0
RB9 33.7809 -13.9027 64.4211 0
RB10 35.3131 -16.1053 67.8708 0
RB11 37.3466 -18.6255 72.2619 0
RB12 39.3593 -20.3572 75.868 0
RC1 11.4088 -4.18913 35.2847 3
RC2 12.4581 -6.26685 39.8425 2
RC3 13.0193 -8.35402 44.4039 3
RC4 13.5596 -9.65279 48.1801 3
RC5 14.6089 -11.7305 52.7379 1
RC6 15.1831 -14.1447 58.2442 2
RC7 15.2352 -15.453 62.0238 2
RC8 15.2743 -16.4342 64.8586 1
RC9 15.8355 -18.5213 69.4199 0
RC10 16.3836 -20.2815 73.0363 0
RC11 16.9448 -22.3685 77.5976 0
RC12 17.9732 -23.6579 81.3704 0
RD1 22.738 -11.2946 29.4941 3
RD2 26.6592 -10.8162 32.7805 3
RD3 30.5751 -10.4721 34.9622 3
RD4 34.9922 -10.4456 38.0853 3
RD5 38.9081 -10.1014 40.267 3
RD6 43.3174 -9.61359 43.5499 3
RD7 47.2463 -9.59651 46.6765 3
RD8 51.1753 -9.57943 49.8031 0
RD9 55.0912 -9.2353 51.9847 0
RD10 59.4952 -8.88172 54.163 0
RD11 63.9124 -8.8552 57.2861 0
RD12 68.3165 -8.50162 59.4643 0
RE1 5.51191 0.655136 43.3925 2
RE2 10.8896 0.297726 43.1946 2
RE3 15.7714 0.392206 43.16 3
RE4 21.1517 -0.560813 41.6976 3
RE5 25.5376 -0.0144468 41.8262 3
RE6 30.4271 -0.381309 41.6317 2
RE7 35.3166 -0.74816 41.4373 2
RE8 40.214 -1.57634 41.0831 3
RE9 45.1036 -1.9432 40.8886 3
RE10 49.9932 -2.31006 40.6942 3
RE11 54.8697 -2.34985 39.5549 1
RE12 59.7593 -2.71671 39.3604 0
RF1 21.3878 -17.6474 28.3722 3
RF2 22.8967 -18.4659 32.3013 3
RF3 24.9068 -19.602 37.1718 3
RF4 26.8961 -19.9498 41.2571 3
RF5 29.3944 -21.0765 46.1242 3
RF6 31.3836 -21.4243 50.2095 3
RF7 33.8689 -22.224 54.1317 1
RF8 35.8607 -23.1673 56.9525 0
RF9 38.359 -24.2941 61.8196 0
RF10 40.852 -25.555 65.5819 0
RF11 42.849 -26.3641 69.5075 0
RF12 44.8462 -27.1732 73.4331 0
RG1 22.4603 -23.76 25.1834 3
RG2 22.5488 -26.7793 29.4286 3
RG3 22.1414 -29.3467 33.8371 3
RG4 22.2169 -32.0389 37.1374 3
RG5 22.2977 -34.5969 41.5424 2
RG6 22.3863 -37.6161 45.7876 3
RG7 22.9552 -40.1647 50.1891 3
RG8 23.0516 -43.6453 54.2746 0
RG9 23.1063 -45.5491 56.7898 0
RG10 23.1896 -48.7027 59.9303 0
RG11 22.7822 -51.27 64.3388 0
RG12 22.3695 -53.9717 67.6425 0
RH1 10.2608 4.61578 35.1732 3
RH2 15.1659 3.32626 34.6592 3
RH3 19.5699 2.35436 33.2037 3
RH4 24.475 1.06484 32.6897 3
RH5 29.3671 0.102381 31.2308 3
RH6 33.7841 -1.19659 30.7203 3
RH7 38.6762 -2.15905 29.2613 2
RH8 43.5814 -3.44857 28.7473 1
RH9 48.4657 -3.9497 27.4482 3
RH10 52.8775 -5.38294 25.833 3
RH11 57.2892 -6.81618 24.2177 1
RH12 62.1944 -8.1057 23.7037 1
