LA1 -33.6763 54.6529 13.0018 2
LA2 -38.3842 54.4219 11.31 2
LA3 -43.0921 54.1908 9.61826 3
LA4 -47.8966 53.5642 8.83986 3
LA5 -52.6045 53.3331 7.14808 3
LA6 -57.4088 52.7065 6.36969 3
LA7 -62.1167 52.4753 4.67791 2
LA8 -66.9212 51.8487 3.89952 2
LA9 -71.7651 51.6703 3.31099 1
LA10 -76.473 51.4391 1.61921 0
LA11 -81.8013 51.2428 0.971832 0
LA12 -86.5661 50.1681 0.00357779 0
LB1 -33.2158 46.912 7.50879 2
LB2 -37.8646 45.5648 9.71928 2
LB3 -42.0685 44.6836 12.1785 2
LB4 -46.7173 43.3364 14.389 3
LB5 -50.8247 42.8507 15.9348 3
LB6 -55.4735 41.5036 18.1453 2
LB7 -60.1618 40.6045 20.5456 2
LB8 -64.3658 39.7233 23.0048 2
LB9 -69.0541 38.8241 25.4052 2
LB10 -73.1616 38.3384 26.951 1
LB11 -77.8499 37.4394 29.3513 0
LB12 -82.0539 36.5582 31.8105 0
LC1 -55.7029 40.9766 8.03945 2
LC2 -56.7802 36.222 10.2463 3
LC3 -57.8971 31.9157 12.6429 3
LC4 -59.538 28.0395 15.1706 3
LC5 -61.1393 23.7152 17.5084 2
LC6 -62.8197 20.2872 20.226 2
LC7 -64.945 16.3932 22.6948 2
LC8 -66.6823 12.1215 26.1358 2
LC9 -68.3232 8.24535 28.6635 2
LC10 -69.964 4.36919 31.1912 1
LC11 -71.605 0.493038 33.7189 0
LC12 -72.7614 -3.36526 36.3054 0
LD1 -10.9263 15.3859 56.4253 2
LD2 -14.5942 18.3977 57.3424 2
LD3 -19.1516 20.4776 57.762 3
LD4 -24.1143 21.6434 57.7431 3
LD5 -28.689 22.4316 58.6964 3
LD6 -33.6516 23.5974 58.6774 3
LD7 -38.6143 24.7633 58.6585 3
LD8 -43.0926 25.947 58.6984 2
LD9 -48.1912 27.1654 59.7827 2
LD10 -52.709 28.7973 60.0125 2
LD11 -57.3234 30.0335 61.1556 2
LD12 -61.9376 31.2698 62.2988 2
LE1 -23.2179 61.4578 70.6987 2
LE2 -26.821 61.2098 68.0214 2
LE3 -30.9086 60.9439 65.2852 2
LE4 -34.9566 60.23 62.3591 3
LE5 -39.5286 59.9462 59.5641 3
LE6 -43.6162 59.6804 56.8279 3
LE7 -47.7606 58.571 54.8153 3
LE8 -52.3325 58.2873 52.0203 3
LE9 -56.5165 57.6259 50.1975 3
LE10 -61.0885 57.3423 47.4024 2
LE11 -65.2724 56.6809 45.5796 1
LE12 -69.9012 55.5536 43.5081 1
LF1 -46.3562 67.7993 28.3044 3
LF2 -51.0272 68.192 30.1711 2
LF3 -56.1827 68.5668 31.9789 2
LF4 -60.273 69.3729 32.9911 2
LF5 -65.4284 69.7476 34.7989 3
LF6 -70.0996 70.1403 36.6656 3
LF7 -74.6742 70.9286 37.6189 1
LF8 -79.3849 71.7693 39.6755 0
LF9 -83.9595 72.5575 40.6288 0
LF10 -88.6702 73.3983 42.6853 0
LF11 -94.3324 75.4951 44.0905 0
LF12 -96.0007 76.3904 45.3969 0
LG1 -33.1003 109.695 40.1811 3
LG2 -33.5427 107.269 44.5581 2
LG3 -33.5007 104.861 48.9941 1
LG4 -33.4588 102.453 53.43 1
LG5 -33.9012 100.028 57.8071 1
LG6 -34.3832 98.05 62.374 1
LG7 -34.8256 95.6243 66.7511 1
LG8 -35.2681 93.1986 71.1282 1
LG9 -36.2345 91.2032 75.6362 1
LG10 -36.6768 88.7776 80.0133 1
LG11 -37.6433 86.7822 84.5214 2
LG12 -38.5701 84.3386 88.8396 3
LH1 -40.4642 99.5327 35.0036 3
LH2 -40.0445 102.811 38.6568 2
LH3 -39.1404 106.106 42.3689 2
LH4 -38.6638 110.227 45.2987 2
LH5 -38.244 113.505 48.9519 2
LH6 -37.3398 116.8 52.664 1
LH7 -36.92 120.079 56.3172 1
LH8 -36.0159 123.374 60.0293 0
LH9 -35.5962 126.651 63.6826 0
LH10 -34.692 129.947 67.3947 0
LH11 -34.2722 133.224 71.0479 0
LH12 -32.382 137.847 74.3441 0
LI1 -46.7875 80.2675 40.2268 2
LI2 -46.4022 80.9617 44.9474 2
LI3 -46.5582 80.7944 50.3326 2
LI4 -46.1729 81.4887 55.0532 3
LI5 -46.3289 81.3214 60.4384 3
LI6 -45.904 81.5674 64.9691 3
LI7 -45.4791 81.8136 69.4998 2
LI8 -45.6746 82.0944 75.0749 3
LI9 -45.7342 82.3226 79.5468 3
LI10 -45.8901 82.1554 84.932 2
LI11 -46.0064 81.54 90.1274 1
LI12 -46.066 81.7682 94.5992 0
LJ1 -42.7082 96.983 38.042 3
LJ2 -42.4985 98.1779 44.0557 2
LJ3 -42.5408 99.6979 47.9939 1
LJ4 -42.1951 100.84 52.9043 1
LJ5 -41.889 102.431 58.0046 1
LJ6 -42.0277 103.555 62.8562 1
LJ7 -42.1664 104.68 67.7078 0
LJ8 -42.7895 105.786 72.5005 0
LJ9 -42.9281 106.911 77.3521 0
LJ10 -42.9704 108.431 81.2903 0
LJ11 -42.6247 109.573 86.2007 0
LJ12 -42.7634 110.697 91.0523 0
LK1 -20.0702 79.6492 63.5805 1
LK2 -22.5172 82.3716 66.6908 2
LK3 -24.5366 84.2683 70.5834 2
LK4 -26.5956 86.6131 74.6659 1
LK5 -28.6151 88.5099 78.5586 1
LK6 -30.6345 90.4066 82.4512 1
LK7 -33.1779 92.7335 86.4749 3
LK8 -35.1405 95.4738 89.644 0
LK9 -37.1996 97.8186 93.7265 0
LK10 -39.7034 99.6974 97.5603 0
LK11 -41.7624 102.042 101.643 0
LK12 -42.3114 105.285 105.178 0
LL1 -48.0659 91.1716 39.3394 3
LL2 -48.7458 91.4346 44.8557 2
LL3 -49.3689 92.5412 49.6484 3
LL4 -50.5728 93.2345 55.2956 2
LL5 -51.1563 93.893 59.8985 2
LL6 -52.2242 94.5337 64.4425 2
LL7 -52.8473 95.6403 69.2352 3
LL8 -52.8499 96.7121 72.9836 2
LL9 -53.2975 97.3181 76.4832 0
LL10 -53.8414 97.5284 80.8962 0
LL11 -53.8046 98.1522 84.4546 0
LL12 -54.2916 99.2062 88.1441 0
RA1 -0.833674 56.359 9.54308 2
RA2 4.18582 56.0368 8.83849 2
RA3 9.1089 55.319 9.0473 2
RA4 14.1284 54.9969 8.34271 2
RA5 19.1479 54.6746 7.63813 3
RA6 23.5866 53.939 7.78808 2
RA7 28.606 53.6169 7.08349 3
RA8 34.11 53.3124 6.43776 2
RA9 38.645 52.9724 5.67433 2
RA10 43.6077 51.8066 5.69327 2
RA11 48.6272 51.4843 4.98868 0
RA12 53.6467 51.1621 4.2841 0
RB1 4.59182 45.4925 8.69479 3
RB2 9.55448 44.3267 8.71373 3
RB3 14.4776 43.609 8.92253 2
RB4 19.4403 42.4431 8.94147 2
RB5 24.2669 41.3299 10.0637 3
RB6 29.2296 40.164 10.0826 2
RB7 33.6683 39.4284 10.2325 1
RB8 38.631 38.2626 10.2515 1
RB9 43.5937 37.0967 10.2704 2
RB10 48.4599 35.5354 11.2028 1
RB11 52.8986 34.7998 11.3527 0
RB12 58.3456 33.6518 11.4305 0
