LDA1 -10.8688 -27.3175 45.2436 3
LDA2 -13.3899 -27.2855 50.1593 3
LDA3 -15.2903 -27.0643 54.1502 3
LDA4 -17.8114 -27.0324 59.0659 3
LDA5 -20.2338 -26.77 63.0135 2
LDA6 -22.7548 -26.738 67.9292 1
LDA7 -25.6007 -26.204 70.8654 1
LDA8 -28.1516 -26.6817 75.6568 0
LDB1 -8.48988 -34.6013 47.8842 3
LDB2 -9.47485 -35.2025 52.8057 3
LDB3 -10.3911 -36.0828 56.6347 3
LDB4 -11.406 -37.1936 61.4318 2
LDB5 -12.4208 -38.3044 66.2289 2
LDB6 -13.9577 -39.3739 70.9827 1
LDB7 -14.8053 -40.5335 73.7193 1
LDB8 -15.8201 -41.6443 78.5164 0
LDC1 -1.25713 -16.3854 73.6149 1
LDC2 -6.53666 -16.9928 72.9328 1
LDC3 -11.2942 -17.6413 72.294 2
LDC4 -16.5439 -17.7391 71.7362 2
LDC5 -21.2715 -17.878 71.2217 2
LDC6 -26.1277 -18.757 71.5511 2
LDC7 -31.6044 -19.8251 72.8051 0
LDC8 -35.5151 -21.0168 74.1892 0
LDD1 -24.3754 -2.90456 52.777 3
LDD2 -28.2652 -2.28824 55.6264 3
LDD3 -32.1252 -1.16233 58.6002 3
LDD4 -36.015 -0.546019 61.4497 3
LDD5 -39.9436 0.859099 65.5159 1
LDD6 -43.2128 1.66462 67.4406 0
LDD7 -46.5508 2.74934 70.4578 0
LDD8 -49.9186 3.32447 73.3506 0
LDE1 -14.5871 -6.12975 59.2039 3
LDE2 -16.0642 -6.18013 64.2063 3
LDE3 -17.5711 -6.74011 69.0844 3
LDE4 -19.0781 -7.30008 73.9624 2
LDE5 -20.4865 -7.62967 77.8724 1
LDE6 -21.3042 -8.27965 80.7334 0
LDE7 -22.8111 -8.83963 85.6114 0
LDE8 -24.2195 -9.16921 89.5214 0
LDF1 -4.77239 1.96599 56.9651 2
LDF2 -9.56876 2.10626 57.543 3
LDF3 -14.8871 2.28771 58.0776 3
LDF4 -19.6835 2.42798 58.6556 3
LDF5 -24.3813 2.79863 58.2655 2
LDF6 -29.1776 2.9389 58.8434 3
LDF7 -33.974 3.07917 59.4214 3
LDF8 -39.2625 3.77021 60.0803 2
LDG1 -8.45649 -12.7681 42.7539 2
LDG2 -13.3514 -12.8582 44.3 3
LDG3 -18.1777 -13.2275 44.7536 3
LDG4 -23.0726 -13.3177 46.2997 3
LDG5 -27.869 -13.1774 46.8776 3
LDG6 -32.7938 -13.7771 48.2993 2
LDG7 -37.5902 -13.6368 48.8773 3
LDG8 -42.4164 -14.0062 49.3309 3
LSY1 -46.0214 0.410406 55.4936 2
LSY2 -46.2643 -9.77386 55.1111 2
LSY3 -45.9853 -19.9993 54.772 2
LSY4 -44.5339 -29.5672 53.6758 2
LSZ1 -11.8888 -23.4285 73.9551 1
LSZ2 -18.8658 -29.057 69.8393 1
LSZ3 -25.7741 -34.9648 64.631 1
LSZ4 -31.4802 -39.7054 58.79 3
