LA1 -21.0118 23.5269 -28.2607 2
LA2 -26.3594 22.0713 -27.5492 2
LA3 -30.6417 21.35 -27.7204 3
LA4 -36.0143 20.4264 -26.9258 3
LA5 -40.81 19.1493 -27.1911 3
LA6 -45.6058 17.8722 -27.4564 3
LA7 -50.4399 16.9723 -26.6508 3
LA8 -55.2607 16.2274 -26.8331 3
LA9 -60.095 15.3274 -26.0275 2
LA10 -64.9157 14.5824 -26.2097 1
LA11 -69.7248 13.1504 -25.4872 0
LA12 -74.5456 12.4054 -25.6694 0
LB1 -24.3311 24.8261 -27.0897 2
LB2 -28.5515 22.3537 -26.5223 3
LB3 -32.7336 19.5043 -27.0259 3
LB4 -37.5043 17.6952 -27.3743 3
LB5 -41.7113 15.3778 -27.7947 3
LB6 -46.4703 12.8818 -27.2384 3
LB7 -50.7025 11.0963 -27.5758 2
LB8 -54.9096 8.7789 -27.9962 2
LB9 -59.6802 6.96981 -28.3446 2
LB10 -64.4508 5.16072 -28.693 2
LB11 -68.6328 2.31125 -29.1966 0
LB12 -72.865 0.52583 -29.534 0
LC1 -28.9413 6.41289 -25.9902 2
LC2 -33.6617 3.53975 -26.5048 2
LC3 -37.3303 1.24597 -26.9142 2
LC4 -42.0508 -1.62718 -27.4288 3
LC5 -46.2579 -3.94463 -27.8493 3
LC6 -50.465 -6.26208 -28.2697 3
LC7 -55.2239 -8.75809 -27.7134 3
LC8 -59.4561 -10.5435 -28.0508 2
LC9 -64.2017 -12.8846 -28.4823 2
LC10 -68.4221 -15.3569 -27.9149 1
LC11 -72.6293 -17.6744 -28.3354 0
LC12 -77.3999 -19.4835 -28.6838 0
LD1 -19.6655 20.9343 -35.7351 2
LD2 -25.1 21.7617 -35.6791 2
LD3 -29.971 22.0807 -35.6952 2
LD4 -34.8536 23.0867 -36.616 3
LD5 -39.7496 23.9378 -36.549 3
LD6 -44.6206 24.2568 -36.5651 3
LD7 -49.4782 24.7308 -37.569 2
LD8 -54.3742 25.5818 -37.502 2
LD9 -59.2703 26.4329 -37.435 1
LD10 -64.1278 26.9068 -38.4389 0
LD11 -69.0238 27.7579 -38.3719 0
LD12 -73.9065 28.7638 -39.2927 0
LE1 -37.359 23.8608 -21.344 2
LE2 -41.7282 25.4224 -22.1707 2
LE3 -46.0591 26.607 -24.0684 1
LE4 -50.9667 28.145 -24.9061 2
LE5 -55.8494 29.151 -25.827 2
LE6 -60.1801 30.3355 -27.7246 1
LE7 -64.5495 31.8971 -28.5513 0
LE8 -69.4186 33.0579 -30.46 0
LF1 -34.9245 14.0489 -13.7387 3
LF2 -39.6834 11.5529 -13.1823 2
LF3 -43.9039 9.0806 -12.615 2
LF4 -48.1245 6.60825 -12.0476 2
LF5 -52.345 4.13591 -11.4802 2
LF6 -56.5906 2.19559 -10.8298 3
LF7 -60.7976 -0.121849 -11.2502 3
LF8 -65.0181 -2.59419 -10.6829 2
LF9 -69.2387 -5.06653 -10.1155 1
LF10 -73.4341 -8.07091 -9.6312 0
LF11 -77.6546 -10.5432 -9.06383 0
LF12 -81.9002 -12.4836 -8.41337 0
LG1 -37.6685 2.26963 -12.586 2
LG2 -42.088 4.89535 -13.2466 2
LG3 -47.0208 6.96537 -14.0012 2
LG4 -50.8768 9.08273 -14.7339 3
LG5 -55.2845 11.0215 -14.4897 2
LG6 -59.7039 13.6472 -15.1502 3
LG7 -64.1234 16.2729 -15.8108 2
LG8 -68.4927 17.8346 -16.6375 0
LH1 -8.57547 -18.8146 8.79821 2
LH2 -13.4464 -18.4955 8.78213 3
LH3 -18.3039 -18.0216 7.77822 3
LH4 -23.1498 -18.2346 7.67906 3
LH5 -28.5458 -17.7843 6.66413 3
LH6 -33.3917 -17.9973 6.56497 3
LH7 -38.2627 -17.6783 6.5489 3
LH8 -43.1085 -17.8913 6.44974 3
LH9 -47.9544 -18.1043 6.35058 3
LH10 -53.3638 -17.8089 6.32349 2
LH11 -58.2348 -17.4898 6.30741 1
LH12 -63.0806 -17.7029 6.20826 2
LL1 -42.6264 40.5214 -10.7046 2
LL2 -47.0109 41.0863 -8.65091 2
LL3 -51.382 41.8061 -7.58504 2
LL4 -56.3298 42.8795 -5.45927 2
LL5 -60.1508 42.936 -3.47763 1
LL6 -63.4449 43.7032 -2.38973 0
LL7 -67.8293 44.2682 -0.336029 0
LL8 -71.1235 45.0353 0.75187 0
LO1 -47.5156 20.9732 -19.91 2
LO2 -52.3982 21.9792 -20.8308 2
LO3 -57.2809 22.9851 -21.7516 2
LO4 -62.1635 23.9911 -22.6725 1
LO5 -66.4826 24.4888 -23.6654 0
LO6 -71.9037 25.471 -24.5972 0
LO7 -76.7361 25.4129 -25.6842 0
LO8 -81.0552 25.9106 -26.6771 0
