LA1 -23.5451 19.0034 -8.59628 2
LA2 -28.3857 18.717 -8.70551 2
LA3 -33.4287 18.7169 -9.75125 3
LA4 -38.2693 18.4306 -9.86048 3
LA5 -43.3123 18.4305 -10.9062 3
LA6 -48.1861 18.6453 -10.855 3
LA7 -53.0268 18.359 -10.9642 2
LA8 -58.0698 18.3589 -12.01 2
LB1 -30.3597 5.17633 -4.9442 2
LB2 -33.7675 1.72344 -5.26339 2
LB3 -37.8931 -1.50677 -6.42717 3
LB4 -41.301 -4.95966 -6.74635 3
LB5 -45.2575 -7.97495 -6.81318 3
LB6 -48.901 -10.6403 -7.90844 2
LB7 -52.8242 -14.1568 -8.13571 2
LB8 -56.8139 -16.6709 -8.0421 2
LB9 -60.7704 -19.6861 -8.10893 2
LB10 -64.9293 -22.4151 -9.11227 1
LB11 -68.919 -24.9291 -9.01866 0
LB12 -73.3909 -28.0081 -8.99356 0
LC1 -31.2285 -9.82068 -5.07038 2
LC2 -35.185 -12.836 -5.13721 2
LC3 -38.9058 -16.6388 -4.42796 3
LC4 -42.3469 -19.5905 -4.58671 3
LC5 -46.3034 -22.6058 -4.65354 2
LC6 -50.2266 -26.1223 -4.8808 2
LC7 -54.183 -29.1376 -4.94763 2
LC8 -57.5909 -32.5905 -5.26682 2
LC9 -61.345 -35.8921 -4.39713 1
LC10 -64.7861 -38.8437 -4.55588 0
LC11 -68.7093 -42.3603 -4.78315 0
LC12 -71.6351 -45.2483 -5.03382 0
LD1 -34.0553 -39.5206 -8.20079 3
LD2 -36.7454 -43.1962 -7.67539 3
LD3 -39.9176 -47.4366 -7.2185 3
LD4 -42.9206 -51.4622 -5.66466 3
LD5 -45.4083 -55.4241 -4.20274 2
LD6 -47.896 -59.386 -2.74083 1
LD7 -50.5861 -63.0616 -2.21542 0
LD8 -53.7916 -66.8008 -1.59809 0
LE1 -36.4591 38.1239 13.9217 2
LE2 -37.0597 37.5038 19.2009 2
LE3 -37.8961 37.6714 23.704 3
LE4 -38.0146 37.6162 29.0518 2
LE5 -38.851 37.7837 33.5549 2
LE6 -39.4516 37.1637 38.8341 3
LE7 -40.8033 37.2676 43.4291 2
LE8 -42.155 37.3715 48.0242 2
LF1 -20.3537 42.2917 4.24083 3
LF2 -20.7412 43.5254 8.97291 3
LF3 -21.6441 44.6954 13.7969 3
LF4 -22.5137 45.3642 18.4605 3
LF5 -23.4166 46.5342 23.2845 3
LF6 -24.3194 47.7042 28.1085 3
LF7 -25.2223 48.8742 32.9325 3
LF8 -26.1252 50.0442 37.7565 2
LG1 -15.1852 58.3569 26.188 3
LG2 -19.8234 57.7842 27.0153 3
LG3 -24.4949 57.7128 28.003 3
LG4 -29.1331 57.1401 28.8303 3
LG5 -34.2867 56.5037 29.7495 3
LG6 -38.7558 56.1459 31.6737 3
LG7 -43.9426 56.0108 32.7534 2
LG8 -48.3784 55.1518 34.5172 1
RA1 16.0134 18.4058 -14.1247 2
RA2 21.3694 18.7559 -14.1074 2
RA3 26.21 19.0422 -13.9982 3
RA4 31.0838 18.8274 -14.0494 3
RA5 35.8912 19.615 -13.7797 3
RA6 40.7651 19.4002 -13.8309 2
RA7 45.8081 19.4002 -12.7852 2
RA8 50.6154 20.1879 -12.5155 2
RB1 18.531 2.5817 -10.9644 3
RB2 23.0559 -0.202996 -11.7259 2
RB3 27.0321 -2.55009 -12.235 2
RB4 31.0417 -5.39842 -12.9046 3
RB5 35.769 -8.46945 -12.7296 3
RB6 39.2632 -11.3814 -13.3072 2
RB7 43.2727 -14.2297 -13.9768 2
RB8 47.2823 -17.0781 -14.6463 2
RB9 51.2918 -19.9264 -15.3159 2
RB10 55.8167 -22.7111 -16.0774 1
RB11 59.2776 -25.1218 -16.4946 0
RB12 63.2872 -27.9702 -17.1641 0
RC1 16.1008 5.1197 -10.7311 2
RC2 17.8025 0.664384 -10.3254 3
RC3 20.0195 -3.7273 -10.0116 2
RC4 22.439 -8.4053 -8.76138 2
RC5 24.4537 -12.5107 -9.38413 2
RC6 26.6707 -16.9023 -9.07037 2
RC7 29.4364 -21.7316 -9.00897 3
RC8 31.6535 -26.1233 -8.69522 3
RC9 34.1835 -30.165 -9.40989 2
RC10 36.4006 -34.5567 -9.09613 2
RC11 39.133 -38.8848 -8.87429 2
RC12 41.3501 -43.2764 -8.56054 2
RD1 8.07742 -33.7766 -7.00777 2
RD2 10.9204 -37.4684 -8.75088 2
RD3 15.6144 -40.0381 -8.41541 2
RD4 19.2445 -42.2339 -7.73566 2
RD5 23.559 -44.1512 -6.05088 3
RD6 28.1091 -46.856 -3.59002 3
RD7 31.9416 -49.3382 -1.97376 3
RD8 35.7407 -51.3191 -0.197059 3
RE1 5.55917 -24.8463 30.4361 3
RE2 10.6354 -25.3475 31.3214 3
RE3 15.5093 -25.5623 31.2702 3
RE4 20.5856 -26.0635 32.1555 3
RE5 25.4595 -26.2784 32.1043 3
RE6 30.5358 -26.7796 32.9896 3
RE7 35.4096 -26.9944 32.9384 3
RE8 39.9706 -27.5592 33.9156 3
RF1 37.4027 28.1538 6.65667 2
RF2 38.3148 28.2259 11.8206 2
RF3 39.227 28.298 16.9844 3
RF4 40.4521 28.72 21.1199 3
RF5 41.3975 28.2909 26.1233 2
RF6 42.6226 28.713 30.2588 2
RF7 44.0168 29.3499 35.4912 2
RF8 45.4776 28.9844 40.4027 1
RG1 9.96476 60.2576 20.2661 3
RG2 14.1794 59.8441 22.4322 3
RG3 19.1892 60.3454 23.6383 3
RG4 23.8859 60.4968 25.873 3
RG5 28.3803 60.9344 27.1711 2
RG6 33.077 61.0858 29.4057 2
RG7 37.0561 61.4598 30.7957 1
RG8 41.7528 61.6112 33.0303 1
RH1 27.8268 31.5195 9.75518 3
RH2 27.2261 30.8995 15.0344 2
RH3 26.9052 31.1306 19.4456 2
RH4 26.8199 30.5742 24.6329 3
RH5 26.0168 30.2405 28.9756 3
RH6 25.3829 30.1217 34.4152 3
RH7 25.2976 29.5653 39.6025 3
RH8 25.0099 29.2952 43.8533 3
RI1 26.564 19.2352 6.27235 2
RI2 26.4454 19.18 11.6201 3
RI3 26.1244 19.4112 16.0313 3
RI4 26.0059 19.356 21.379 3
RI5 25.7182 19.0859 25.6298 3
RI6 25.5663 19.532 31.1379 3
RI7 25.9964 19.0392 36.2333 3
RI8 25.8445 19.4853 41.7414 3
RJ1 7.95597 36.6505 1.73696 2
RJ2 9.62988 38.1387 6.10136 3
RJ3 11.3371 39.1256 10.3053 2
RJ4 13.7287 40.3911 15.5143 3
RJ5 15.3694 42.3805 20.0392 3
RJ6 17.0765 43.3675 24.2431 3
RJ7 18.7504 44.8556 28.6075 3
RJ8 20.4244 46.3438 32.9719 2
