LA1 -17.4946 13.3775 13.3331 2
LA2 -22.3895 11.1928 13.9098 2
LA3 -26.8155 9.58471 13.6924 2
LA4 -31.2842 7.36511 14.265 3
LA5 -35.7829 4.80886 14.5754 3
LA6 -40.2089 3.20076 14.358 3
LA7 -44.6473 1.31771 15.1929 3
LA8 -49.4695 0.0811493 15.2418 2
LB1 -21.8789 1.69614 14.1801 2
LB2 -26.3173 -0.186909 15.0149 2
LB3 -31.1819 -2.03507 15.8539 2
LB4 -35.6203 -3.91812 16.6887 3
LB5 -40.0587 -5.80116 17.5235 3
LB6 -44.4244 -6.73607 17.8305 2
LB7 -48.8628 -8.61913 18.6654 2
LB8 -53.8002 -11.4154 20.0321 2
LC1 -29.5073 34.9922 7.90109 2
LC2 -34.0061 32.436 8.21151 2
LC3 -37.6523 29.8098 8.51365 2
LC4 -41.7975 26.2703 9.34775 2
LC5 -45.8699 23.6791 9.65403 2
LC6 -49.9424 21.0878 9.96031 2
LC7 -53.4857 19.7463 9.99683 1
LC8 -57.6007 16.5435 11.0931 0
LD1 -24.7265 12.6303 26.2889 2
LD2 -23.8328 12.4701 31.2761 2
LD3 -22.9694 11.9733 36.0011 2
LD4 -22.106 11.4765 40.7261 2
LD5 -20.786 11.2813 45.7092 3
LD6 -19.8924 11.1211 50.6965 3
LD7 -19.0289 10.6243 55.4215 3
LD8 -17.709 10.4291 60.4046 3
LD9 -16.8456 9.93236 65.1296 3
LD10 -15.9519 9.77214 70.1168 2
LD11 -15.0583 9.61192 75.1041 2
LD12 -14.1344 9.78825 80.3535 2
LE1 -0.649139 33.9084 27.6025 2
LE2 -5.4233 33.0701 29.228 3
LE3 -9.77118 32.1968 30.8494 3
LE4 -14.1191 31.3235 32.4709 3
LE5 -18.8932 30.4853 34.0964 3
LE6 -23.6372 29.9835 35.9842 2
LE7 -28.4416 28.8086 37.3475 2
LE8 -32.7894 27.9353 38.969 2
LE9 -37.1373 27.062 40.5904 2
LE10 -41.8813 26.5604 42.4781 2
LE11 -46.2291 25.6871 44.0996 2
LE12 -50.577 24.8138 45.721 1
LF1 -3.80542 65.4882 54.4117 2
LF2 -8.65229 63.7018 56.5651 2
LF3 -13.3839 63.4751 57.4007 2
LF4 -18.1759 62.5751 57.7118 2
LF5 -23.3037 62.7201 58.8137 1
LF6 -28.0352 62.4933 59.6492 1
LF7 -32.7367 62.6033 60.7469 0
LF8 -36.6459 61.97 61.312 0
LF9 -40.5552 61.3367 61.8771 0
LF10 -44.7576 62.3598 62.4428 0
LF11 -48.697 61.39 62.7457 0
LG1 -2.50425 71.3825 50.1843 2
LG2 -3.33661 66.0648 53.6176 2
LG3 -4.01119 62.9186 54.943 3
LG4 -4.80101 58.2127 57.5862 3
LG5 -5.56066 53.8433 60.4917 3
LG6 -6.27778 50.0855 62.6071 2
LG7 -7.03743 45.7162 65.5126 2
LG8 -7.78472 41.6217 67.3658 3
LG9 -8.5142 37.589 70.5334 2
LG10 -9.23131 33.8312 72.6489 3
LG11 -9.99096 29.4618 75.5543 3
LG12 -10.7204 25.429 78.722 2
LH1 -5.68105 31.0175 20.0305 2
LH2 -7.62595 32.9987 23.991 3
LH3 -9.6134 34.3682 28.7416 3
LH4 -11.5583 36.3493 32.7021 3
LH5 -13.473 38.667 36.9249 3
LH6 -15.4481 40.3116 40.6232 3
LH7 -17.7891 42.6642 44.8501 3
LH8 -19.7765 44.0338 49.6006 3
LH9 -22.1779 45.7132 53.3031 3
LH10 -24.1654 47.0828 58.0537 2
LH11 -26.5668 48.7623 61.7562 2
LH12 -28.4815 51.08 65.9789 1
LI1 -16.6637 42.4933 29.589 2
LI2 -16.3294 40.7467 34.5838 3
LI3 -16.3912 39.3717 39.8449 3
LI4 -16.4708 37.9352 43.7916 3
LI5 -16.1365 36.1885 48.7864 3
LI6 -16.1983 34.8135 54.0475 2
LI7 -16.2477 33.7135 58.2564 2
LI8 -15.8833 32.3035 63.5134 3
LJ1 -15.3726 63.3314 30.6009 2
LJ2 -14.612 61.5497 35.5915 3
LJ3 -13.3524 60.6813 40.0502 2
LJ4 -12.1354 59.2014 45.2989 3
LJ5 -11.7586 58.0664 49.5037 3
LJ6 -10.499 57.198 53.9624 3
LJ7 -10.1647 55.4514 58.9571 2
LJ8 -8.90511 54.583 63.4158 2
LJ9 -8.11435 53.138 68.6687 1
LJ10 -7.25088 52.6412 73.3937 1
LJ11 -6.91657 50.8946 78.3885 1
LJ12 -6.47939 50.4328 83.1177 0
LK1 -4.95204 52.6976 44.4481 2
LK2 -10.1278 52.4443 43.9733 3
LK3 -14.8169 52.8292 44.0189 3
LK4 -19.9926 52.5759 43.5441 2
LK5 -24.6391 53.5725 42.7996 3
LK6 -29.7545 53.9923 42.8492 3
LK7 -34.4435 54.3772 42.8948 2
LK8 -39.6193 54.1239 42.42 1
LK9 -44.2659 55.1204 41.6755 0
LK10 -49.0153 54.8321 41.1966 0
LK11 -53.7771 54.2689 41.7699 0
LK12 -57.5711 55.1954 41.0171 0
LL1 -2.01408 19.0846 56.5582 3
LL2 -6.75807 18.5828 58.4459 3
LL3 -11.0332 18.6578 59.5395 3
LL4 -15.7772 18.156 61.4273 3
LL5 -20.0772 17.681 64.6253 3
LL6 -24.3949 17.1443 66.509 3
LL7 -29.1086 16.9792 68.6589 3
LL8 -33.0001 16.4075 70.5384 2
LL9 -37.7139 16.2423 72.6884 1
LL10 -42.044 15.4306 75.6242 0
LL11 -45.8928 15.4706 76.7137 0
LL12 -50.2407 14.5973 78.3351 0
LM1 -7.21977 -22.8413 51.6681 3
LM2 -11.6335 -24.1743 50.3985 3
LM3 -16.4432 -25.1359 49.3952 3
LM4 -21.2229 -25.7607 48.6541 3
LM5 -26.0504 -26.7839 46.3364 3
LM6 -30.4339 -27.7803 45.329 3
LM7 -35.2437 -28.7418 44.3257 3
LM8 -40.0233 -29.3666 43.5846 3
LM9 -44.8207 -30.0531 41.5291 2
LM10 -49.6305 -31.0146 40.5258 2
LM11 -54.0443 -32.3477 39.2562 2
LM12 -58.854 -33.3092 38.2529 0
LN1 -32.4398 27.8674 31.3405 2
LN2 -32.3384 28.4503 36.8604 2
LN3 -32.6207 29.6799 41.5944 2
LN4 -32.5494 29.9263 46.8521 3
LN5 -32.862 30.8193 51.3239 2
LN6 -32.7606 31.4022 56.8438 3
LN7 -32.6468 32.2601 61.3115 2
LN8 -32.929 33.4898 66.0455 1
LN9 -32.8578 33.7361 71.3032 1
LN10 -34.0229 34.6991 75.7833 0
LN11 -33.9215 35.282 81.3032 0
LN12 -34.2339 36.175 85.775 0
RA1 23.6117 6.58877 16.6196 2
RA2 27.6208 3.27114 15.5329 3
RA3 31.7327 1.23821 14.1805 3
RA4 35.7719 -1.74287 13.3559 3
RA5 39.3973 -4.41391 11.4833 3
RA6 43.4791 -6.78339 9.86871 3
RA7 47.5485 -9.42791 9.30636 3
RA8 51.6302 -11.7974 7.69177 2
RA9 55.6996 -14.4419 7.12942 2
RA10 59.769 -17.0864 6.56706 1
RA11 62.9379 -20.0591 4.43635 0
RA12 67.4637 -22.4019 4.13206 0
RB1 25.7563 -3.29427 11.6157 2
RB2 28.4439 -7.11852 11.3314 2
RB3 31.5579 -10.9778 11.0429 2
RB4 34.5992 -15.7853 11.2823 3
RB5 37.2868 -19.6096 10.998 3
RB6 39.5181 -23.7355 10.4556 3
RB7 42.6321 -27.5949 10.1671 3
RB8 45.2896 -31.7558 9.62058 3
RB9 48.4035 -35.615 9.33212 2
RB10 51.5175 -39.4744 9.04366 1
RB11 55.0577 -43.3686 8.75106 0
RB12 57.7453 -47.1929 8.46674 0
RC1 25.5979 28.2061 -5.77762 1
RC2 29.6976 25.8982 -6.07778 1
RC3 34.2234 23.5554 -6.38207 1
RC4 38.7795 21.5491 -6.42416 2
RC5 43.293 18.9311 -5.67623 2
RC6 47.35 16.0117 -5.18636 1
RC7 50.9382 12.5156 -3.90233 1
RC8 54.6417 10.5792 -3.93615 0
RC9 58.7289 7.99642 -3.18409 0
RC10 62.8888 6.36174 -2.95984 0
RC11 67.0186 4.3904 -2.99779 0
RC12 70.326 2.8257 -2.76527 0
RD1 35.731 2.17947 20.1876 2
RD2 34.9196 2.15921 25.1913 2
RD3 34.1081 2.13904 30.1951 2
RD4 33.2966 2.11878 35.1989 3
RD5 32.8812 1.72688 39.9363 2
RD6 32.0697 1.70672 44.9401 3
RD7 31.2583 1.68646 49.9439 3
RD8 30.9156 2.24281 54.1535 3
RD9 30.1041 2.22255 59.1573 3
RD10 29.7189 2.1673 64.1569 2
RD11 29.3338 2.11215 69.1565 2
RD12 28.5222 2.09188 74.1603 2
RE1 13.2116 40.1672 31.9282 3
RE2 18.2968 39.4107 31.6163 3
RE3 23.4725 39.664 32.0911 3
RE4 28.1616 39.2791 32.0456 3
RE5 33.3373 39.5324 32.5203 3
RE6 38.0867 39.8207 32.9992 3
RE7 43.2323 39.7374 33.2118 2
RE8 47.909 39.0774 34.2185 2
RE9 53.0545 38.9942 34.431 0
RE10 57.804 39.2824 34.9099 0
RE11 62.9797 39.5358 35.3847 0
RE12 67.2302 38.9108 36.3955 0
RH1 17.3203 29.0664 18.4926 2
RH2 20.022 30.051 23.1977 3
RH3 22.7058 30.974 26.5883 3
RH4 25.4074 31.9587 31.2934 3
RH5 27.6952 33.2533 34.9503 3
RH6 30.7929 33.8664 39.389 2
RH7 33.4767 34.7894 42.7797 3
RH8 36.1483 35.4374 47.2225 3
RH9 38.8197 36.0855 51.6654 3
RH10 41.5337 37.345 55.3182 2
RH11 44.2052 37.9931 59.7611 1
RH12 46.4202 38.3395 63.9458 0
RL1 15.7923 16.1167 59.0167 3
RL2 20.0304 15.2169 61.0797 3
RL3 24.7551 14.9551 63.6631 3
RL4 28.6698 15.375 65.4647 3
RL5 33.3644 14.7767 67.7858 2
RL6 38.4852 14.1433 70.1028 2
RL7 42.3696 14.2266 71.6422 1
RL8 46.6379 13.6634 73.9675 1
RL9 50.9062 13.1 76.2927 0
RL10 56.0695 13.0783 77.8197 0
RL11 60.3378 12.515 80.145 0
RL12 64.709 13.2364 82.2046 0
RM1 10.4194 -26.8519 45.7157 3
RM2 15.5471 -26.9968 44.6138 3
RM3 20.6625 -27.4167 44.5642 3
RM4 25.3214 -28.1382 44.2564 3
RM5 30.4793 -27.9465 43.4168 3
RM6 35.5947 -28.3663 43.3671 3
RM7 40.2536 -29.0879 43.0594 2
RM8 44.9852 -28.8611 42.2239 2
RM9 50.1006 -29.281 42.1742 2
RM10 54.7595 -30.0025 41.8665 2
RM11 59.9174 -29.8108 41.0268 1
RM12 64.649 -29.5841 40.1913 0
