DA1 -5.12522 12.4932 -4.58408 2
DA2 -10.2118 12.7813 -4.40834 2
DA3 -15.1832 12.5969 -4.19012 2
DA4 -19.7957 12.998 -4.0447 2
DA5 -24.9223 13.187 -4.86323 3
DA6 -30.0089 13.4752 -4.6875 3
DA7 -35.0202 13.1916 -5.46354 3
DA8 -39.5174 13.1202 -5.27564 2
DH1 -14.7106 0.118901 -3.9706 2
DH2 -19.5666 -0.538071 -3.70988 2
DH3 -24.4226 -1.19504 -3.44917 3
DH4 -29.5492 -1.00604 -4.26771 3
DH5 -34.0864 -1.17664 -5.07407 3
DH6 -39.1731 -0.888483 -4.89834 3
DH7 -44.2197 -0.501181 -3.72833 3
DH8 -48.7523 0.0982201 -1.59438 2
LGRD1 -21.9424 66.83 44.9848 1
LGRD2 -25.8262 57.8144 45.0342 2
LGRD3 -26.8784 47.4733 45.1019 3
LGRD4 -28.954 37.478 46.182 2
LGRD5 -31.7344 28.3149 47.2075 2
LGRD6 -33.376 18.3334 47.2631 2
LGRD7 -35.3763 7.76642 47.3914 3
LGRD8 -37.5673 -1.75631 48.4291 3
LGRD9 -26.5959 66.8252 35.1147 1
LGRD10 -28.7868 57.3025 36.1524 2
LGRD11 -31.4519 47.6668 37.2203 3
LGRD12 -34.591 37.9182 38.3186 2
LGRD13 -36.3479 28.4092 38.3317 2
LGRD14 -37.8742 17.9552 38.4297 3
LGRD15 -39.4758 8.07283 39.4796 3
LGRD16 -41.8221 -1.07648 39.4805 2
LGRD17 -30.3186 64.2731 22.4439 1
LGRD18 -31.3662 54.702 25.452 3
LGRD19 -35.0547 45.4121 27.5324 3
LGRD20 -38.2692 36.2352 29.5824 2
LGRD21 -40.4202 26.8116 31.6144 2
LGRD22 -41.3925 16.6688 33.6706 3
LGRD23 -42.5954 7.47109 35.6419 3
LGRD24 -44.0417 -2.78467 37.7285 3
LGRD25 -31.4358 62.1106 12.6468 2
LGRD26 -31.934 52.0807 14.6728 3
LGRD27 -34.5191 42.6433 17.7293 2
LGRD28 -38.9123 34.1856 19.755 2
LGRD29 -43.1902 25.2553 21.8233 2
LGRD30 -45.3013 15.9309 24.8495 3
LGRD31 -46.8629 6.14771 26.8936 3
LGRD32 -48.5399 -3.16293 28.8952 3
LGRD33 -36.8477 42.0273 -5.24822 2
LGRD34 -38.9942 33.3737 -0.275971 2
LGRD35 -42.8688 25.8981 5.65404 3
LGRD36 -46.8987 18.7959 10.5473 2
LGRD37 -49.5945 10.6011 16.5017 2
LGRD38 -50.3587 2.18723 20.3887 2
LGRD39 -50.3782 -6.95966 25.3246 2
LGRD40 -49.9237 -15.9936 30.2302 3
LGRD41 -38.7306 37.3614 -12.7534 2
LGRD42 -42.0958 29.3279 -8.79972 2
LGRD43 -46.3291 21.2668 -2.7969 2
LGRD44 -49.885 14.2776 2.06604 2
LGRD45 -51.6726 6.20949 6.96548 3
LGRD46 -53.7038 -2.91666 11.9802 3
LGRD47 -53.3645 -11.478 16.8434 2
LGRD48 -53.9735 -20.2653 21.7671 1
LGRD49 -34.2917 34.2537 -25.6968 2
LGRD50 -40.4131 26.974 -22.7133 2
LGRD51 -45.1477 20.704 -17.8747 2
LGRD52 -49.4564 13.2146 -10.9201 2
LGRD53 -52.8969 5.75276 -6.01468 3
LGRD54 -55.7081 -1.9695 -0.102819 2
LGRD55 -57.5711 -9.46586 5.7484 2
LGRD56 -57.3072 -17.4555 11.5633 2
LGRD57 -27.8787 25.4224 -29.097 0
LGRD58 -35.3342 19.2353 -27.1746 1
LGRD59 -42.1203 12.8869 -23.2515 1
LGRD60 -49.4558 6.99728 -18.3463 2
LGRD61 -53.9787 2.91941 -17.7578 2
LGRD62 -54.9833 0.12794 -12.4103 2
LGRD63 -58.3838 -7.23471 -6.51057 2
LGRD64 -58.8841 -23.6382 3.19137 3
LSAF1 -2.05077 86.6887 21.0839 1
LSAF2 -10.6148 86.0964 26.516 1
LSAF3 -17.5388 82.8946 32.1425 0
LSAF4 -22.6321 76.0391 37.0539 0
LSAF5 -24.7786 67.3855 42.0261 1
LSAF6 -25.8262 57.8144 45.0342 2
LSAT1 -6.36282 34.752 -11.7827 1
LSAT2 -12.6148 31.5453 -19.2578 0
LSAT3 -19.3409 28.2256 -26.7025 0
LSAT4 -28.4681 25.782 -29.1092 0
LSIF1 16.4417 60.3143 -8.2081 1
LSIF2 6.72966 59.0004 -7.68668 1
LSIF3 -3.37646 57.7718 -5.1464 2
LSIF4 -12.1885 55.3514 -2.53929 1
LSIF5 -21.4347 52.9172 1.0924 2
LSIF6 -29.4221 49.9621 6.73697 2
LSMT1 -36.6012 -18.4798 -22.357 3
LSMT2 -42.9834 -11.0894 -23.8432 2
LSMT3 -49.2457 -3.40154 -22.3466 2
LSMT4 -53.9787 2.91941 -17.7578 2
LSO1 0.242474 -67.0172 11.1749 2
LSO2 -6.8896 -71.9479 14.9705 2
LSO3 -16.5088 -71.0604 17.2802 2
LSO4 -26.514 -68.8543 18.4682 2
LSO5 -35.4029 -64.7925 20.432 2
LSO6 -43.7296 -59.1862 21.2134 2
LSO7 -50.5059 -51.7105 21.7461 2
LSO8 -54.5931 -43.1836 21.0601 1
LSP1 -9.97706 -67.1597 31.7151 1
LSP2 -17.0533 -63.3075 37.65 1
LSP3 -23.886 -58.3973 43.4696 1
LSP4 -30.1965 -52.0418 47.1126 1
LSP5 -35.4308 -43.9298 50.5371 2
LSP6 -39.5534 -34.732 51.7972 1
LSPT1 -42.6262 -23.0948 -23.6662 2
LSPT2 -49.4425 -15.7182 -24.1278 1
LSPT3 -54.9602 -8.76341 -21.5822 2
LSPT4 -56.1395 -1.82691 -14.1804 2
