RA1 25.0978 30.1756 -30.5204 2
RA2 30.2408 29.3052 -30.6774 3
RA3 35.341 29.2818 -30.2616 3
RA4 39.974 28.4137 -30.4601 3
RA5 45.0743 28.3903 -30.0443 3
RA6 50.1959 27.9434 -29.9149 3
RA7 54.8075 27.4988 -29.8271 3
RA8 59.9077 27.4754 -29.4113 2
RB1 28.4724 10.7188 -28.9247 2
RB2 33.0784 8.44246 -28.8714 2
RB3 37.0832 6.03072 -27.7485 2
RB4 41.6194 3.19311 -26.8704 3
RB5 45.6455 0.357851 -26.034 3
RB6 49.7415 -1.91619 -26.0222 3
RB7 53.8375 -4.19023 -26.0105 3
RB8 58.3737 -7.02783 -25.1324 3
RC1 34.4017 -14.6686 -27.511 2
RC2 38.5191 -17.3661 -27.7856 3
RC3 42.5667 -20.6249 -27.2356 3
RC4 46.7055 -23.746 -27.7966 3
RC5 50.2431 -27.0025 -27.2881 3
RC6 53.8504 -29.6977 -27.6043 3
RC7 57.9194 -33.38 -27.3407 3
RC8 61.5268 -36.0752 -27.6569 3
RC9 65.6442 -38.7728 -27.9315 2
RC10 69.6917 -42.0316 -27.3814 0
RC11 73.8305 -45.1527 -27.9425 0
RC12 77.3681 -48.4091 -27.434 0
RD1 34.1818 -29.802 5.82341 3
RD2 39.309 -28.4171 5.9873 3
RD3 43.8778 -28.0147 6.64792 3
RD4 49.0264 -27.0533 6.52541 3
RD5 53.5738 -26.2273 7.47243 3
RD6 58.701 -24.8425 7.63632 2
RD7 63.2484 -24.0165 8.58334 2
RD8 68.3756 -22.6316 8.74723 2
RE1 31.604 12.7379 -4.24736 2
RE2 31.1479 12.0494 1.30821 3
RE3 31.2931 11.4963 5.79425 3
RE4 30.8584 10.3843 11.0634 3
RE5 30.9822 10.2547 15.8359 3
RE6 30.6173 9.70389 20.2803 3
RE7 30.6712 9.01306 25.8775 3
RE8 30.795 8.88345 30.6499 3
RE9 30.8489 8.19262 36.247 3
RE10 30.9727 8.06301 41.0195 3
RE11 30.6078 7.51222 45.4639 3
RE12 30.7101 7.80613 50.5228 2
RF1 16.6983 79.1844 -0.305644 2
RF2 17.2995 75.8124 4.7258 2
RF3 18.0617 73.1393 7.82142 3
RF4 18.244 69.9073 11.7002 3
RF5 18.915 67.0966 15.9069 3
RF6 19.0974 63.8646 19.7857 3
RF7 19.2798 60.6326 23.6644 3
RF8 19.9507 57.8218 27.8712 3
RF9 20.1331 54.5898 31.7499 3
RF10 20.2941 51.7814 35.9151 3
RF11 20.9651 48.9706 40.1218 3
RF12 21.126 46.1621 44.2869 2
RG1 45.7218 41.1446 0.515568 2
RG2 44.3155 41.022 5.16326 2
RG3 42.9092 40.8994 9.81096 2
RG4 41.5029 40.7768 14.4587 3
RG5 40.6066 40.6519 19.1479 3
RG6 39.2003 40.5293 23.7956 3
RG7 38.2342 39.8431 29.3096 3
RG8 37.3379 39.7182 33.9989 2
RG9 36.4416 39.5933 38.6882 2
RG10 35.5453 39.4683 43.3774 2
RG11 34.6276 39.7669 48.3531 1
RG12 33.7527 39.2185 52.756 0
RH1 12.64 24.321 27.493 2
RH2 17.1445 25.994 29.0129 3
RH3 21.6975 28.6518 29.9944 3
RH4 26.2021 30.3249 31.5142 3
RH5 30.7066 31.9979 33.034 3
RH6 34.7012 33.6733 34.5122 2
RH7 39.2058 35.3463 36.0321 2
RH8 43.7103 37.0194 37.5519 2
RH9 47.7049 38.6947 39.0301 1
RH10 52.2792 40.929 39.7252 0
RH11 56.7838 42.602 41.2451 0
RH12 61.2884 44.2751 42.7649 0
RI1 19.0445 41.6631 -12.3026 3
RI2 20.2153 42.9371 -7.69891 3
RI3 21.8961 44.2088 -3.05365 3
RI4 23.0669 45.4828 1.55003 3
RI5 24.2376 46.7567 6.15371 3
RI6 25.8486 47.4672 11.6237 3
RI7 27.0194 48.7411 16.2274 3
RI8 28.2116 49.5916 20.5446 3
RI9 29.4038 50.4421 24.8619 3
RI10 31.0846 51.7137 29.5072 3
RI11 32.717 52.0006 34.6908 2
RI12 34.4676 53.8335 38.5113 2
RJ1 7.21063 64.3153 8.17334 2
RJ2 12.241 63.7307 9.41385 2
RJ3 16.7614 63.1484 10.6128 3
RJ4 21.7006 62.4261 12.9644 3
RJ5 26.221 61.8438 14.1634 3
RJ6 30.7199 61.685 15.6487 3
RJ7 35.7289 61.5239 17.1756 3
RJ8 40.2493 60.9417 18.3745 2
RJ9 45.2583 60.7806 19.9015 2
RJ10 49.7359 61.0453 21.6732 1
RJ11 54.7449 60.8842 23.2001 0
RJ12 59.2652 60.302 24.3991 0
