AMY1 -23.7635 17.1822 4.47366 2
AMY2 -28.3767 17.9587 3.89657 3
AMY3 -33.6375 17.9887 2.51488 3
AMY4 -38.2507 18.7652 1.93778 3
AST1 -20.4442 25.8608 -14.9691 1
AST2 -26.6068 20.0325 -20.2819 1
AST3 -34.3583 15.0303 -20.4191 1
AST4 -42.8419 10.531 -17.4808 2
FR1 10.135 26.7994 57.8039 3
FR2 6.01383 28.6921 56.9585 2
FR3 1.76771 30.4055 55.1373 3
FR4 -2.90687 32.2804 54.3661 2
FR5 -7.61214 34.7046 53.4977 2
FR6 -11.7333 36.5974 52.6523 2
FR7 -16.1581 38.8314 53.8326 3
FR8 -20.0295 41.0831 54.9388 3
Grid1 -17.5167 88.3553 38.7486 2
Grid2 -21.8812 79.5867 41.9449 2
Grid3 -25.8173 70.6565 44.0913 3
Grid4 -27.907 60.8607 47.1854 3
Grid5 -31.6239 52.8387 51.1863 3
Grid6 -36.0191 44.6194 54.2855 3
Grid7 -39.2769 35.8864 57.3336 2
Grid8 -42.4098 27.333 61.3575 3
Grid9 -23.1292 87.6959 30.3651 3
Grid10 -26.4812 78.2343 32.5345 3
Grid11 -29.1549 68.9699 35.6056 3
Grid12 -31.8287 59.7056 38.6767 3
Grid13 -35.0865 50.9726 41.7248 3
Grid14 -38.8976 42.2219 44.847 3
Grid15 -42.1554 33.4889 47.8951 3
Grid16 -44.2758 24.2424 50.8921 3
Grid17 -36.9261 60.0116 25.9505 3
Grid18 -38.3375 50.4131 29.9462 3
Grid19 -40.917 41.8775 33.896 3
Grid20 -44.634 33.8554 37.8969 2
Grid21 -47.2135 25.3198 41.8467 3
Grid22 -49.2089 16.2527 45.8195 3
Grid23 -50.7759 7.02397 48.7424 2
Grid24 -52.218 -2.02529 52.641 3
Grid25 -38.0525 56.0198 16.5809 3
Grid26 -40.048 46.9528 20.5536 2
Grid27 -43.2115 38.9485 24.4804 3
Grid28 -47.4818 30.9087 28.5555 3
Grid29 -50.0306 21.8238 32.6024 3
Grid30 -52.0261 12.7568 36.5751 3
Grid31 -54.6056 4.22111 40.5249 3
Grid32 -57.1544 -4.86376 44.5718 3
Grid33 -35.8609 49.7585 6.17916 1
Grid34 -41.8526 42.7637 10.2823 3
Grid35 -45.998 34.9034 15.3332 3
Grid36 -49.1309 26.3499 19.3571 3
Grid37 -52.2638 17.7964 23.381 3
Grid38 -54.2899 9.27861 27.2566 1
Grid39 -56.8694 0.742968 31.2064 2
Grid40 -59.4182 -8.34191 35.2533 3
Grid41 -38.1247 46.2804 -3.13932 2
Grid42 -43.563 39.3034 0.889744 2
Grid43 -47.7084 31.443 5.94057 3
Grid44 -50.2879 22.9074 9.89036 3
Grid45 -52.8674 14.3717 13.8402 3
Grid46 -55.4163 5.28685 17.887 3
Grid47 -57.2561 -4.14997 22.9327 3
Grid48 -58.7289 -12.65 26.7343 3
Grid49 -38.3865 41.5669 -10.4372 3
Grid50 -45.0872 34.9241 -7.33286 2
Grid51 -50.0051 26.1377 -4.06242 3
Grid52 -52.4904 18.3308 0.76607 3
Grid53 -55.5926 9.22807 4.88707 3
Grid54 -56.512 0.745856 8.61452 3
Grid55 -57.2451 -8.65535 13.512 3
Grid56 -58.1645 -17.1376 17.2394 2
Grid57 -35.8201 35.844 -17.9115 1
Grid58 -43.8138 30.0845 -15.8289 2
Grid59 -49.3465 22.3788 -12.6786 3
Grid60 -51.926 13.8432 -8.72878 3
Grid61 -54.4748 4.75832 -4.68189 3
Grid62 -56.9294 -3.59785 0.243696 3
Grid63 -58.3715 -12.6471 4.14236 3
Grid64 -60.242 -21.5347 9.09093 3
HIP1 -33.4261 1.86362 4.42895 3
HIP2 -38.5313 1.52385 4.12015 3
HIP3 -43.1138 1.75112 3.64015 3
HIP4 -48.2497 1.96059 3.23426 3
LOF1 -3.69967 71.8775 -0.981339 2
LOF2 -13.222 73.3733 4.06167 1
LOF3 -22.1603 74.3377 9.12767 2
LOF4 -29.9612 74.7885 14.1425 3
LOF5 -33.2991 72.0578 22.2457 3
LOF6 -32.5463 67.9835 31.0971 3
MST1 -32.5986 -4.39394 -11.9476 2
MST2 -42.9603 0.0491113 -12.4633 2
MST3 -50.2439 3.84171 -11.2037 2
MST4 -56.319 8.00029 -5.04213 3
OCP1 -26.1714 -70.8182 53.7618 2
OCP2 -35.4592 -68.1667 52.4134 2
OCP3 -44.2857 -63.8497 50.6996 2
OCP4 -52.2224 -58.0289 47.5705 2
OCP5 -58.007 -51.0383 43.9508 2
OCP6 -61.7337 -43.6068 38.9617 2
PST1 -47.5539 -46.469 -7.41823 2
PST2 -53.8206 -38.6167 -6.01074 2
PST3 -58.3024 -30.5314 -3.84978 3
PST4 -60.563 -22.7733 2.18623 3
