LA1 -16.3924 18.1645 -11.6512 2
LA2 -21.2531 18.3937 -11.2472 2
LA3 -26.6784 18.8883 -11.8859 2
LA4 -31.1316 19.3371 -12.6055 3
LA5 -36.1141 19.4277 -13.5869 3
LA6 -41.0533 19.8994 -14.2661 3
LA7 -45.957 19.7476 -14.1643 3
LA8 -50.8532 20.6002 -14.5412 2
LB1 -19.4585 19.7915 -14.0541 2
LB2 -24.3698 18.6351 -13.4735 2
LB3 -28.7596 16.8322 -12.1523 2
LB4 -33.714 15.2948 -11.874 2
LB5 -38.1393 14.1155 -11.3338 3
LB6 -43.0937 12.578 -11.0555 3
LB7 -48.005 11.4216 -10.4749 3
LB8 -52.8808 9.64169 -9.11329 2
LB9 -57.3061 8.46237 -8.57312 2
LB10 -62.2174 7.30596 -7.99253 2
LB11 -67.0857 6.53062 -7.10969 1
LB12 -71.4678 5.73235 -6.26727 0
LC1 -23.9507 -1.87174 -14.4993 3
LC2 -28.4697 -4.81775 -14.0849 2
LC3 -32.5382 -7.16316 -14.4919 2
LC4 -36.6143 -10.5131 -14.4202 2
LC5 -40.6397 -12.4775 -14.5249 2
LC6 -45.2373 -15.181 -15.1938 2
LC7 -49.7564 -18.1271 -14.7793 3
LC8 -53.8248 -20.4724 -15.1863 2
LC9 -58.3794 -22.7949 -15.5529 2
LC10 -62.4479 -25.1404 -15.9599 1
LC11 -66.9238 -27.7054 -15.2433 0
LC12 -71.5215 -30.4089 -15.9121 0
LD1 -28.0608 25.0883 3.36997 3
LD2 -32.4074 23.6666 4.9934 2
LD3 -36.6754 22.0023 7.7001 2
LD4 -40.979 20.9615 9.62578 2
LD5 -44.7964 19.8979 11.5111 3
LD6 -49.1076 17.8526 13.9155 3
LD7 -53.4187 15.8073 16.3199 3
LD8 -57.7223 14.7666 18.2456 2
LD9 -62.0334 12.7213 20.6501 1
LD10 -65.8584 10.6531 23.0141 0
LD11 -70.6481 9.63527 24.9802 0
LD12 -74.9591 7.58994 27.3846 0
LE1 -30.5356 -8.7791 4.61335 3
LE2 -35.3962 -8.54989 5.01744 2
LE3 -40.3787 -8.45925 4.03602 3
LE4 -45.2393 -8.23003 4.44011 2
LE5 -50.143 -8.38187 4.54194 2
LE6 -55.0899 -8.91474 4.34153 2
LE7 -60.4797 -9.04366 4.48377 2
LE8 -65.3404 -8.81443 4.88786 2
LE9 -70.2872 -9.34732 4.68744 0
LE10 -75.6771 -9.47624 4.82968 0
LE11 -80.5808 -9.62807 4.93152 0
LE12 -85.4846 -9.7799 5.03335 0
LF1 1.0939 46.1712 17.595 2
LF2 -4.26036 45.4188 18.5183 3
LF3 -8.64254 44.6205 19.3607 3
LF4 -13.4677 44.2262 20.5458 3
LF5 -18.2928 43.832 21.7309 3
LF6 -22.6319 43.4147 22.8756 3
LF7 -27.9431 43.0434 24.1011 2
LF8 -32.7682 42.6491 25.2862 2
LF9 -37.5933 42.2548 26.4712 3
LF10 -41.9755 41.4565 27.3137 2
LF11 -46.8006 41.0622 28.4988 2
LF12 -52.0763 40.0674 30.5053 1
LH1 -35.0929 -4.72789 18.2982 2
LH2 -39.9257 -6.12675 19.962 3
LH3 -44.7508 -6.52104 21.1471 3
LH4 -49.0899 -6.93825 22.2918 3
LH5 -53.9225 -8.33712 23.9556 3
LH6 -58.7477 -8.7314 25.1407 3
LH7 -63.5728 -9.12569 26.3258 2
LH8 -64.4663 -9.32232 27.4899 1
LH9 -68.8485 -10.1206 28.3323 0
LH10 -73.6381 -11.1384 30.2984 0
LH11 -77.9772 -11.5556 31.4431 0
LH12 -82.2883 -13.6009 33.8475 0
LJ1 -14.5175 65.5182 1.74063 2
LJ2 -15.7981 62.4693 5.76688 2
LJ3 -17.0356 59.8016 10.0954 3
LJ4 -18.3085 57.7574 13.6429 3
LJ5 -20.0752 54.7314 17.7095 3
LJ6 -21.3126 52.0637 22.038 3
LJ7 -22.5856 50.0195 25.5855 3
LJ8 -23.7801 47.7327 30.2163 3
LJ9 -25.4605 45.469 34.8875 3
LJ10 -26.2474 43.4018 38.3945 2
LJ11 -27.4849 40.7341 42.723 2
LJ12 -28.6793 38.4474 47.3538 1
LK1 -30.3538 -33.6276 9.09494 3
LK2 -35.3362 -33.537 8.1135 2
LK3 -40.3617 -33.8274 6.82984 2
LK4 -45.3516 -34.7413 6.32716 2
LK5 -50.334 -34.6508 5.34573 2
LK6 -55.3164 -34.5601 4.36432 2
LK7 -60.2988 -34.4695 3.38288 1
LK8 -65.2025 -34.6213 3.48472 0
LL1 -31.3169 -23.5937 -19.9824 2
LL2 -35.2282 -26.424 -18.2228 3
LL3 -39.1395 -29.2544 -16.4633 2
LL4 -42.5647 -32.1076 -14.7442 3
LL5 -45.9898 -34.9609 -13.0251 2
LL6 -49.415 -37.8141 -11.306 2
LL7 -52.7616 -40.9098 -8.50361 2
LL8 -56.6728 -43.7402 -6.7441 0
LL9 -60.0549 -46.2124 -4.72274 0
LL10 -63.923 -48.6616 -2.66096 0
LL11 -67.2265 -51.3763 0.44366 0
LL12 -70.1225 -53.8714 2.42462 0
LO1 -45.5778 1.16887 6.8375 2
LO2 -49.0868 3.19987 4.77735 2
LO3 -53.0818 5.25379 2.75761 2
LO4 -53.1174 5.87731 1.97661 2
LO5 -57.1555 7.55018 -0.345387 3
LO6 -61.1507 9.6041 -2.36512 2
LO7 -62.1584 10.2735 -3.06531 2
LO8 -65.1889 11.277 -4.68712 1
LO9 -68.6624 12.6845 -5.96626 0
LO10 -70.6422 13.3997 -6.58563 0
LO11 -73.7083 15.0266 -8.98845 0
LO12 -77.2248 16.0531 -10.5698 0
RG1 31.2942 -1.96804 18.7623 2
RG2 36.6333 -3.22474 18.7965 2
RG3 41.4509 -3.83501 18.0902 2
RG4 45.7748 -5.4269 17.903 2
RG5 50.5924 -6.03719 17.1966 2
RG6 55.4023 -7.65204 16.9691 2
RG8 60.2554 -8.88583 17.0437 2
RG9 65.0298 -9.87716 16.0351 2
RG10 69.883 -11.111 16.1098 0
RG11 74.7005 -11.7212 15.4034 0
RG12 79.5536 -12.955 15.4781 0
RH1 19.6299 7.56565 -8.94726 2
RH2 24.4831 6.3319 -8.8726 2
RH3 29.3362 5.09807 -8.79795 2
RH4 33.7463 4.26825 -8.38063 2
RH5 38.5994 3.03452 -8.30596 3
RH6 43.4955 2.18173 -7.92905 3
RH7 48.3842 0.324423 -7.07339 3
RH8 53.2804 -0.528359 -6.69648 3
RH9 57.6905 -1.35817 -6.27916 3
RH10 62.5867 -2.21086 -5.90224 2
RH11 67.5183 -3.68711 -4.74432 1
RH12 72.4145 -4.53986 -4.36741 0
RI1 26.0156 7.32532 14.898 2
RI2 30.8762 7.09611 14.494 3
RI3 35.7445 7.8714 13.6111 2
RI4 40.6051 7.64219 13.207 2
RI5 45.4658 7.41297 12.8029 2
RI6 50.3341 8.18826 11.9201 2
RI7 55.2378 8.3401 11.8182 2
RI8 60.1415 8.49194 11.7164 2
RI9 64.9667 8.88628 10.5313 1
RI10 69.8704 9.03811 10.4295 0
RI11 74.7311 8.8089 10.0254 0
RI12 79.5994 9.58419 9.14256 0
RJ1 28.9221 0.536815 18.3091 3
RJ2 33.1674 -0.812688 17.0386 2
RJ3 37.8556 -2.56611 15.4255 2
RJ4 42.0579 -4.29662 13.8528 3
RJ5 46.3031 -5.64607 12.5824 2
RJ6 51.0345 -7.01847 11.2715 3
RJ7 55.6872 -8.14839 8.87741 2
RJ8 59.9326 -9.49787 7.60696 2
RJ9 64.6639 -10.8702 6.2961 2
RJ10 69.3877 -13.2472 5.464 0
RJ11 73.633 -14.5967 4.19355 0
RJ12 78.3212 -16.3501 2.58044 0
RK1 27.1528 -24.6473 29.0135 3
RK2 32.0135 -24.8765 28.6094 3
RK3 36.9097 -25.7293 28.9863 3
RK4 42.2564 -25.9814 28.5418 3
RK5 47.117 -26.2106 28.1378 3
RK6 51.9777 -26.4398 27.7337 2
RK7 56.8384 -26.669 27.3296 3
RK8 61.699 -26.8983 26.9255 2
RK9 66.5165 -27.5085 26.2191 0
RK10 71.8633 -27.7607 25.7746 0
RK11 76.6884 -27.3664 24.5895 0
RK12 81.5491 -27.5956 24.1854 0
