LA1 -24.7293 16.1765 12.9049 2
LA2 -29.5703 17.0075 12.469 2
LA3 -34.4428 18.4387 11.2338 2
LA4 -38.8037 19.285 10.7905 3
LA5 -44.1642 21.0849 9.8515 2
LA6 -49.0052 21.9159 9.41561 3
LA7 -53.8778 23.3472 8.18048 2
LA8 -58.7188 24.1781 7.7446 2
LA9 -63.5991 25.9933 6.79813 0
LA10 -68.4401 26.8243 6.36225 0
LA11 -73.3049 27.8715 4.83845 0
LA12 -79.0825 28.4556 5.50541 0
LB1 -23.5448 -8.0744 8.41023 2
LB2 -27.4726 -5.84451 7.73751 2
LB3 -31.4319 -3.01454 6.26554 2
LB4 -35.8714 -0.199837 4.80104 2
LB5 -40.3187 2.99886 3.62521 2
LB6 -43.7663 5.24401 2.94502 2
LB7 -48.2058 8.05871 1.48052 3
LB8 -52.1258 9.90454 0.519123 3
LB9 -56.0929 13.1185 -0.664176 2
LB10 -60.5402 16.3173 -1.84 2
LB11 -63.98 18.1784 -2.80887 2
LB12 -68.9075 21.3617 -3.97723 0
LC1 -45.1182 6.58904 11.5156 3
LC2 -49.896 6.21969 12.6782 3
LC3 -54.6816 6.23434 14.1294 2
LC4 -59.4672 6.249 15.5807 2
LC5 -64.2529 6.26364 17.032 2
LC6 -69.0385 6.2783 18.4832 1
LC7 -73.8319 6.67695 20.2232 0
LC8 -78.1373 6.70691 21.667 0
LD1 -48.9987 -3.82303 18.8643 3
LD2 -53.7449 -4.79255 20.8262 2
LD3 -58.0111 -5.74678 22.7805 2
LD4 -62.2456 -7.30117 25.5342 2
LD5 -66.9996 -7.88669 27.7847 2
LD6 -71.2973 -8.24073 28.9398 0
LD7 -75.5396 -9.41113 31.9821 0
LD8 -79.8372 -9.76515 33.1372 0
LE1 -27.8892 5.14932 3.4978 2
LE2 -32.6986 5.38015 3.86115 2
LE3 -37.9804 5.21165 3.94331 2
LE4 -43.2623 5.04315 4.02546 2
LE5 -47.6231 5.88948 3.58211 3
LE6 -52.9049 5.72099 3.66426 3
LE7 -57.7067 5.56779 3.73894 2
LE8 -62.9885 5.3993 3.82109 2
LE9 -67.8217 5.8463 3.09654 2
LE10 -72.6234 5.69312 3.17122 0
LE11 -77.9368 6.12481 2.45413 0
LE12 -82.7384 5.97163 2.52882 0
LF1 -46.735 -17.8505 11.9947 3
LF2 -51.5682 -17.4035 11.2702 2
LF3 -56.8816 -16.9718 10.5531 2
LF4 -61.7149 -16.5248 9.82854 2
LF5 -66.5165 -16.678 9.90323 2
LF6 -70.8619 -16.5996 8.88254 1
LF7 -76.1753 -16.1679 8.16545 0
LF8 -80.9769 -16.3212 8.24013 0
LG1 -46.6033 23.8642 13.2861 2
LG2 -50.3809 23.4771 16.8983 2
LG3 -53.1983 23.1207 20.4955 2
LG4 -56.9759 22.7337 24.1076 2
LG5 -60.2733 22.3619 27.7123 1
LG6 -63.5708 21.9902 31.317 1
LG7 -67.3407 21.219 34.6405 0
LG8 -70.6382 20.8473 38.2452 0
LH1 -43.588 -27.0713 9.95085 3
LH2 -48.3741 -27.9925 9.44819 3
LH3 -53.1209 -29.8979 9.45611 2
LH4 -57.8755 -31.4192 9.7527 2
LH5 -62.6539 -32.7244 8.96137 2
LH6 -67.4085 -34.2458 9.25796 2
LH7 -72.163 -35.7673 9.55454 0
LH8 -76.4374 -37.2733 9.84366 0
LI1 -26.8618 34.0138 5.11356 2
LI2 -28.6573 29.6801 4.43256 2
LI3 -29.9093 24.1613 5.34256 2
LI4 -31.681 19.6115 5.74947 2
LI5 -33.004 15.6771 5.34967 2
LI6 -34.7285 9.7591 5.97848 2
LI7 -36.5239 5.42543 5.29748 2
LI8 -37.8075 0.506899 5.40825 2
LI9 -39.5714 -4.42695 5.52649 2
LI10 -40.8867 -8.74528 4.83802 3
LI11 -42.6506 -13.6792 4.95626 3
LI12 -44.4066 -18.9971 4.78583 3
