LA1 -16.431 1.56057 20.5127 1
LA2 -21.3687 2.30525 20.8684 2
LA3 -25.7578 3.44879 20.2844 2
LA4 -30.7215 4.47918 19.6822 2
LA5 -36.2339 5.11069 20.0198 2
LA6 -41.1716 5.85537 20.3756 2
LA7 -46.0217 6.33576 19.6063 3
LA8 -50.3849 7.1936 19.9803 3
LB1 -30.5017 -15.5566 24.1396 2
LB2 -35.4655 -14.5262 23.5374 3
LB3 -40.3156 -14.0458 22.7682 3
LB4 -45.2792 -13.0155 22.166 2
LB5 -50.1293 -12.5351 21.3967 3
LB6 -55.0671 -11.7904 21.7524 2
LB7 -60.0307 -10.76 21.1502 1
LB8 -64.9945 -9.72964 20.548 2
LC1 -24.0937 -26.3143 20.7578 2
LC2 -28.8043 -26.6697 20.7794 2
LC3 -34.2031 -26.5882 20.9499 2
LC4 -38.8877 -27.2291 21.9294 3
LC5 -43.5983 -27.5844 21.951 3
LC6 -48.3088 -27.9398 21.9725 3
LC7 -53.568 -28.6939 22.9339 2
LC8 -58.2786 -29.0493 22.9554 2
LD1 -36.9299 -10.3189 43.6216 3
LD2 -35.7646 -10.9711 48.6149 3
LD3 -35.7744 -11.564 52.6139 3
LD4 -35.2973 -11.7793 57.7562 3
LD5 -34.8202 -11.9946 62.8984 3
LD6 -34.9177 -12.3231 68.0224 3
LD7 -35.0153 -12.6517 73.1465 3
LD8 -35.1128 -12.9802 78.2705 2
LE1 -19.5742 12.4669 70.8248 3
LE2 -24.3724 12.376 71.9715 3
LE3 -29.1706 12.2849 73.1181 3
LE4 -34.0825 12.7439 74.4319 2
LE5 -38.8807 12.6529 75.5785 3
LE6 -43.7925 13.1118 76.8922 3
LE7 -48.5907 13.0208 78.0389 2
LE8 -53.4766 13.1941 80.3106 1
LF1 -22.5502 29.1166 61.2567 2
LF2 -27.2607 28.7613 61.2782 3
LF3 -31.9713 28.406 61.2998 3
LF4 -37.37 28.4875 61.4703 3
LF5 -42.6553 28.0191 61.4737 2
LF6 -47.3398 27.378 62.4532 3
LF7 -52.0504 27.0227 62.4748 2
LF8 -56.8746 27.2174 62.6634 1
LG1 -23.9951 12.2981 41.6657 2
LG2 -27.1052 12.2395 45.9079 3
LG3 -30.1278 11.9166 49.025 3
LG4 -32.6633 11.9711 53.2855 3
LG5 -35.7735 11.9125 57.5277 3
LG6 -38.309 11.9671 61.7881 3
LG7 -41.4451 12.1941 65.0723 1
LG8 -44.5552 12.1354 69.3146 2
LH1 -14.2709 48.5367 56.3855 2
LH2 -15.8909 47.0544 60.1628 2
LH3 -17.3716 44.7364 64.731 2
LH4 -18.9657 42.9684 69.4663 2
LH5 -20.4463 40.6504 74.0344 3
LH6 -21.4918 39.2813 77.8299 2
LH7 -22.9723 36.9633 82.3981 2
LH8 -24.4788 34.9311 86.0082 2
LW1 -42.5812 -66.7438 44.6926 3
LW2 -47.4053 -66.5492 44.8812 3
LW3 -52.6905 -67.0176 44.8846 2
LW4 -57.5146 -66.8229 45.0733 1
LW5 -62.2252 -67.1782 45.0948 2
LW6 -67.6239 -67.0967 45.2653 1
LW7 -72.4482 -66.902 45.454 0
LW8 -77.2723 -66.7073 45.6427 0
LX1 -44.1288 -44.1355 47.3016 3
LX2 -48.927 -44.2265 48.4482 2
LX3 -53.7771 -43.7461 47.6789 2
LX4 -59.1758 -43.6646 47.8494 2
LX5 -64.0 -43.4699 48.0381 2
LX6 -68.8241 -43.2752 48.2268 2
LX7 -73.7878 -42.2448 47.6246 1
LX8 -78.4984 -42.6001 47.6461 0
LY1 -37.6256 -36.2217 38.0031 2
LY2 -41.8817 -38.7769 37.3562 2
LY3 -46.2515 -40.7822 36.8765 1
LY4 -51.1958 -42.9008 36.3785 1
LY5 -55.4519 -45.456 35.7317 1
LY6 -59.8217 -47.4613 35.252 2
LY7 -64.0779 -50.0165 34.6051 1
LY8 -68.4476 -52.0218 34.1254 1
LZ1 -26.2828 -48.5231 20.4569 2
LZ2 -31.1136 -51.1915 19.7918 1
LZ3 -35.3698 -53.7469 19.145 1
LZ4 -39.7135 -56.0378 19.6232 3
LZ5 -43.9696 -58.5932 18.9764 2
LZ6 -48.3134 -60.8841 19.4546 2
LZ7 -52.5436 -63.7251 19.7657 2
LZ8 -56.9134 -65.7304 19.286 2
RA1 11.7706 3.671 22.4663 2
RA2 17.0298 4.42517 21.5049 2
RA3 21.6267 5.33047 21.6505 3
RA4 26.9119 5.79894 21.6471 3
RA5 32.0575 7.10311 20.8529 3
RA6 36.6545 8.00841 20.9984 3
RA7 41.2515 8.9137 21.1439 2
RA8 45.7088 10.6547 20.4986 1
RB1 18.1589 -8.27234 27.0824 2
RB2 22.7299 -7.08134 26.27 2
RB3 27.4404 -6.72603 26.2484 3
RB4 32.0374 -5.82074 26.3939 3
RB5 37.3225 -5.35226 26.3906 3
RB6 41.9195 -4.44696 26.5361 3
RB7 47.2046 -3.9785 26.5327 3
RB8 51.8016 -3.0732 26.6783 2
RC1 21.7975 -20.7386 27.4415 2
RC2 26.5958 -20.6477 26.2948 2
RC3 31.4199 -20.8423 26.1062 3
RC4 36.3576 -21.587 25.7504 3
RC5 41.1818 -21.7818 25.5617 2
RC6 45.98 -21.6907 24.4151 2
RC7 50.9177 -22.4353 24.0593 3
RC8 55.7419 -22.6301 23.8706 2
RD1 24.8135 -8.47134 44.5888 3
RD2 25.2647 -8.40099 48.773 2
RD3 25.7418 -8.61635 53.9153 2
RD4 25.5307 -8.39487 59.2064 3
RD5 25.4332 -8.72337 64.3305 2
RD6 25.7967 -8.38874 69.6398 2
RD7 25.6732 -8.43156 73.8059 2
RD8 25.4621 -8.21008 79.097 2
RE1 -2.95228 16.9128 65.4375 3
RE2 1.64467 17.8182 65.583 3
RE3 6.7903 19.1223 64.7888 3
RE4 11.2737 20.5777 65.1014 3
RE5 16.4452 21.5961 65.2652 3
RE6 20.9286 23.0514 65.5778 2
RE7 25.9865 24.6199 65.9086 1
RE8 30.4699 26.0752 66.2213 2
RF1 0.119596 27.6036 52.8846 3
RF2 5.17756 29.1721 53.2154 3
RF3 9.74857 30.3631 52.403 3
RF4 14.1183 32.3684 52.8827 3
RF5 19.1762 33.9368 53.2135 3
RF6 23.7472 35.1278 52.4011 2
RF7 28.8052 36.6962 52.7319 3
RF8 33.2886 38.1515 53.0446 2
RG1 -1.33521 10.1923 37.2925 3
RG2 1.52802 10.1654 41.3825 2
RG3 4.85226 10.8015 45.6577 3
RG4 7.7155 10.7746 49.7476 3
RG5 10.5787 10.7475 53.8376 3
RG6 13.442 10.7206 57.9275 3
RG7 16.1915 11.2436 62.1845 3
RG8 18.4802 11.1033 66.2563 3
RH1 35.1065 -32.8749 59.9973 3
RH2 39.5898 -31.4196 60.31 2
RH3 43.9596 -29.4143 60.7897 1
RH4 48.9916 -27.5601 60.1626 2
RH5 54.1631 -26.5417 60.3263 0
RH6 58.6465 -25.0864 60.639 0
RH7 63.1039 -23.3454 59.9936 0
RH8 67.7008 -22.4401 60.1392 0
