AMY1 -12.0611 -8.81908 9.07894 2
AMY2 -16.7701 -7.48823 8.71416 2
AMY3 -21.4791 -6.15737 8.34938 2
AMY4 -26.1881 -4.82652 7.9846 3
AMY5 -30.8878 -3.97361 8.49815 3
AMY6 -35.5783 -3.59865 9.89005 3
AMY7 -39.827 -2.8553 11.4778 2
AMY8 -44.0541 -2.21256 14.149 2
AST1 -14.5423 14.7043 -8.83455 1
AST2 -24.8409 17.4845 -10.6289 1
AST3 -32.0714 16.0012 -5.66735 2
AST4 -36.7003 12.1753 2.54607 2
Grid1 -23.1399 26.9427 58.2566 3
Grid2 -23.6773 18.3234 61.5417 3
Grid3 -25.1476 7.45804 63.6143 3
Grid4 -25.2771 -1.06954 65.8065 3
Grid5 -26.3149 -11.0886 67.1966 2
Grid6 -25.6008 -20.8666 69.838 2
Grid7 -25.3254 -30.1578 71.6103 3
Grid8 -23.8078 -40.1298 71.8607 2
Grid9 -28.5064 25.8676 49.7585 2
Grid10 -29.9274 16.5115 52.6519 3
Grid11 -31.7687 6.68645 56.4331 2
Grid12 -32.7818 -2.57792 58.2336 2
Grid13 -32.5127 -13.5796 61.3523 2
Grid14 -32.6668 -22.8619 63.134 3
Grid15 -32.4007 -31.6751 64.0281 2
Grid16 -30.8615 -41.7477 65.3619 2
Grid17 -34.7227 24.3324 42.1575 2
Grid18 -37.0058 14.1389 45.7428 2
Grid19 -37.9942 5.62922 47.9537 1
Grid20 -38.5717 -4.97731 51.2963 3
Grid21 -39.1553 -14.2506 53.0875 3
Grid22 -38.8707 -24.0197 55.7382 2
Grid23 -38.1875 -33.2192 56.4176 2
Grid24 -36.6698 -43.1912 56.668 2
Grid25 -38.3959 22.4669 33.2114 2
Grid26 -39.7984 12.155 37.8615 1
Grid27 -41.238 3.75482 38.9983 3
Grid28 -42.2418 -5.98751 41.6771 3
Grid29 -44.1078 -16.5672 45.0479 3
Grid30 -44.2619 -25.8495 46.8296 2
Grid31 -43.9989 -35.518 48.3968 2
Grid32 -42.0487 -44.6436 47.9646 2
Grid33 -37.3848 18.516 24.2198 1
Grid34 -41.8123 9.22242 27.1789 1
Grid35 -44.531 0.371103 29.2221 2
Grid36 -45.949 -8.12969 31.4424 2
Grid37 -46.9405 -17.4947 34.3264 2
Grid38 -47.4933 -27.3466 38.0794 2
Grid39 -46.8255 -37.7786 39.2268 2
Grid40 -44.378 -46.3598 41.3627 2
Grid41 -36.3829 15.0429 14.3498 2
Grid42 -41.6447 6.5219 17.738 2
Grid43 -44.8053 -2.69781 19.5854 2
Grid44 -47.0822 -11.1807 21.8245 2
Grid45 -48.9327 -20.5279 24.7273 2
Grid46 -49.4948 -29.9018 27.6019 2
Grid47 -48.7807 -39.6798 30.2433 2
Grid48 -45.9161 -48.6473 32.1646 2
Grid49 -38.4552 11.079 1.96801 2
Grid50 -42.0114 2.14493 5.11352 3
Grid51 -45.1134 -6.04343 8.66005 3
Grid52 -46.9393 -14.6359 11.9732 3
Grid53 -49.6519 -24.8204 15.568 2
Grid54 -49.3303 -33.4576 18.8342 2
Grid55 -48.1621 -42.4899 21.8766 2
Grid56 -45.2667 -52.0359 25.7598 2
Grid57 -37.0146 7.11909 -7.03302 2
Grid58 -40.9756 -1.0514 -3.46774 2
Grid59 -44.0808 -10.095 0.751934 2
Grid60 -47.6462 -18.5512 3.01911 2
Grid61 -49.5059 -27.4203 5.04358 2
Grid62 -48.7241 -36.645 10.2624 2
Grid63 -47.9946 -45.1904 12.4358 2
Grid64 -44.6819 -55.1227 16.1043 2
HIP1 -16.0991 -20.1088 12.0862 2
HIP2 -20.7958 -18.4006 11.9266 2
HIP3 -25.9374 -17.9161 12.2444 3
HIP4 -30.6464 -16.5853 11.8796 3
HIP5 -35.3461 -15.7323 12.3931 3
HIP6 -40.0366 -15.3574 13.785 2
HIP7 -45.1351 -15.0741 16.2699 2
HIP8 -48.5371 -14.726 17.6336 2
LFP1 13.6733 46.7514 32.2159 1
LFP2 10.4439 55.4259 33.5545 1
LFP3 1.96503 59.0005 35.5889 1
LFP4 -7.04199 56.5217 38.8888 1
LFP5 -15.2085 51.937 43.3111 1
LFP6 -21.7064 45.8074 46.8751 1
LFP7 -25.6674 37.6369 50.4403 2
LFP8 -26.6713 27.8946 53.1192 2
LOF1 -2.18901 39.3755 21.5381 1
LOF2 -13.3866 37.1426 22.7178 1
LOF3 -21.5932 36.6583 21.4021 1
LOF4 -30.6064 35.5126 23.1506 2
LOF5 -35.2076 33.2966 31.1012 2
LOF6 -35.0751 30.5044 39.8271 2
MST1 -26.8065 -36.9082 -9.46617 2
MST2 -34.0431 -30.9707 -11.8517 2
MST3 -40.7824 -24.4887 -11.6691 1
MST4 -45.2664 -18.5544 -6.11581 2
OCC1 3.65137 -81.4722 10.3658 1
OCC2 1.91795 -88.7566 16.6669 2
OCC3 -2.78185 -93.9912 22.976 2
OCC4 -10.8374 -95.1799 29.245 2
OCC5 -18.3926 -91.925 34.5112 2
OCC6 -24.6162 -85.8545 39.0185 1
OCC7 -29.1033 -77.7317 42.3471 2
OCC8 -31.4275 -68.4211 45.161 2
PST1 -25.259 -79.1218 -16.5138 1
PST2 -31.0592 -71.7269 -13.5674 1
PST3 -37.2889 -64.3231 -10.6116 1
PST4 -43.0799 -57.4061 -6.78678 2
PST5 -46.6864 -49.4019 -2.39332 2
PST6 -48.1116 -41.1656 3.24197 2
