LAD1 6.66177 -6.59568 -20.5805 3
LAD2 10.4568 -9.63247 -19.7195 2
LAD3 15.0574 -11.353 -19.7057 2
LAD4 18.3673 -14.4396 -18.8208 2
LAST1 16.9681 -38.5708 -7.83165 3
LAST2 25.2563 -32.6435 -6.78071 3
LAST3 32.5797 -28.6011 -9.29471 1
LAST4 41.4285 -25.3621 -12.4506 2
LF1 38.483 -40.9448 -84.7809 2
LF2 42.1969 -39.4585 -76.1242 2
LF3 46.0207 -38.7832 -66.9346 2
LF4 48.4437 -38.6633 -57.4069 0
LF5 50.7969 -37.5901 -47.309 3
LF6 50.7395 -37.3141 -37.9281 1
LHD1 14.9927 -28.9095 -17.7773 2
LHD2 19.4287 -29.4135 -18.5627 3
LHD3 24.2801 -28.9145 -18.8018 2
LHD4 29.2015 -29.3686 -19.6112 2
LMST1 20.8963 -65.4342 15.8 3
LMST2 26.3009 -58.9872 9.28678 3
LMST3 30.15 -50.6415 5.08864 3
LMST4 33.5687 -42.7513 1.18087 3
LPA1 24.1899 -77.2416 -81.6001 0
LPA2 32.8469 -73.6053 -77.8475 2
LPA3 40.5733 -69.9267 -72.9442 1
LPA4 46.8293 -65.8502 -67.1325 1
LPA5 51.1146 -60.878 -59.552 1
LPA6 53.8744 -55.1024 -51.3295 2
LPST1 39.9657 -80.8816 21.4742 1
LPST2 44.8152 -73.5314 15.5551 1
LPST3 48.2094 -66.3308 9.70767 2
LPST4 50.5632 -58.277 4.47827 3
RAD1 -21.2607 -14.1344 -24.5168 2
RAD2 -25.5721 -14.989 -24.0351 2
RAD3 -29.7039 -17.6077 -23.5908 2
RAD4 -34.3907 -19.3233 -22.5524 2
RAST1 -22.7839 -3.45746 -23.1658 2
RAST2 -25.3627 -8.10432 -15.3893 2
RAST3 -32.4969 -12.6735 -10.1365 2
RAST4 -39.0856 -19.3833 -8.25388 3
RF1 -44.1431 -35.057 -93.7113 0
RF2 -50.617 -34.6187 -84.5524 0
RF3 -54.6501 -34.4785 -76.3496 0
RF4 -55.0281 -35.4689 -66.1456 0
RF5 -55.461 -36.0538 -56.2079 0
RF6 -57.2943 -37.1939 -45.9321 2
RHD1 -34.7039 -29.2258 -19.662 2
RHD2 -38.2957 -32.2002 -18.9752 2
RHD3 -42.3726 -35.2243 -18.2645 3
RHD4 -46.0192 -37.7932 -17.844 2
RMST1 -26.2549 -29.5814 -8.51898 3
RMST2 -35.8081 -31.2483 -6.40485 3
RMST3 -44.4405 -34.1948 -8.21777 3
RMST4 -51.5173 -39.0401 -12.3458 2
RPA1 -49.4244 -83.2927 -62.2325 0
RPA2 -54.7105 -77.5254 -57.7358 0
RPA3 -58.5165 -70.9187 -51.3711 0
RPA4 -59.3719 -63.8704 -44.047 1
RPA5 -59.1871 -57.6755 -37.3408 2
RPA6 -59.6671 -49.7664 -30.5734 2
RPST1 -35.6289 -68.5057 19.1816 3
RPST2 -41.4524 -62.2534 13.7886 2
RPST3 -47.1511 -57.3596 8.09181 2
RPST4 -52.3893 -53.1057 0.431489 3
