CAN1 -38.2203 -86.8296 75.832 1
CAN2 -52.9687 -72.0428 68.8094 0
CAN3 -15.1927 -51.0934 104.456 0
CAN4 -28.1499 -33.2044 94.6674 0
INS1 -17.035 -18.1548 14.1654 2
INS2 -19.8607 -27.6903 17.0187 2
INS3 -22.6779 -36.7033 19.9569 2
INS4 -24.978 -46.237 22.7473 2
NC11 -31.2799 -20.8243 28.7041 2
NC12 -29.3713 -19.8594 35.7772 2
NC13 -27.3451 -19.0557 43.8303 3
NC14 -25.9619 -18.0925 50.9662 3
NC21 -3.59167 -63.9957 53.997 2
NC22 -4.18885 -65.6885 57.8725 2
NC23 -5.71944 -67.546 62.8534 2
NC24 -6.72449 -69.4017 67.7716 2
S11 -3.08308 -59.5405 62.8328 2
S12 -4.48756 -61.0367 68.8786 2
S13 -5.49259 -62.8924 73.7968 3
S14 -6.37994 -64.9093 79.6948 2
