LA1 -16.6915 14.4168 -12.6642 2
LA2 -21.6086 13.8002 -12.1312 3
LA3 -26.4973 12.7557 -11.8317 3
LA4 -31.3379 12.1922 -12.4075 3
LA5 -36.255 11.5756 -11.8745 2
LA6 -41.172 10.959 -11.3414 3
LA7 -45.6503 9.87495 -9.89874 2
LA8 -51.0543 9.24477 -9.39992 2
LA9 -55.5129 9.06958 -8.59909 2
LA10 -60.5064 8.39984 -6.9571 2
LB1 -24.348 1.19075 -16.9256 2
LB2 -28.2545 -1.16335 -16.1493 2
LB3 -32.6477 -3.531 -15.4072 2
LB4 -36.5258 -6.31301 -14.8644 3
LB5 -40.8907 -9.10856 -14.3559 3
LB6 -45.2841 -11.4762 -13.6138 3
LB7 -49.1621 -14.2582 -13.0711 2
LB8 -53.5554 -16.6259 -12.329 3
LB9 -57.4619 -18.98 -11.5527 3
LB10 -61.8268 -21.7755 -11.0441 1
LC1 -22.6689 -12.9386 -14.3157 3
LC2 -26.9772 -16.5899 -14.2742 2
LC3 -30.7788 -19.3187 -14.8404 2
LC4 -34.552 -22.4755 -15.6401 3
LC5 -37.9149 -25.6718 -15.2966 3
LC6 -42.175 -28.8421 -16.1306 3
LC7 -45.4897 -31.5573 -16.6625 2
LC8 -49.3111 -35.1951 -16.5868 2
LC9 -53.6478 -38.4185 -16.3118 0
LC10 -57.4493 -41.1474 -16.878 0
LD1 -23.1839 -24.6081 -9.33253 2
LD2 -27.2717 -26.6406 -6.10481 3
LD3 -31.3396 -27.7642 -3.51895 3
LD4 -34.9206 -28.8743 -0.898854 3
LD5 -38.9885 -29.9979 1.68701 2
LD6 -42.6177 -31.5889 5.18251 2
LD7 -46.1987 -32.699 7.8026 3
LD8 -49.8279 -34.29 11.2981 1
LD9 -53.409 -35.4 13.9182 1
LD10 -57.5251 -37.0046 17.3795 0
LE1 -1.74192 -34.8181 17.08 2
LE2 -6.6306 -35.8626 17.3795 2
LE3 -11.5193 -36.9071 17.679 3
LE4 -16.4081 -37.9516 17.9785 3
LE5 -20.8581 -39.4636 19.1877 3
LE6 -25.7468 -40.5081 19.4872 3
LE7 -30.6553 -42.4614 20.4286 1
LE8 -35.0572 -43.4924 20.7623 1
LE9 -39.994 -45.0178 21.9372 2
LE10 -44.8827 -46.0623 22.2367 1
LE11 -50.3065 -47.6013 23.3774 0
LE12 -55.7587 -48.7125 24.7517 0
LF1 -26.8148 -1.66346 5.35953 3
LF2 -27.1972 -1.92909 10.9042 3
LF3 -27.0164 -2.12801 15.3742 3
LF4 -27.3988 -2.39362 20.9189 3
LF5 -27.7331 -2.17824 25.5882 3
LF6 -27.5805 -1.9493 30.2917 3
LF7 -27.963 -2.21492 35.8364 2
LF8 -27.8104 -1.98597 40.54 2
LF9 -28.1447 -1.77059 45.2092 2
LF10 -28.5556 -1.60834 50.9875 3
LG1 -29.91 33.6142 0.583777 2
LG2 -28.812 34.298 5.58931 1
LG3 -28.1725 34.5405 10.3271 2
LG4 -27.5614 35.211 15.2984 3
LG5 -26.435 35.467 20.0704 3
LG6 -25.337 36.1509 25.0759 3
LG7 -25.2128 36.8078 30.013 3
LG8 -24.5733 37.0503 34.7507 3
LG9 -23.9622 37.7206 39.722 2
LG10 -23.3029 38.872 43.818 1
LG11 -22.7399 39.0614 49.6647 1
LG12 -22.1004 39.3039 54.4024 0
LH1 -2.40758 45.6481 15.5628 3
LH2 -6.85753 44.1361 16.7719 3
LH3 -11.3359 43.0521 18.2146 3
LH4 -15.8143 41.968 19.6573 3
LH5 -20.7794 40.8705 21.0658 3
LH6 -25.2577 39.7864 22.5085 3
LH7 -29.7644 39.1302 24.1847 3
LH8 -34.2909 37.5652 26.5028 3
LH9 -38.3107 36.9226 28.2133 2
LH10 -42.8173 36.2664 29.8895 1
LH11 -47.3438 34.7013 32.2076 1
LH12 -51.8221 33.6173 33.6503 0
LI1 -14.3185 48.3775 -4.15473 3
LI2 -16.5437 47.6829 -0.0894504 3
LI3 -19.3038 46.4938 4.81699 3
LI4 -21.9877 45.3576 8.61449 3
LI5 -24.2128 44.6631 12.6798 3
LI6 -26.438 43.9684 16.745 3
LI7 -29.1983 42.7792 21.6515 3
LI8 -31.4234 42.0847 25.7168 3
LJ1 -38.5198 33.1081 -23.0146 3
LJ2 -40.4701 29.4715 -21.693 3
LJ3 -42.412 24.4982 -19.9631 2
LJ4 -44.3623 20.8616 -18.6415 3
LJ5 -46.3325 16.3161 -16.6781 3
LJ6 -48.2544 12.2517 -15.5901 3
LJ7 -50.2246 7.70621 -13.6267 3
LJ8 -52.1749 4.06961 -12.3051 2
LK1 -7.6144 42.3909 35.1911 3
LK2 -12.1494 42.1626 37.1008 2
LK3 -17.1033 43.3106 37.4591 2
LK4 -21.6185 43.9912 38.727 2
LK5 -26.5922 44.2302 39.7271 1
LK6 -31.5943 44.8973 40.9608 0
LK7 -36.1095 45.5779 42.2287 0
LK8 -40.5481 46.3115 42.3877 0
LM1 -1.92986 59.2049 17.3263 3
LM2 -4.67027 58.9246 21.5909 3
LM3 -7.41072 58.6443 25.8555 2
LM4 -10.1794 58.7919 30.3536 1
LM5 -12.9198 58.5115 34.6182 1
LM6 -15.6603 58.2312 38.8827 0
LM7 -17.8657 58.4455 42.3062 0
LM8 -20.6061 58.1652 46.5707 0
RA1 24.0465 16.5412 -21.8218 2
RA2 28.9919 16.7299 -22.5884 1
RA3 33.8892 16.4377 -22.4796 3
RA4 38.8629 16.1985 -23.4797 3
RA5 43.8083 16.3873 -24.2463 3
RA6 48.7056 16.095 -24.1375 3
RA7 54.1096 16.7252 -24.6363 2
RA8 59.0067 16.433 -24.5275 1
RA9 63.9521 16.6217 -25.2941 0
RA10 68.8211 16.7573 -24.9518 0
RB1 25.7454 3.3207 -19.8537 2
RB2 30.1927 1.25027 -19.6044 2
RB3 34.6683 -1.24807 -19.5886 2
RB4 39.192 -3.26535 -20.4482 3
RB5 43.6391 -5.33578 -20.1988 3
RB6 48.1629 -7.35306 -21.0584 3
RB7 52.6101 -9.42349 -20.809 3
RB8 57.0857 -11.9218 -20.7932 2
RB9 61.581 -13.5112 -21.4193 2
RB10 65.9998 -15.1538 -20.9364 2
RC1 37.6011 -11.0049 -15.6495 2
RC2 41.1596 -14.386 -16.1693 3
RC3 44.2594 -18.2086 -16.9568 3
RC4 47.8179 -21.5898 -17.4765 3
RC5 51.3763 -24.9709 -17.9962 2
RC6 54.9065 -27.9243 -18.2824 3
RC7 58.9036 -31.7729 -17.8925 2
RC8 62.4621 -35.154 -18.4122 1
RC9 66.0205 -38.5352 -18.932 0
RC10 69.5507 -41.4885 -19.2182 0
RE1 15.6817 -34.0779 12.7335 2
RE2 20.5704 -33.0334 12.434 3
RE3 25.4592 -31.9889 12.1345 3
RE4 30.328 -31.8533 12.4768 3
RE5 35.1686 -31.2897 13.0527 3
RE6 40.5244 -31.1406 13.4293 3
RE7 45.365 -30.5771 14.0052 3
RE8 50.2339 -30.4415 14.3475 3
RE9 55.1028 -30.3059 14.6898 2
RE10 59.9718 -30.1703 15.0322 2
RE11 64.8605 -29.1258 14.7327 2
RE12 69.6812 -29.4711 15.9504 1
RF1 39.5386 2.83804 0.0594942 2
RF2 39.1846 2.14454 5.37065 2
RF3 39.3655 1.94561 9.84064 3
RF4 39.0113 1.25213 15.1518 3
RF5 38.7053 1.03963 19.5876 3
RF6 38.3229 0.774023 25.1322 3
RF7 37.9688 0.0805393 30.4434 3
RF8 37.6629 -0.131955 34.8792 2
RF9 37.3285 0.083422 39.5485 1
RF10 36.9744 -0.610061 44.8596 2
RF11 37.127 -0.381119 49.5631 2
RF12 36.2576 -0.660304 55.0736 1
RG1 41.9894 24.5226 -1.59896 2
RG2 41.1965 24.2966 2.80257 3
RG3 39.8402 24.0039 8.2788 3
RG4 39.0474 23.7778 12.6803 3
RG5 38.178 23.4987 18.1908 3
RG6 36.8983 23.259 22.5581 2
RG7 36.5441 22.5655 27.8692 3
RG8 35.7229 22.7673 32.5043 3
RG9 34.8536 22.4882 38.0147 3
RG10 34.5476 22.2757 42.4505 2
RG11 33.1914 21.983 47.9267 1
RG12 32.3702 22.1847 52.5618 1
RI1 18.6522 42.6922 -11.1766 3
RI2 21.3242 41.7054 -7.0025 2
RI3 23.5378 40.2771 -3.09619 3
RI4 26.2098 39.2902 1.0779 3
RI5 28.8818 38.3034 5.25198 3
RI6 31.067 37.303 9.39184 3
RI7 33.7674 35.8882 13.3324 3
RI8 36.4395 34.9013 17.5065 3
RJ1 47.726 -39.0638 18.6106 2
RJ2 48.0005 -41.8831 22.7883 2
RJ3 48.2748 -44.7025 26.966 3
RJ4 48.9881 -47.9892 32.0533 2
RJ5 49.3588 -49.8464 34.4802 1
RJ6 49.2427 -51.7173 36.8729 0
RJ7 49.4407 -54.5897 42.1595 0
RJ8 49.82 -57.7838 44.9947 0
