LA1 -10.7749 8.72072 5.50588 2
LA2 -15.3695 7.21837 5.82078 2
LA3 -19.9047 5.999 5.17841 2
LA4 -24.8945 4.98219 3.52302 2
LA5 -29.4296 3.76282 2.88065 3
LA6 -33.9053 2.82644 1.28099 3
LA7 -38.4736 2.38561 -0.177928 3
LA8 -43.649 2.35992 -1.55186 2
LA9 -48.2174 1.91909 -3.01079 2
LA10 -53.4522 1.61042 -3.42744 2
LA11 -58.0801 0.886608 -3.92909 0
LA12 -63.1627 0.365358 -5.44375 0
LB1 -13.8945 1.56466 5.28579 2
LB2 -18.3368 -0.150263 4.50269 2
LB3 -23.3862 -1.45006 3.80458 2
LB4 -27.9808 -2.95241 4.11948 2
LB5 -32.516 -4.17178 3.47711 3
LB6 -37.6248 -5.75455 3.73627 3
LB7 -42.2527 -6.47836 3.23463 3
LB8 -47.3948 -7.28259 2.67724 3
LB9 -51.9632 -7.72342 1.21832 3
LB10 -56.5316 -8.16425 -0.240603 2
LB11 -61.5809 -9.46404 -0.938716 0
LB12 -66.2683 -10.4708 -0.483085 0
LC1 -38.0616 -2.7498 18.1776 2
LC2 -42.756 -1.91653 16.0428 3
LC3 -47.3577 -1.57881 13.7673 3
LC4 -51.5046 -1.44366 12.5049 2
LC5 -56.7132 -0.690808 10.3144 2
LC6 -61.0457 0.435465 9.33339 0
LC7 -66.3138 0.905332 8.10018 0
LC8 -70.7057 1.74862 8.07646 0
LD1 -30.2932 -15.7294 24.2252 3
LD2 -34.6589 -13.8246 22.4276 3
LD3 -38.4509 -11.5564 19.7285 3
LD4 -42.3951 -9.07559 18.1274 3
LD5 -46.6086 -7.38335 15.2319 3
LD6 -50.4006 -5.11513 12.5328 2
LD7 -54.1593 -3.62545 10.6503 2
LD8 -58.3728 -1.93321 7.7547 0
LE1 -26.8148 -30.6365 28.3917 3
LE2 -31.1049 -32.564 26.5106 3
LE3 -35.6401 -33.7834 25.8682 3
LE4 -40.0229 -35.2154 24.1278 3
LE5 -44.4058 -36.6473 22.3874 3
LE6 -49.4551 -37.9471 21.6893 2
LE7 -53.838 -39.379 19.949 0
LE8 -58.3731 -40.5984 19.3066 0
LF1 -16.7249 -2.43581 17.5074 2
LF2 -17.3007 -2.36405 22.716 3
LF3 -16.7553 -2.62701 27.8953 3
LF4 -16.7242 -2.97038 33.0189 3
LF5 -16.7263 -2.53522 37.3259 3
LF6 -16.1809 -2.79817 42.5053 3
LF7 -15.6355 -3.06112 47.6846 3
LF8 -15.0306 -3.04109 51.9066 3
LF9 -14.578 -2.80849 57.2267 3
LF10 -14.0659 -2.2929 61.5894 3
LF11 -13.6133 -2.06029 66.9095 2
LF12 -13.1012 -1.5447 71.2722 2
RA1 17.1559 10.1406 1.39407 2
RA2 21.9361 10.6518 0.797711 2
RA3 26.7495 10.3845 1.0179 2
RA4 31.6224 10.4002 0.280816 2
RA5 36.4025 10.9114 -0.315543 3
RA6 41.7897 11.0075 -0.99689 2
RA7 46.6626 11.0232 -1.73398 3
RA8 51.5355 11.0389 -2.47106 2
RA9 56.3157 11.5501 -3.06742 1
RA10 61.6433 11.3632 -2.79149 0
RA11 66.4234 11.8745 -3.38785 0
RA12 71.2964 11.8902 -4.12494 0
RB1 20.2331 5.01116 0.069019 2
RB2 25.232 3.75273 0.00775451 2
RB3 30.1382 2.98987 0.0872177 2
RB4 34.5302 2.14658 0.110943 2
RB5 39.9506 1.46413 0.246144 2
RB6 44.3425 0.620846 0.269869 2
RB7 49.2487 -0.142021 0.349332 3
RB8 54.1549 -0.904886 0.428795 2
RB9 59.061 -1.66775 0.508258 2
RB10 63.9672 -2.43062 0.587722 2
RB11 68.9066 -3.97203 1.48373 0
RB12 73.72 -4.23933 1.70393 0
RC1 45.5684 11.8849 12.0329 3
RC2 48.6113 15.4212 13.2674 3
RC3 51.7137 19.2405 13.5447 2
RC4 54.8161 23.0598 13.822 2
RC5 57.8258 27.3747 14.24 0
RC6 60.7759 31.4065 15.6152 0
RC7 63.8783 35.2258 15.8925 0
RC8 66.3143 39.1773 17.212 0
RD1 36.2398 -17.3787 17.4271 3
RD2 38.8875 -13.3569 16.6914 3
RD3 41.1733 -9.628 14.8019 3
RD4 44.3947 -5.24273 13.1646 2
RD5 47.0424 -1.22087 12.4288 2
RD6 49.8424 2.58841 10.5951 2
RD7 52.4901 6.61027 9.8593 2
RD8 55.1378 10.6321 9.12354 3
RE1 46.5278 -24.6272 26.3702 3
RE2 51.4603 -24.3286 24.6758 2
RE3 55.7857 -23.6148 23.0665 2
RE4 60.1707 -22.618 20.4998 2
RE5 65.1031 -22.3193 18.8054 1
RE6 69.9428 -21.5251 17.2518 0
RE7 74.2682 -20.8113 15.6424 0
RE8 79.1079 -20.0171 14.0888 0
RF1 33.0145 2.43226 13.6814 3
RF2 32.0768 2.21102 17.7362 2
RF3 30.9867 2.20236 22.889 3
RF4 29.8967 2.19369 28.0418 3
RF5 28.959 1.97245 32.0967 3
RF6 27.3547 1.88337 37.1938 3
RF7 26.3242 2.15769 41.3893 3
RF8 25.2342 2.14902 46.5421 3
RF9 23.7227 1.56437 51.4985 3
RF10 23.2064 1.91912 55.7498 3
RF11 22.1164 1.91045 60.9026 2
RF12 21.0264 1.90179 66.0555 2
RG1 33.9344 -15.488 -8.27299 2
RG2 36.6143 -19.6967 -7.26131 2
RG3 40.2299 -23.249 -5.99742 3
RG4 43.3312 -26.8818 -4.78926 2
RG5 46.2803 -30.302 -2.4831 2
RG6 49.2889 -33.4392 -1.13422 3
RG7 52.7522 -36.779 1.22767 2
RG8 55.6085 -39.7036 3.67456 2
RG9 59.0718 -43.0433 6.03645 0
RG10 62.5947 -46.1001 7.44107 0
RG11 65.451 -49.0248 9.88796 0
RG12 68.4001 -52.4449 12.1941 0
RH1 42.7467 -48.3953 31.6445 3
RH2 47.5601 -48.6626 31.8647 3
RH3 52.3402 -48.1514 31.2684 2
RH4 57.2132 -48.1357 30.5313 0
RH5 62.448 -47.827 30.9479 0
RH6 67.2282 -47.3158 30.3516 0
RH7 72.5225 -46.7241 29.811 0
RH8 77.2432 -46.4959 30.1719 0
RI1 47.0382 14.9887 23.4881 2
RI2 51.8184 15.5 22.8918 2
RI3 56.6318 15.2327 23.112 1
RI4 61.5047 15.2483 22.3749 0
RI5 66.7396 15.557 22.7915 0
RI6 71.6125 15.5727 22.0544 0
RI7 76.9401 15.3858 22.3304 0
RI8 81.813 15.4015 21.5933 0
RJ1 19.4368 30.6137 -4.9476 1
RJ2 21.181 25.7485 -4.18811 2
RJ3 23.499 21.2468 -4.33017 2
RJ4 25.21 17.1602 -4.38724 2
RJ5 27.4684 12.3754 -3.57202 3
RJ6 29.2127 7.51029 -2.81254 3
RJ7 31.4379 3.5041 -2.81386 3
RJ8 33.1822 -1.36104 -2.05438 2
RJ9 35.5001 -5.86278 -2.19644 2
RJ10 37.6658 -10.1519 -1.24049 2
RJ11 39.9243 -14.9367 -0.42527 3
RJ12 41.728 -19.5188 -0.623065 2
