LAIF1 -31.5733 56.9779 28.5434 3
LAIF2 -35.3074 58.2146 32.0931 2
LAIF3 -38.5549 59.4123 35.631 2
LAIF4 -42.3282 60.4951 38.0792 1
LAMY1 -22.8915 38.9698 -18.294 1
LAMY2 -27.313 38.5494 -17.3863 1
LAMY3 -32.221 38.1679 -16.4666 2
LAMY4 -37.1291 37.7864 -15.5469 2
LASF1 -9.08992 52.2481 41.7632 3
LASF2 -10.8384 53.4828 46.3669 3
LASF3 -12.1004 54.6784 50.9586 2
LASF4 -14.2947 56.4148 55.7245 2
LHIP1 -35.3986 27.8713 -12.4551 3
LHIP2 -39.4558 26.0235 -12.0102 3
LHIP3 -43.5538 23.7129 -11.7156 3
LHIP4 -48.1384 21.4414 -11.4092 3
LINS1 -33.6794 25.7438 4.73048 2
LINS2 -35.0244 25.705 9.9727 2
LINS3 -36.4087 25.5123 14.1135 3
LINS4 -37.7537 25.4736 19.3557 3
LIP1 -25.8163 -20.4799 37.0474 3
LIP2 -30.0761 -19.3581 39.5076 3
LIP3 -33.8087 -17.8126 42.1062 2
LIP4 -37.0154 -16.1521 45.7944 1
LPMF1 -31.7369 22.0694 36.1337 3
LPMF2 -35.0251 22.8043 39.5212 3
LPMF3 -38.3134 23.5393 42.9088 3
LPMF4 -41.5624 24.4282 47.3978 2
LPSF1 -14.6331 25.06 44.4919 3
LPSF2 -15.0866 24.0177 49.4097 3
LPSF3 -15.5808 22.5126 54.1772 1
LPSF4 -16.0342 21.4703 59.095 1
LSP1 -28.2494 -15.3102 40.8248 2
LSP2 -31.7416 -16.8891 43.4607 2
LSP3 -34.6671 -17.8903 47.3365 1
LSP4 -34.5509 -17.7373 51.592 1
RAIF1 32.4902 44.6936 23.6062 3
RAIF2 36.9494 44.9592 24.751 3
RAIF3 41.8937 44.877 26.835 3
RAIF4 46.3529 45.1426 27.9798 2
RAMY1 11.012 30.6484 -27.2498 1
RAMY2 15.9986 31.3378 -25.9666 2
RAMY3 20.9459 31.8732 -25.7848 2
RAMY4 25.934 32.8714 -25.4527 3
RASF1 11.4324 52.4616 38.7113 3
RASF2 12.6441 53.9249 43.3939 3
RASF3 13.8558 55.3882 48.0766 3
RASF4 15.5118 56.041 53.5481 2
RHIP1 19.5424 17.7166 -16.7155 2
RHIP2 23.148 13.8562 -16.9117 2
RHIP3 26.7552 10.3047 -18.0591 3
RHIP4 29.915 6.94618 -18.0931 3
RINS1 17.9764 16.9416 1.95541 2
RINS2 18.9842 16.0911 5.88644 3
RINS3 19.9905 14.9317 10.7686 3
RINS4 21.4833 13.7334 15.6388 3
RIP1 23.9127 -20.1367 25.6733 3
RIP2 26.9076 -20.6805 29.7071 2
RIP3 29.9448 -20.4528 32.9401 1
RIP4 33.4671 -20.5728 37.1124 1
RSP1 3.02163 -19.8493 32.0415 3
RSP2 4.63683 -19.6593 37.3627 3
RSP3 6.69935 -19.6624 41.5706 2
RSP4 8.27378 -19.9352 46.7415 3
