LA1 -16.2756 -31.4347 15.868 2
LA2 -21.2252 -32.8433 16.5622 2
LA3 -26.1747 -34.2519 17.2563 2
LA4 -30.7053 -35.7742 16.7721 2
LA5 -35.7 -36.7607 16.5608 2
LA6 -40.1856 -38.7053 16.9819 3
LA7 -44.7162 -40.2276 16.4977 3
LA8 -49.779 -41.6982 16.0641 3
LB1 -19.0225 -42.2893 20.8837 2
LB2 -23.4398 -43.7497 21.5272 2
LB3 -28.4576 -45.6425 21.999 2
LB4 -32.8749 -47.1029 22.6425 3
LB5 -37.4055 -48.6252 22.1582 3
LB6 -41.8228 -50.0856 22.8017 3
LB7 -46.954 -52.0403 22.1458 3
LB8 -51.3714 -53.5007 22.7893 3
LC1 -33.9422 -53.465 40.7145 3
LC2 -38.6639 -52.5149 41.3926 3
LC3 -43.3403 -51.987 42.9762 2
LC4 -48.0619 -51.0369 43.6544 2
LC5 -52.7834 -50.0869 44.3326 1
LC6 -57.5501 -48.7145 44.1054 1
LC7 -61.8077 -48.3004 44.5106 0
LC8 -67.662 -47.7309 45.0677 0
LD1 -25.9482 -17.2228 30.7084 3
LD2 -27.0232 -16.3357 35.5937 2
LD3 -28.0981 -15.4484 40.479 2
LD4 -28.6409 -14.613 45.3136 3
LD5 -29.1154 -13.2934 50.3706 3
LD6 -30.2355 -11.984 54.3504 3
LD7 -31.3104 -11.0968 59.2357 3
LD8 -31.9214 -10.7454 63.848 2
LD9 -32.9281 -9.37412 68.9556 2
LD10 -34.0031 -8.48691 73.8409 1
LD11 -35.078 -7.59969 78.7261 0
LD12 -35.6891 -7.24839 83.3384 0
LE1 -32.2877 -33.4514 43.3377 2
LE2 -32.0622 -35.5622 47.8646 2
LE3 -31.7685 -37.1891 52.6139 3
LE4 -32.0753 -39.2483 57.1914 3
LE5 -31.7816 -40.8752 61.9407 2
LE6 -31.5561 -42.9861 66.4676 3
LE7 -31.7947 -44.5611 71.2676 3
LE8 -32.0331 -46.1362 76.0675 3
LE9 -31.7394 -47.763 80.8168 2
LE10 -30.9135 -49.4416 85.5154 2
LE11 -30.6649 -50.6462 89.3593 1
LE12 -30.4395 -52.7572 93.8862 1
LG1 -4.4785 -22.5009 68.0446 3
LG2 -9.5182 -23.0651 66.9279 3
LG3 -14.4445 -23.5675 66.9391 3
LG4 -19.4842 -24.1318 65.8224 2
LG5 -24.4106 -24.6341 65.8335 2
LG6 -29.382 -24.7141 64.9393 2
LG7 -34.3084 -25.2164 64.9504 3
LG8 -39.2798 -25.2966 64.0561 2
LG9 -44.2062 -25.7989 64.0672 2
LG10 -49.1325 -26.3012 64.0783 1
LG11 -54.1722 -26.8655 62.9617 0
LG12 -59.6307 -27.316 63.0235 0
LH1 -35.8959 -46.9808 64.821 3
LH2 -40.6626 -45.6086 64.5938 3
LH3 -45.361 -43.7522 64.5889 2
LH4 -50.1277 -42.3798 64.3617 1
LH5 -54.9625 -41.4918 63.9122 0
LH6 -59.7524 -41.0257 64.368 0
LH7 -64.519 -39.6535 64.1408 0
LH8 -69.3089 -39.1876 64.5966 0
LI1 -8.9837 -73.3549 55.6001 2
LI2 -13.3547 -73.0026 54.8776 3
LI3 -18.281 -73.5049 54.8887 3
LI4 -23.2525 -73.5851 53.9944 3
LI5 -28.1788 -74.0874 54.0055 3
LI6 -33.1502 -74.1675 53.1113 3
LI7 -38.0766 -74.6698 53.1224 2
LI8 -43.003 -75.1721 53.1335 2
LJ1 -1.58997 -22.3971 81.2032 3
LJ2 -6.49316 -21.9931 80.5313 2
LJ3 -11.3964 -21.589 79.8594 3
LJ4 -16.2544 -21.6072 80.0928 2
LJ5 -21.0894 -20.7191 79.6433 1
LJ6 -25.9925 -20.3151 78.9714 1
LJ7 -30.8957 -19.9111 78.2994 1
LJ8 -36.3994 -19.9393 77.4558 1
LJ9 -40.657 -19.5252 77.861 1
LJ10 -46.0924 -19.0694 77.2397 0
LJ11 -50.9956 -18.6654 76.5678 0
LJ12 -55.8987 -18.2614 75.8959 0
LK1 -7.85169 -58.0651 80.3456 2
LK2 -9.01808 -58.5684 85.6916 2
LK3 -10.2295 -58.6494 90.1321 2
LK4 -10.8638 -59.2045 95.4274 1
LK5 -12.7439 -60.202 99.4739 0
LK6 -14.534 -62.0439 105.331 0
LK7 -15.3948 -62.7228 108.371 0
LK8 -16.7428 -63.7721 112.367 0
LK9 -17.5586 -64.8732 116.312 0
LK10 -18.9517 -65.5004 119.402 0
LK11 -20.2546 -66.9718 124.304 0
LK12 -20.6283 -67.2803 126.387 0
LL1 -19.5446 -48.7705 67.5901 3
LL2 -19.6235 -48.4709 72.1518 3
LL3 -20.1894 -48.5418 77.6694 3
LL4 -20.2682 -48.2422 82.231 3
LL5 -20.302 -48.3649 87.698 2
LL6 -20.9129 -48.0136 92.3103 1
LL7 -21.0601 -48.1982 96.6496 1
LL8 -21.6942 -48.7532 101.945 0
LM1 -11.2787 -69.2914 78.5949 2
LM2 -12.2541 -72.2671 82.7784 3
LM3 -13.1613 -74.7586 87.1842 3
LM4 -14.0685 -77.2502 91.5901 2
LM5 -15.5762 -80.1741 95.8242 1
LM6 -16.5737 -81.8212 98.4193 0
LM7 -17.5491 -84.7969 102.603 0
LM8 -18.5464 -86.4441 105.198 0
LM9 -19.5671 -88.9975 108.476 0
LM10 -20.5193 -91.0669 111.977 0
LM11 -21.4717 -93.1363 115.477 0
LM12 -21.4717 -93.1363 115.477 0
LN1 -21.464 -57.0728 61.6052 3
LN2 -21.9754 -60.5844 65.5157 3
LN3 -22.4187 -63.6118 69.6486 3
LN4 -23.4625 -67.0717 73.6097 3
LN5 -23.9508 -69.6769 76.8372 3
LN6 -24.9945 -73.1367 80.7983 3
LN7 -25.97 -76.1124 84.9818 1
LN8 -26.5266 -79.2018 87.987 0
LO1 -6.66294 -92.7008 54.1949 2
LO2 -11.4979 -91.8126 53.7453 2
LO3 -16.401 -91.4086 53.0734 2
LO4 -21.236 -90.5205 52.6238 3
LO5 -26.094 -90.5386 52.8573 2
LO6 -30.9973 -90.1346 52.1854 3
LO7 -35.9004 -89.7306 51.5135 3
LO8 -40.7585 -89.7488 51.7469 2
LO9 -46.1256 -88.8089 51.348 1
LO10 -50.4966 -88.4567 50.6255 1
LO11 -55.887 -88.423 50.9096 0
LO12 -60.7901 -88.019 50.2377 0
