LXA1 25.4063 39.9521 -3.09185 2
LXA2 27.9549 39.3053 1.48137 3
LXA3 31.0743 38.8205 4.94782 3
LXA4 33.086 38.1736 9.5048 2
LXA5 35.6249 37.959 14.3969 2
LXA6 36.5629 37.312 18.9214 2
LXA7 36.9543 37.097 23.7485 2
LXA8 34.6711 36.4494 28.1756 2
LXB1 27.936 26.7759 2.17529 2
LXB2 31.602 25.859 5.33912 1
LXB3 35.268 24.9421 8.50294 1
LXB4 38.9097 23.4313 12.4709 1
LXB5 40.9748 22.082 15.2672 1
LXB6 41.9372 18.6805 19.0016 2
LXB7 40.7715 14.4143 22.0334 3
LXB8 38.0437 11.3357 23.4081 3
LXC1 27.5403 15.4874 -2.44322 3
LXC2 31.7431 14.5706 0.736835 3
LXC3 35.4188 13.2216 3.58181 3
LXC4 39.6216 12.3048 6.76187 3
LXC5 42.1799 11.2259 11.0162 3
LXC6 42.5908 10.1467 15.2057 2
LXC7 40.8396 8.04107 19.8155 1
LXC8 38.0632 7.12308 22.7845 1
LXD1 28.6185 23.6426 -2.60532 3
LXD2 33.4163 23.4816 -1.33619 3
LXD3 38.2045 23.7528 0.251786 2
LXD4 43.0362 23.7536 0.3979 2
LXD5 47.3119 21.2701 1.17954 3
LXD6 50.5574 18.5162 0.486842 3
LXD7 52.2312 14.0335 -1.52997 2
LXD8 52.2944 9.55049 -3.59548 2
LXE1 15.9167 24.3449 8.72265 3
LXE2 16.2984 24.562 13.8686 3
LXE3 16.6898 24.347 18.6958 3
LXE4 17.0715 24.5641 23.8418 2
LXE5 16.9308 25.8072 28.4862 2
LXE6 16.2436 27.4823 33.4333 3
LXE7 15.5806 29.7513 37.5762 2
LXE8 14.3952 33.0462 41.2175 1
RA1 10.773 40.1055 -34.5076 2
RA2 15.6145 39.6742 -34.6804 2
RA3 20.4221 39.0811 -33.7301 2
RA4 25.2296 38.488 -32.7798 3
RGRD1 41.9535 69.9763 -35.1344 2
RGRD2 48.2943 62.7951 -31.5424 2
RGRD3 50.916 53.8849 -29.3395 2
RGRD4 50.8728 44.1099 -27.8555 2
RGRD5 52.4304 34.7673 -26.0039 2
RGRD6 54.525 25.4248 -24.1361 2
RGRD7 54.4817 15.6498 -22.652 3
RGRD8 53.3745 5.44258 -21.5193 2
RGRD9 38.9733 71.4359 -25.4413 1
RGRD10 44.7871 63.8226 -22.1845 1
RGRD11 47.9359 55.3445 -19.6465 2
RGRD12 49.4935 46.0019 -17.7949 2
RGRD13 51.588 36.6594 -15.9271 2
RGRD14 52.0575 26.2906 -13.6226 2
RGRD15 52.0143 16.5156 -12.1386 1
RGRD16 51.4681 6.90238 -11.7938 2
RGRD17 37.5241 91.9643 4.59892 1
RGRD18 43.0093 86.7798 0.935032 1
RGRD19 45.2153 77.4906 -0.885037 2
RGRD20 46.3477 68.2012 -2.73758 2
RGRD21 47.4897 58.4797 -4.90897 1
RGRD22 49.6957 49.1905 -6.72904 1
RGRD23 51.3746 39.4691 -8.88419 1
RGRD24 53.0535 29.7477 -11.0393 1
RGRD25 36.2321 93.3157 11.7758 1
RGRD26 41.6302 85.3234 11.0097 1
RGRD27 44.3828 75.6022 8.88698 1
RGRD28 46.052 66.3129 7.05068 2
RGRD29 47.7309 56.5915 4.89552 2
RGRD30 49.4 47.3022 3.05922 2
RGRD31 51.0789 37.5808 0.904059 1
RGRD32 51.6841 27.8592 -1.28357 3
RGRD33 40.344 64.6939 18.1184 2
RGRD34 43.5996 54.811 17.135 2
RGRD35 45.8056 45.5218 15.3149 2
RGRD36 47.4748 36.2325 13.4786 1
RGRD37 49.6905 26.5112 11.3397 1
RGRD38 49.7927 16.9513 8.01284 3
RGRD39 49.8852 7.82358 5.00482 3
RGRD40 48.9137 -1.73648 1.64547 2
RGRD41 33.669 61.67 25.6323 2
RGRD42 36.9149 52.2191 24.9677 2
RGRD43 39.1209 42.9299 23.1476 2
RGRD44 41.8396 33.0469 22.148 1
RGRD45 44.6164 23.9196 19.2211 2
RGRD46 44.6847 14.1979 17.0173 2
RGRD47 44.7869 4.63806 13.6904 3
RGRD48 44.3523 -4.92191 10.3473 2
RGRD49 20.5417 65.7738 33.2421 1
RGRD50 23.8118 56.9169 31.7733 2
RGRD51 27.5944 47.4662 31.125 2
RGRD52 30.85 37.5833 30.1416 3
RGRD53 33.5832 28.7263 28.6566 1
RGRD54 36.36 19.599 25.7297 1
RGRD55 38.0631 10.4715 22.7704 1
RGRD56 38.7701 1.23534 17.2138 3
RGRD57 11.8405 62.3707 36.6843 2
RGRD58 15.6232 52.9199 36.0359 2
RGRD59 19.3962 43.9013 35.7064 3
RGRD60 22.6662 35.0444 34.2377 2
RGRD61 25.3849 25.1614 33.238 2
RGRD62 28.1278 15.8723 31.4342 1
RGRD63 30.3775 6.31279 28.1722 1
RGRD64 31.5777 -2.65298 24.0737 3
RH1 15.131 38.9717 -36.4573 2
RH2 19.4453 38.1082 -36.9651 2
RH3 24.2723 36.6508 -36.6526 2
RH4 29.0993 35.1935 -36.34 3
RH5 33.9505 34.3301 -36.8316 3
RH6 38.8114 33.0345 -37.642 3
RH7 43.6384 31.5772 -37.3295 3
RH8 48.4751 29.6878 -37.3358 2
RIF1 17.0812 86.6649 -12.366 1
RIF2 32.9104 93.9603 -2.77057 1
RIF3 37.0841 94.3399 1.36605 1
RIF4 37.4999 91.3704 5.40307 2
RIF5 38.8828 86.4575 13.0081 1
RIF6 37.0495 79.6538 20.3632 1
RO1 6.97179 -53.7084 -50.4374 3
RO2 12.0932 -54.408 -42.0951 2
RO3 17.1999 -52.7852 -33.2816 2
RO4 21.7601 -50.7303 -24.1654 2
RO5 26.3445 -48.0816 -15.8534 1
RO6 30.4113 -42.9488 -8.20944 1
RO7 33.4431 -36.1961 -1.88738 1
RO8 35.4399 -27.8237 3.11275 2
RPS1 -0.433947 -36.6301 16.6685 2
RPS2 2.57364 -30.4714 23.7947 2
RPS3 5.62966 -23.1248 29.3126 1
RPS4 8.75834 -13.9965 32.4181 0
RPS5 11.9549 -4.5446 33.2775 2
RPS6 15.1853 5.06911 33.0139 2
RPS7 17.879 14.6827 32.734 1
RPS8 18.8747 24.8367 35.2892 2
RSF1 -6.54748 97.4659 4.84787 2
RSF2 -7.90224 93.2549 14.1324 1
RSF3 -7.64641 89.0443 23.4656 1
RSF4 -6.85371 84.8337 32.8151 1
RSF5 -3.26997 79.2188 38.7243 0
RSF6 2.58738 71.3351 40.5393 1
