LAT1 -24.4017 16.7769 -21.6179 1
LAT2 -33.8982 13.906 -21.3212 1
LAT3 -42.4817 10.3526 -17.068 2
LAT4 -47.2872 7.12252 -9.63366 2
LG1 -38.2981 -74.9388 14.2062 2
LG2 -44.3547 -67.2358 14.3081 2
LG3 -49.7224 -58.7155 14.6331 2
LG4 -54.0049 -49.9669 13.9771 2
LG5 -55.6119 -40.3198 14.5928 2
LG6 -55.6946 -29.9821 13.3155 2
LG7 -55.3265 -19.7178 13.053 2
LG8 -54.1541 -11.1671 12.3093 2
LG9 -37.7099 -75.3205 24.476 2
LG10 -44.1685 -66.7606 24.8185 2
LG11 -49.3352 -58.6687 25.0232 2
LG12 -53.3738 -49.2974 24.5388 1
LG13 -54.1395 -40.0448 24.0019 2
LG14 -54.6185 -29.1181 23.9286 2
LG15 -54.9393 -19.6711 23.4431 3
LG16 -53.2791 -9.87478 23.0427 2
LG17 -37.6449 -72.0468 34.7272 2
LG18 -44.3475 -64.1097 34.898 2
LG19 -49.2702 -55.395 35.2744 2
LG20 -51.7729 -45.8688 34.8239 2
LG21 -53.1846 -36.3822 34.3559 2
LG22 -54.7974 -26.4672 34.0082 2
LG23 -53.7833 -16.4369 33.6767 2
LG24 -51.684 -6.17835 32.3644 3
LG25 -35.4894 -70.6867 43.396 2
LG26 -42.6312 -63.2119 44.4788 2
LG27 -47.3471 -55.1934 45.6983 3
LG28 -49.8498 -45.6672 45.2478 1
LG29 -51.4626 -35.7522 44.9001 3
LG30 -51.9844 -25.8768 44.5349 3
LG31 -51.421 -15.7731 43.1886 2
LG32 -50.4127 -5.47495 41.8938 2
LG33 -22.5782 -74.7307 53.6118 2
LG34 -30.8422 -68.8032 56.3471 2
LG35 -37.7829 -61.7567 57.3097 2
LG36 -42.9553 -53.397 56.5509 2
LG37 -46.3537 -43.9918 55.0342 3
LG38 -48.6611 -34.6261 53.4999 3
LG39 -50.0843 -24.6038 51.105 2
LG40 -50.9044 -15.8667 48.3492 3
LG41 -17.9598 -71.5079 61.7457 1
LG42 -26.2238 -65.5804 64.481 2
LG43 -32.7196 -58.3396 65.4949 2
LG44 -38.3369 -50.1743 64.6848 2
LG45 -41.7295 -41.0369 64.1315 2
LG46 -44.2438 -30.975 61.7541 2
LG47 -45.9109 -21.5755 59.1875 3
LG48 -46.0849 -13.0723 56.3628 3
LG49 -29.5384 -47.4849 75.7592 2
LG50 -34.9605 -39.4801 73.8652 2
LG51 -39.1021 -31.4076 69.9066 2
LG52 -41.9088 -22.7519 66.1021 3
LG53 -43.4292 -14.2963 61.1964 2
LG54 -44.9554 -5.57282 55.3271 2
LG55 -45.3849 2.84322 50.4038 3
LG56 -45.1741 11.2931 44.4482 2
LG57 -24.2057 -41.5902 81.5178 2
LG58 -30.268 -33.6193 80.6562 2
LG59 -35.0498 -25.5807 77.7299 2
LG60 -38.3015 -17.1193 73.8741 2
LG61 -39.8219 -8.66373 68.9683 2
LG62 -41.5862 -0.830913 63.8909 2
LG63 -42.4178 8.44191 59.2082 3
LG64 -43.097 16.503 53.1497 1
LIF1 -5.53791 44.9808 0.641272 2
LIF2 -12.9746 48.1234 6.74916 2
LIF3 -21.7264 52.8053 9.1411 1
LIF4 -29.6195 56.2891 13.2707 2
LIF5 -34.5405 55.5898 21.4093 2
LIF6 -34.3245 51.4318 30.6315 2
LMF1 -48.6798 6.39162 0.550899 2
LMF2 -49.4735 10.8634 9.06444 2
LMF3 -47.6773 14.1315 18.2658 1
LMF4 -45.4362 17.5939 27.5185 2
LMF5 -44.0421 21.7187 36.9604 2
LMF6 -41.5629 26.0718 45.4213 2
LMT1 -33.602 -0.689706 -24.3428 1
LMT2 -42.2639 -0.393313 -20.0567 1
LMT3 -48.2758 -1.05303 -11.9006 2
LMT4 -51.0033 -2.36716 -1.8702 2
LOF1 -2.60455 48.8926 -2.44054 1
LOF2 -9.93885 43.8201 1.38287 1
LOF3 -18.571 39.4833 4.38066 2
LOF4 -28.9574 36.2236 4.57457 1
LOF5 -36.8948 32.4362 8.75888 2
LOF6 -42.8399 28.4624 14.9553 2
LPF1 -50.7536 -2.0122 -0.735069 2
LPF2 -50.6887 1.26154 9.51615 2
LPF3 -50.3856 5.42594 18.9756 2
LPF4 -50.3264 8.96753 28.2634 2
LPF5 -47.0429 11.6071 36.2431 2
LPF6 -43.5097 14.6015 45.358 2
LPT1 -47.2692 -22.1229 -10.4986 2
LPT2 -54.6746 -17.3935 -6.02566 2
LPT3 -56.1571 -13.7389 2.26482 3
LPT4 -54.1541 -11.1671 12.3093 2
LSF1 -8.097 52.101 70.1023 1
LSF2 -17.6223 50.5694 65.5817 2
LSF3 -24.8075 47.479 60.6139 1
LSF4 -30.1089 43.1712 53.2203 2
LSF5 -35.0082 38.0066 45.5862 2
LSF6 -39.8647 33.8932 38.2441 2
RAF1 6.95227 74.333 18.0681 1
RAF2 10.8447 75.4195 26.6504 1
RAF3 16.3943 73.8623 35.5257 1
RAF4 21.6086 69.8477 42.6819 1
RAF5 26.9326 63.5701 48.1705 1
RAF6 31.9583 56.1543 51.2684 2
RAF7 36.4962 47.4928 54.023 2
RAF8 40.5892 38.637 56.7262 2
