LA1 -15.0904 20.8567 -30.9722 2
LA2 -19.4496 18.7489 -30.8273 2
LA3 -24.1142 16.8026 -30.984 3
LA4 -28.4553 14.8368 -31.1301 3
LA5 -33.1779 11.8516 -31.4363 3
LA6 -37.537 9.74371 -31.2914 2
LA7 -41.8962 7.63586 -31.1466 2
LA8 -46.579 5.54756 -31.0124 2
LA9 -50.9381 3.43971 -30.8676 2
LA10 -55.6209 1.35141 -30.7334 2
LA11 -60.3037 -0.736887 -30.5991 3
LA12 -64.681 -2.98677 -30.1634 2
LB1 -24.9145 16.4431 -36.9913 2
LB2 -28.4004 12.3407 -37.4046 2
LB3 -31.8466 9.13528 -37.3775 1
LB4 -35.3324 5.03293 -37.7908 1
LB5 -38.4946 0.911038 -38.1935 1
LB6 -41.9226 -2.15237 -38.4573 3
LB7 -45.4085 -6.25472 -38.8706 3
LB8 -48.8184 -9.17608 -39.4253 3
LB9 -52.5917 -12.9748 -40.431 2
LB10 -56.0594 -16.9351 -41.1352 2
LB11 -60.1165 -19.8174 -41.711 2
LB12 -63.5662 -23.6356 -42.7061 2
LC1 -25.7532 -0.0827416 -41.8605 2
LC2 -29.163 -3.00412 -42.4151 1
LC3 -32.9363 -6.80284 -43.4208 2
LC4 -36.3462 -9.72419 -43.9755 2
LC5 -39.7561 -12.6456 -44.5302 3
LC6 -43.5294 -16.4443 -45.5359 2
LC7 -46.9212 -19.2237 -46.3814 2
LC8 -50.6945 -23.0223 -47.3871 2
LC9 -54.0862 -25.8017 -48.2327 2
LC10 -57.5358 -29.62 -49.2277 1
LC11 -60.9276 -32.3993 -50.0733 0
LC12 -64.6611 -35.3011 -50.6386 0
LD1 -39.3258 6.37863 -42.4415 1
LD2 -42.4448 3.7665 -41.3816 1
LD3 -45.9452 0.13495 -40.4818 3
LD4 -49.122 -3.51614 -39.5715 3
LD5 -52.6225 -7.14768 -38.6717 3
LD6 -56.0832 -9.88236 -37.3315 1
LD7 -59.9073 -13.4943 -36.4423 2
LD8 -63.0443 -16.2485 -35.0915 2
LD9 -66.8685 -19.8605 -34.2024 1
LD10 -70.3327 -23.208 -33.8844 0
LD11 -74.4261 -26.3743 -33.8785 0
LD12 -77.8505 -28.8248 -33.1201 0
LE1 -30.7391 0.566731 -47.2743 2
LE2 -31.6903 -4.1181 -46.7301 2
LE3 -32.663 -9.55785 -46.9172 2
LE4 -33.9378 -14.2231 -46.3836 2
LE5 -34.5471 -18.7854 -46.1197 2
LE6 -36.1274 -23.2891 -45.8876 2
LE7 -37.4419 -28.8513 -45.7945 2
LE8 -38.0512 -33.4137 -45.5305 2
LE9 -39.6497 -38.0595 -45.0075 2
LE10 -40.9244 -42.7247 -44.474 2
LE11 -42.5409 -47.5125 -43.6601 2
LE12 -43.5102 -52.3394 -42.825 3
LG1 -41.2109 -27.1974 -17.0348 3
LG2 -46.4288 -27.7816 -17.6449 2
LG3 -50.9597 -27.508 -17.7934 2
LG4 -56.1595 -27.9501 -18.6944 1
LG5 -61.0537 -28.5537 -19.2939 1
LG6 -65.9298 -29.0154 -20.1843 0
LG7 -70.8241 -29.6191 -20.7838 0
LG8 -75.6605 -29.1839 -21.2338 0
LG9 -80.8784 -29.7681 -21.8439 0
LG10 -86.0962 -30.3521 -22.4541 0
LG11 -90.6306 -30.6914 -23.6248 0
LG12 -95.1796 -30.5597 -23.4824 0
LH1 -33.8094 9.45649 -26.5018 3
LH2 -38.449 8.87795 -24.905 2
LH3 -43.1282 7.40248 -23.7485 2
LH4 -47.7677 6.82393 -22.1517 2
LH5 -52.4651 5.20644 -20.7044 3
LH6 -56.8208 3.71143 -19.5374 3
LH7 -61.5001 2.23597 -18.381 3
LH8 -66.1975 0.618474 -16.9337 1
LH9 -70.4952 0.162408 -15.6171 0
LH10 -75.4801 -1.15146 -14.7622 0
LH11 -80.1231 -2.34282 -14.1875 0
LH12 -84.8024 -3.81827 -13.0311 0
LI1 -27.9608 28.6639 -20.734 3
LI2 -31.5681 29.6785 -17.9336 3
LI3 -35.1935 30.5511 -14.8424 1
LI4 -38.535 30.5072 -12.1809 2
LI5 -42.5021 31.2572 -8.80934 2
LI6 -46.1275 32.1298 -5.71807 2
LI7 -49.7347 33.1444 -2.91768 1
LI8 -54.3346 33.4627 -0.880424 2
LI9 -59.2761 33.6586 1.43712 0
LI10 -64.2393 33.0996 3.02335 0
LI11 -68.8572 33.2759 5.35149 0
LI12 -74.0645 34.5302 7.80796 0
RA1 12.6193 15.872 -32.4035 2
RA2 17.4522 14.8239 -32.9757 2
RA3 22.2851 13.7759 -33.5479 2
RA4 26.7546 11.8504 -34.5712 2
RA5 31.5875 10.8023 -35.1434 3
RA6 36.3987 8.99936 -36.4469 3
RA7 41.2497 8.09328 -37.31 3
RA8 46.1188 7.32924 -38.464 3
RA9 50.9698 6.42326 -39.3271 3
RA10 55.8605 6.41412 -39.7498 2
RA11 61.017 5.34645 -40.3114 1
RA12 65.5263 4.31794 -40.8942 0
RB1 20.1265 9.26654 -35.5228 2
RB2 24.8834 7.03748 -35.9536 2
RB3 28.9749 4.70548 -36.1148 2
RB4 33.4082 2.49595 -36.5563 1
RB5 38.147 0.124839 -36.6963 3
RB6 42.2567 -2.06513 -37.1483 3
RB7 46.7297 -3.37775 -37.1494 3
RB8 51.1448 -5.7293 -37.3 2
RB9 55.8836 -8.10041 -37.4399 2
RB10 60.3169 -10.3099 -37.8814 1
RB11 64.4084 -12.6419 -38.0426 0
RB12 68.8236 -14.9935 -38.1932 0
RC1 22.3496 -4.72725 -29.9307 2
RC2 26.4195 -7.81413 -30.8232 2
RC3 30.4894 -10.901 -31.7157 2
RC4 34.2754 -13.0714 -32.1784 3
RC5 38.3454 -16.1583 -33.0709 3
RC6 42.4333 -19.1032 -34.2543 3
RC7 46.5033 -22.19 -35.1468 2
RC8 50.2676 -25.1154 -36.3408 2
RC9 54.3557 -28.0602 -37.5242 2
RC10 58.7673 -31.0246 -38.6969 1
RC11 63.1609 -34.131 -39.5788 0
RC12 67.6303 -36.0565 -40.6021 0
RI1 34.0767 10.0148 -13.3294 2
RI2 38.9708 10.6185 -12.7299 1
RI3 43.8072 10.1833 -12.2799 3
RI4 48.7015 10.787 -11.6804 2
RI5 53.8615 10.3322 -11.2198 2
RI6 58.4321 10.9555 -10.6309 1
RI7 63.2866 10.6622 -10.4718 0
RI8 68.1809 11.2659 -9.87225 0
RI9 73.0353 10.9727 -9.71315 0
RI10 77.9296 11.5764 -9.11363 0
RI11 82.4967 11.5868 -9.54692 0
RI12 87.0854 12.3521 -9.2489 0
