LAT1 -23.7601 6.92414 12.4973 1
LAT2 -29.9362 12.0107 7.04922 0
LAT3 -36.6528 17.524 1.64973 0
LAT4 -41.9477 24.8183 1.32643 0
LDA1 -14.2403 17.0177 24.8262 2
LDA2 -18.791 17.6026 23.0332 2
LDA3 -23.7322 17.5814 22.2183 2
LDA4 -28.2446 18.1012 21.4224 2
LDH1 -21.3662 9.59146 20.6027 2
LDH2 -26.325 9.98899 20.8188 2
LDH3 -31.2664 9.96784 20.004 2
LDH4 -36.1693 9.88148 20.1863 2
LFP1 -3.96177 77.4346 30.3854 1
LFP2 -6.43962 86.3923 32.0685 2
LFP3 -14.7334 90.6725 34.6718 0
LFP4 -23.2318 88.4829 37.8631 0
LFP5 -32.0089 84.7195 41.9652 1
LFP6 -38.5296 78.6995 46.8361 2
LFP7 -41.9184 71.0859 51.4829 1
LFP8 -42.7541 62.371 54.957 2
LG1 -34.1508 71.0943 64.223 2
LG2 -35.3213 61.2895 68.6415 2
LG3 -36.68 52.5827 71.1333 2
LG4 -37.3658 42.8348 75.5371 3
LG5 -39.171 34.0058 79.0409 2
LG6 -38.6821 26.8485 83.5688 2
LG7 -40.4315 17.5357 87.0389 3
LG8 -42.6478 7.747 89.4929 1
LG9 -39.9937 68.5117 56.2553 1
LG10 -40.7736 59.3129 59.6956 2
LG11 -41.4976 49.6303 63.1022 2
LG12 -42.2775 40.4314 66.5426 3
LG13 -44.5468 31.8991 72.0893 3
LG14 -46.8927 23.497 75.6417 2
LG15 -48.698 14.668 79.1455 2
LG16 -48.379 4.19676 81.4577 2
LG17 -43.3218 64.8929 46.1178 2
LG18 -44.1194 56.1129 50.589 3
LG19 -45.3839 46.857 54.0442 2
LG20 -46.5927 37.1173 57.4657 3
LG21 -49.9815 29.5038 62.1125 2
LG22 -53.3527 21.4716 65.7283 2
LG23 -54.5056 11.2479 69.116 1
LG24 -54.3895 3.06583 73.5913 1
LG25 -44.6905 61.8558 37.9489 2
LG26 -46.011 53.0839 41.4378 2
LG27 -47.1815 43.279 45.8564 2
LG28 -49.9003 33.8521 49.3562 3
LG29 -52.8985 26.8447 53.0247 2
LG30 -56.0638 17.2956 57.5365 3
LG31 -57.3842 8.52365 61.0255 2
LG32 -55.4794 1.60258 64.5117 2
LG33 -48.9495 37.3188 29.4889 1
LG34 -52.823 29.6483 34.1506 1
LG35 -55.1865 21.6649 38.7339 2
LG36 -58.4636 13.0837 43.3132 1
LG37 -60.3041 5.09221 48.8788 2
LG38 -60.617 -3.63084 53.3352 0
LG39 -60.4069 -12.362 58.7739 0
LG40 -58.258 -20.8652 64.1531 0
LG41 -51.2141 33.2649 20.2851 2
LG42 -53.9505 24.2568 24.8158 1
LG43 -56.2199 15.7244 30.3625 1
LG44 -58.6392 8.225 34.9796 2
LG45 -60.8527 -0.79131 40.4925 1
LG46 -60.7367 -8.97341 44.9678 2
LG47 -59.6514 -17.0415 49.4134 0
LG48 -57.893 -26.1507 55.7709 0
LG49 -46.0438 31.8357 6.95627 0
LG50 -50.9809 24.6003 10.6843 2
LG51 -53.8644 17.3973 17.3442 2
LG52 -57.1768 9.65356 23.9853 2
LG53 -60.025 1.61326 28.5835 3
LG54 -61.9949 -4.99166 35.2475 2
LG55 -61.262 -13.731 41.6685 2
LG56 -60.1942 -21.3803 47.145 0
LG57 -41.9477 24.8183 1.32643 0
LG58 -48.9177 17.9038 4.15045 0
LG59 -52.3624 10.7742 8.83101 1
LG60 -55.1341 2.6035 15.4235 2
LG61 -59.51 -4.70522 21.1309 2
LG62 -60.9218 -12.1558 26.7154 2
LG63 -60.8235 -19.9192 32.2216 2
LG64 -58.1693 -28.0116 39.614 1
LMT1 -34.5164 -22.507 13.9953 2
LMT2 -39.926 -15.0173 10.6806 2
LMT3 -45.782 -7.64965 8.37786 0
LMT4 -51.6175 0.071465 8.10317 0
LO1 -5.2987 -67.0457 58.1028 3
LO2 -12.9388 -72.1471 62.0739 2
LO3 -22.3895 -70.876 63.5221 2
LO4 -31.2826 -66.4573 63.1488 2
LO5 -38.5547 -59.3259 61.8878 2
LO6 -44.4107 -51.9583 59.585 2
LOF1 11.523 56.6219 22.4148 1
LOF2 2.36646 54.2823 19.6043 0
LOF3 -7.70073 52.1171 19.8488 0
LOF4 -17.2626 50.3624 22.1064 0
LOF5 -26.8245 48.6078 24.364 1
LOF6 -36.3864 46.8532 26.6217 1
LOF7 -43.9125 45.5499 32.8422 2
LOF8 -48.3038 43.4255 41.8976 2
LPT1 -34.8328 -28.009 14.6508 2
LPT2 -41.5847 -21.6581 11.3132 2
LPT3 -48.2984 -15.3725 8.97262 1
LPT4 -54.5421 -7.83863 10.7071 0
RAT1 18.1419 33.0801 3.57417 1
RAT2 25.2051 26.6933 0.880375 1
RAT3 33.7635 21.1847 2.19811 1
RAT4 41.2614 16.8835 5.64111 2
RDA1 5.35052 21.0028 21.327 1
RDA2 9.89823 19.6455 20.0611 1
RDA3 14.4283 18.707 19.8261 2
RDA4 19.4608 17.4068 18.5454 2
RDH1 16.9445 9.68407 19.1402 3
RDH2 21.8857 9.70532 19.955 3
RDH3 26.7711 10.2104 20.8036 3
RDH4 31.7682 9.74762 21.5846 3
