AD1 24.6156 7.2953 -15.4935 2
AD2 29.2401 8.67268 -15.164 2
AD3 33.8647 10.0501 -14.8346 2
AD4 38.8448 11.935 -15.5432 3
AOF1 32.2941 65.6252 6.31174 1
AOF2 40.4293 58.8538 6.37863 2
AOF3 47.7913 53.6106 6.70565 2
AOF4 55.0239 48.2551 9.08243 2
AST1 64.9235 1.48421 17.7652 2
AST2 62.473 -0.752371 27.1706 2
AST3 59.2115 -2.7774 34.6975 2
AST4 56.5905 -4.93303 43.1208 2
FD1 15.8124 68.2259 3.27607 1
FD2 19.6326 66.795 3.51358 1
FD3 24.0377 64.7573 4.61787 1
FD4 28.0283 63.2456 5.83743 1
GRID1 54.4191 27.9839 -6.73963 2
GRID2 60.6769 19.9013 -5.43683 2
GRID3 63.2325 11.1822 -2.52586 2
GRID4 65.277 2.70606 -2.56102 2
GRID5 67.6098 -7.9182 0.231552 2
GRID6 67.8883 -16.753 1.4915 2
GRID7 65.1231 -27.1952 3.14705 2
GRID8 61.6403 -35.6327 5.09233 2
GRID9 54.0687 28.9638 1.5482 2
GRID10 59.3682 21.8208 5.13129 1
GRID11 61.7534 13.1828 7.06022 1
GRID12 63.7422 4.2303 6.99546 2
GRID13 64.6645 -6.245 10.045 2
GRID14 63.4212 -15.8835 11.5028 2
GRID15 63.4179 -25.5899 11.7215 2
GRID16 60.3496 -34.5535 13.5515 2
GRID17 58.9097 42.771 12.0293 2
GRID18 58.795 32.1119 12.1888 2
GRID19 59.488 22.7511 13.3335 2
GRID20 62.1729 14.1444 14.1947 1
GRID21 62.8839 3.94319 13.2304 2
GRID22 63.9913 -5.94354 14.2598 2
GRID23 63.2918 -15.9957 13.5525 2
GRID24 63.5146 -25.3069 14.7829 2
GRID25 60.725 42.9141 21.9089 1
GRID26 61.3622 33.0769 23.024 2
GRID27 59.7781 23.6004 22.5177 2
GRID28 59.7748 13.8939 22.7364 2
GRID29 61.5965 3.51254 22.5828 2
GRID30 62.5892 -5.81693 22.6598 2
GRID31 63.9964 -15.6724 22.6215 2
GRID32 63.5229 -25.3292 22.9258 2
GRID33 53.1617 51.4065 32.0675 1
GRID34 56.4315 42.1927 33.7955 1
GRID35 58.4202 33.2403 33.7307 1
GRID36 59.3573 23.4345 33.7781 2
GRID37 58.2056 12.5916 31.0475 2
GRID38 57.1473 3.54173 30.4851 2
GRID39 58.9133 -7.316 30.302 2
GRID40 61.2428 -16.4303 32.2013 2
GRID41 47.135 50.1556 40.138 1
GRID42 52.1707 41.3007 40.5709 2
GRID43 54.9147 31.6603 42.355 1
GRID44 56.2629 22.8384 41.3938 2
GRID45 56.0925 11.7031 41.5237 2
GRID46 53.9235 2.83338 40.1506 1
GRID47 55.5748 -7.46707 39.015 2
GRID48 57.6225 -17.4531 39.8731 2
GRID49 42.8496 41.9074 48.3478 1
GRID50 46.5339 32.1676 49.9606 2
GRID51 49.8595 23.4303 51.7182 2
GRID52 52.0366 13.5565 50.5265 2
GRID53 50.9963 3.66622 47.8551 2
GRID54 50.2967 -6.38596 47.1478 2
GRID55 52.7556 -15.3881 46.9974 2
GRID56 53.7664 -25.5579 44.9654 1
GRID57 36.4822 40.8184 54.4543 1
GRID58 39.2261 31.1781 56.2383 2
GRID59 41.4999 21.5874 58.1081 2
GRID60 43.2626 12.2396 57.0316 2
GRID61 43.8032 2.11939 55.0853 2
GRID62 44.6255 -7.12914 54.1802 2
GRID63 46.3325 -16.9533 53.0742 2
GRID64 48.4506 -25.7935 50.9597 2
HD1 28.0884 -2.1702 -17.8946 3
HD2 32.1872 -1.21947 -17.5091 2
HD3 36.9821 0.0769671 -16.1976 2
HD4 41.551 0.978051 -15.8977 2
MST1 37.049 17.6607 -34.107 1
MST2 48.436 13.7323 -31.3151 2
MST3 55.3476 10.6958 -26.6549 2
MST4 61.1894 7.64637 -19.7736 2
POF1 19.4719 43.6253 -5.4965 1
POF2 30.3822 42.7663 -4.40542 1
POF3 39.3594 40.1198 -2.10804 2
POF4 48.3367 37.4732 0.189339 2
POF5 55.8331 33.8298 5.71632 2
POF6 60.4004 28.0218 12.5913 1
PT1 43.0616 -67.6959 -5.5284 2
PT2 48.4512 -60.3197 -1.78235 1
PT3 53.5001 -52.7815 -0.000380713 2
PT4 58.1166 -43.8771 4.00581 2
