LD1 -39.3317 52.4301 -13.4354 3
LD2 -44.1998 52.3322 -11.3444 3
LD3 -48.5961 52.1461 -10.3698 3
LD4 -52.9989 51.5759 -8.47186 3
LD5 -57.3727 51.8401 -7.30983 0
LD6 -62.7286 51.7642 -5.21308 0
LD7 -67.0864 52.0947 -2.9403 0
LD8 -70.4463 52.8315 -0.491489 0
LE1 -6.42809 53.6734 -5.10479 2
LE2 -11.7194 55.6501 -5.40314 2
LE3 -16.0642 56.7485 -4.977 3
LE4 -20.8968 57.8689 -4.54517 3
LE5 -26.2106 59.3953 -5.03095 2
LE6 -30.5554 60.4938 -4.60481 3
LE7 -35.3815 61.9982 -5.0963 3
LE8 -40.7018 63.1406 -4.65876 3
LE9 -45.5344 64.261 -4.22693 2
LE10 -50.3669 65.3814 -3.79509 0
LF1 -7.82067 29.2356 11.7988 2
LF2 -13.2374 28.1927 12.4099 3
LF3 -17.6497 27.9402 12.2737 3
LF4 -23.044 27.3477 13.0723 2
LF5 -27.4562 27.0952 12.9362 3
LF6 -32.3628 26.4807 13.729 3
LF7 -37.2918 25.4159 14.3345 2
LF8 -42.1693 25.6357 14.3914 2
LF9 -47.5861 24.5928 15.0026 2
LF10 -52.4636 24.8126 15.0596 1
LG1 -1.83436 53.2524 13.1644 2
LG2 -6.22414 53.4502 13.2157 3
LG3 -11.6119 53.2416 13.0909 3
LG4 -16.4894 53.4614 13.1479 2
LG5 -21.3894 53.2309 13.0174 3
LG6 -26.267 53.4507 13.0744 2
LG7 -31.6547 53.2422 12.9497 2
LG8 -36.5323 53.462 13.0066 2
LH1 -7.99302 37.3491 7.59036 2
LH2 -12.3893 37.163 8.56496 3
LH3 -16.7856 36.9768 9.53956 3
LH4 -21.6762 36.4287 11.4432 3
LH5 -26.5377 36.7148 12.6109 2
LH6 -31.4508 35.7163 14.3271 2
LH7 -35.8471 35.5301 15.3017 2
LH8 -40.7311 35.366 16.282 3
LH9 -45.6217 34.8178 18.1856 2
LH10 -50.5282 34.2033 18.9785 0
LI1 -25.6121 13.8075 12.8385 3
LI2 -24.1365 12.7223 17.8129 3
LI3 -22.6318 12.4714 22.0514 2
LI4 -21.1562 11.3863 27.0257 2
LI5 -19.6805 10.3011 32.0001 2
LI6 -18.1759 10.0502 36.2386 2
LI7 -17.159 9.82122 40.4828 0
LI8 -16.6524 9.16396 44.5452 0
LJ1 -30.8757 -4.25854 8.53747 2
LJ2 -30.3756 -5.29978 13.5232 2
LJ3 -29.8755 -6.34101 18.509 2
LJ4 -29.3753 -7.38225 23.4948 3
LJ5 -29.363 -8.40151 28.4862 3
LJ6 -29.3506 -9.42076 33.4777 1
LJ7 -29.3252 -9.67206 36.6225 0
LJ8 -29.3128 -10.6913 41.614 0
RD1 33.0639 34.5241 -23.6201 2
RD2 36.9015 32.2957 -21.2706 2
RD3 41.2108 29.979 -20.0375 2
RD4 45.0258 27.3003 -17.8754 2
RD5 49.3576 25.4339 -16.4549 1
RD6 53.1726 22.7552 -14.2928 3
RD7 56.9941 20.4604 -13.054 2
RD8 61.8072 18.1881 -10.7159 2
RE1 -0.94257 59.6416 -18.8298 2
RE2 3.38921 57.7752 -17.4093 2
RE3 7.72099 55.9088 -15.9888 3
RE4 12.0303 53.5921 -14.7558 3
RE5 16.3686 52.1097 -14.2586 3
RE6 21.1656 49.771 -13.0312 3
RE7 25.4815 47.8382 -12.7215 3
RE8 30.2785 45.4995 -11.4941 3
RE9 34.6393 44.4674 -10.8095 3
RE10 38.9486 42.1507 -9.57639 3
RF1 -0.17659 18.6756 -4.45237 3
RF2 4.64946 17.1712 -3.96089 3
RF3 9.47551 15.6668 -3.4694 3
RF4 14.295 13.7784 -2.0546 2
RF5 18.6333 12.296 -1.55742 3
RF6 23.4369 10.3413 -1.25336 3
RF7 28.2405 8.38655 -0.949308 3
RF8 32.5853 7.2881 -1.37545 3
RF9 36.8786 4.90505 -1.25312 3
RF10 42.1634 2.54438 -0.0314471 2
RG1 -0.79368 57.0482 3.91979 2
RG2 4.11285 57.6627 3.12692 2
RG3 8.9969 57.8269 2.14662 2
RG4 13.8969 58.0574 2.27707 3
RG5 18.8034 58.6719 1.4842 3
RG6 24.1752 58.8141 0.498208 2
RG7 28.5875 59.0666 0.634357 2
RG8 33.9818 59.6591 -0.16421 2
RH1 1.29025 36.9979 8.59285 1
RH2 6.16778 36.7781 8.53587 2
RH3 11.5266 36.1523 9.39652 3
RH4 15.9163 35.9545 9.34524 3
RH5 21.2751 35.3288 10.2059 3
RH6 25.6649 35.131 10.1546 2
RH7 30.5199 34.4609 9.91019 2
RH8 35.9012 34.2854 10.9583 2
RH9 40.7497 33.2313 11.6372 2
RH10 46.0925 32.5392 11.3871 2
RI1 22.0434 9.26931 9.12151 3
RI2 22.55 8.61206 13.184 3
RI3 23.5154 7.09853 17.9766 3
RI4 24.5033 6.03531 22.9566 2
RI5 25.0034 4.99408 27.9424 3
RI6 25.9913 3.93086 32.9225 2
RI7 26.4755 2.82329 36.7975 0
RI8 27.4634 1.76007 41.7776 0
RJ1 25.1041 -7.25052 0.106974 3
RJ2 26.092 -8.31374 5.08704 3
RJ3 27.0574 -9.82727 9.87967 3
RJ4 28.0453 -10.8905 14.8597 3
RJ5 29.0107 -12.404 19.6524 3
RJ6 29.9761 -13.9175 24.445 3
RJ7 30.9575 -15.3647 30.3484 1
RJ8 32.4331 -16.4499 35.3228 0
RK1 17.057 43.0212 -3.95367 3
RK2 19.5372 42.7263 0.273405 3
RK3 22.5051 42.4095 4.49479 2
RK4 25.0077 42.5649 8.9093 2
RK5 27.9821 42.6321 12.2074 2
RK6 30.9275 41.8649 16.2413 2
RK7 34.3991 41.5924 21.5677 0
RK8 36.8793 41.2976 25.7948 0
RL1 14.1637 12.1621 -7.05988 2
RL2 19.0282 11.1744 -5.27022 3
RL3 23.434 11.0429 -4.21075 3
RL4 28.35 11.3397 -2.96955 3
RL5 33.2435 11.1863 -1.91578 3
RL6 38.1594 11.4832 -0.67458 3
RL7 43.0529 11.3297 0.379192 3
RL8 47.9689 11.6266 1.62039 2
