AT1 17.0182 34.9401 -7.93752 2
AT2 21.6053 34.2876 -18.2076 1
AT4 40.0116 30.9209 -19.9845 0
AT5 48.2394 28.2815 -14.9645 1
AT6 53.2395 25.416 -7.10431 2
DA1 13.4943 18.0043 3.77761 2
DA2 18.3794 18.873 3.30559 2
DA3 23.2646 19.7418 2.83356 2
DA4 28.6318 20.6709 2.41052 2
DH1 24.0026 10.2801 2.34559 2
DH2 28.3991 11.8214 0.987126 2
DH3 33.2777 13.423 -0.322362 2
DH4 37.6097 14.6983 -0.719015 3
DOF1 10.9691 57.9046 13.6039 3
DOF2 15.7897 58.5073 14.0937 3
DOF3 20.6169 58.3772 15.421 3
DOF4 25.3731 58.714 16.8726 2
FP1 3.41014 87.0319 3.47812 1
FP2 10.8952 92.7247 5.55425 0
FP3 19.1081 93.4132 11.4936 1
FP4 27.1164 92.907 16.0492 1
FP5 33.358 89.0277 22.6725 1
FP6 37.6152 82.046 28.3048 1
FP7 40.4974 74.4168 33.6659 2
FP8 49.1428 84.02 38.9807 0
GRID1 44.3894 14.6181 -13.8029 0
GRID2 50.5685 8.61039 -8.81216 0
GRID3 56.4701 3.73712 -2.4865 2
GRID4 59.1373 -0.629384 5.84194 2
GRID5 60.2939 -5.44273 14.9853 2
GRID6 59.8622 -9.50323 24.2303 2
GRID7 60.0482 -13.7043 32.4382 2
GRID8 58.7234 -18.3523 41.461 2
GRID9 50.2798 21.7966 -12.4625 1
GRID10 54.6642 17.2092 -6.15947 1
GRID11 58.9196 12.09 2.06723 2
GRID12 60.0697 8.00942 10.3731 2
GRID13 60.7442 3.1358 19.4674 2
GRID14 61.3412 -0.538176 27.8486 2
GRID15 60.434 -5.39181 37.8822 1
GRID16 58.2162 -10.6271 46.6827 2
GRID17 52.6612 33.608 -1.75829 2
GRID18 57.052 28.2879 5.38224 2
GRID19 59.1102 21.4668 12.991 2
GRID20 59.3045 14.6705 19.442 2
GRID21 59.9164 7.66859 26.9038 2
GRID22 60.0463 0.606369 34.3166 2
GRID23 58.7945 -6.37067 40.6207 1
GRID24 56.5075 -13.0015 46.9512 2
GRID25 50.5788 40.6203 5.24006 2
GRID26 54.5586 34.7731 12.2073 1
GRID27 57.0277 28.479 19.9893 1
GRID28 57.7042 21.7431 26.4893 2
GRID29 57.4229 14.1538 33.7288 2
GRID30 58.1835 5.48542 41.7794 2
GRID31 57.2801 -3.09286 46.6243 2
GRID32 54.8427 -6.19487 54.9603 2
GRID33 44.6118 51.9441 11.0911 2
GRID34 50.1041 44.6814 14.6491 1
GRID35 54.979 37.5592 19.2442 1
GRID36 56.9679 29.3426 24.383 1
GRID37 58.4104 20.7997 30.4345 2
GRID38 57.8471 13.2152 35.5771 2
GRID39 57.6173 7.3576 40.1798 2
GRID40 57.8808 1.9569 49.1009 2
GRID41 49.2091 58.4047 16.3051 2
GRID42 52.5088 50.5697 22.677 2
GRID43 53.9448 42.7596 27.8911 2
GRID44 56.4159 34.6032 33.0788 2
GRID45 57.8518 26.7932 38.2929 1
GRID46 57.777 18.5362 44.3219 2
GRID47 56.3206 10.3645 49.2422 2
GRID48 54.8641 2.19273 54.1624 2
GRID49 47.4331 64.3431 31.3446 2
GRID50 48.6 55.0723 36.1367 2
GRID51 50.7245 46.6549 40.1893 2
GRID52 52.7845 37.9715 45.2037 1
GRID53 53.9448 29.4335 49.1584 1
GRID54 54.212 20.3081 52.8907 2
GRID55 53.5861 10.5954 56.4007 2
GRID56 52.8892 1.34946 60.0351 2
GRID57 41.5223 66.0796 38.7067 2
GRID58 42.2005 57.4813 42.6123 2
GRID59 44.6716 49.325 47.8001 2
GRID60 47.2071 41.4347 52.026 2
GRID61 47.9629 31.6367 56.6447 1
GRID62 48.6412 23.0385 60.5504 1
GRID63 48.4263 13.8529 64.2337 2
GRID64 47.3827 4.34588 66.733 2
IO1 14.0167 -69.4947 43.0349 1
IO2 22.4789 -65.147 46.8839 2
IO3 30.3106 -59.1931 50.0951 2
IO4 37.2361 -52.361 51.4092 2
IO5 42.5668 -44.0432 51.9875 2
IO6 48.3796 -35.6651 52.6148 2
IO7 53.1573 -26.9407 53.2685 2
IO8 56.0002 -17.7247 52.8888 2
MT1 29.0223 6.09388 -7.83309 0
MT2 38.756 2.77178 -7.05981 0
MT3 48.1498 -1.54422 -6.58421 0
MT4 54.9314 -4.36449 -1.71119 2
PT1 26.0842 -63.8284 -9.6935 2
PT2 34.0513 -58.0752 -7.56839 2
PT3 40.2948 -51.3686 -4.25537 1
PT4 45.8563 -44.7873 1.05665 2
PT5 51.4112 -37.4733 5.53121 2
PT6 54.9025 -30.1995 10.896 2
SO1 11.2821 -21.2258 88.4322 2
SO2 20.4367 -21.2101 85.931 1
SO3 28.6719 -18.8505 79.8576 1
SO4 36.7717 -16.29 74.8704 2
SO5 44.312 -12.5902 69.1211 2
SO6 50.3349 -8.60435 63.3492 2
SO7 55.7983 -3.47917 56.8152 2
SO8 56.712 0.641643 47.6191 2
