AST1 -19.2792 28.3258 -8.49617 1
AST2 -26.1077 25.7684 -15.4103 2
AST3 -34.6996 23.5917 -18.2259 2
AST4 -44.1156 21.2433 -17.0109 2
DA1 -16.2559 23.0963 2.10605 2
DA2 -21.1948 23.0005 1.28277 2
DA3 -26.0964 22.8451 1.45702 2
DA4 -30.998 22.6898 1.63127 2
DH1 -24.9723 5.83789 -2.60657 3
DH2 -29.2161 8.08092 -2.31394 3
DH3 -33.9435 9.81127 -1.0313 2
DH4 -38.7083 11.6011 -0.746194 3
FRO1 -4.46459 72.9732 15.6658 2
FRO2 -7.14072 81.2339 20.2684 2
FRO3 -13.3578 87.2353 25.8714 1
FRO4 -21.4456 87.5006 31.2024 1
FRO5 -29.1804 85.2418 37.3722 1
FRO6 -35.735 80.0849 41.32 1
GIF17 -47.9442 53.1207 39.1668 2
GIF18 -50.4261 43.2894 42.6834 2
GIF29 -51.4509 33.9045 45.1696 2
GIF20 -52.0231 24.0002 47.6079 2
GIF21 -52.5238 14.5228 51.0715 2
GIF22 -53.0277 5.59107 53.5652 3
GIF23 -55.026 -3.72762 56.0918 2
GIF24 -54.5532 -13.2713 59.515 3
GIF25 -52.4137 50.5168 30.1566 2
GIF26 -52.9518 41.0988 32.6226 2
GIF27 -54.426 31.6875 36.1266 3
GIF28 -56.3527 22.7957 39.6784 2
GIF29 -55.9515 12.8252 42.0763 3
GIF30 -56.9389 3.38083 45.5601 2
GIF31 -59.4239 -5.90477 48.1069 3
GIF32 -59.4753 -15.3558 50.5527 1
GIT49 -33.7992 11.405 -11.9689 2
GIT50 -43.8014 7.08507 -9.84706 1
GIT51 -52.2408 4.1247 -7.70266 2
GIT52 -61.1669 1.19743 -5.53807 2
GIT53 -64.0623 -2.97016 2.34164 2
GIT54 -64.9423 -6.29755 10.196 2
GIT55 -64.9484 -11.6958 18.8966 3
GIT56 -64.365 -15.6682 27.6602 2
GIT57 -30.8896 1.15013 -7.67692 2
GIT58 -40.9386 -1.47304 -9.46206 2
GIT59 -50.0141 -4.1624 -11.2876 1
GIT60 -59.4612 -7.54287 -9.13051 2
GIT61 -64.8649 -11.426 -3.14488 1
GIT62 -65.776 -15.7855 5.65157 2
GIT63 -65.2611 -20.7305 14.3597 3
GIT64 -65.1987 -25.1561 23.1158 2
GMF1 -36.8731 70.1383 53.8017 1
GMF2 -39.3892 59.8206 57.2906 2
GMF3 -39.3689 50.7964 60.7616 2
GMF4 -40.952 41.0178 62.2428 1
GMF5 -40.5508 31.0473 64.6407 3
GMF6 -41.1231 21.143 67.079 3
GMF7 -41.5896 12.1519 70.5703 3
GMF8 -42.1619 2.24761 73.0085 2
GMF9 -42.2788 67.5411 45.8294 1
GMF10 -44.798 57.7692 48.3485 2
GMF11 -44.291 48.7118 51.7993 2
GMF12 -46.3235 38.9068 54.2982 2
GMF13 -44.9488 28.8702 56.6557 3
GMF14 -46.4261 20.0047 59.1899 2
GMF15 -47.9377 10.6529 61.6963 2
GMF16 -48.9251 1.20852 65.18 2
GST33 -44.835 49.6413 1.75138 1
GST34 -49.4737 43.32 6.56051 2
GST35 -55.117 36.0328 12.3521 2
GST36 -58.8849 28.1864 17.0377 2
GST37 -59.1741 20.5351 22.6072 2
GST38 -61.5159 12.1032 27.2045 2
GST39 -61.421 2.95995 32.6706 3
GST40 -60.8424 -5.6706 37.1467 2
GST41 -44.1526 43.2098 -6.67746 1
GST42 -52.1643 37.6064 -1.69924 2
GST43 -57.8107 30.865 3.12256 1
GST44 -60.0468 23.3461 8.77281 2
GST45 -63.2906 15.4071 14.4357 2
GST46 -63.6482 6.78331 19.9498 2
GST47 -63.5937 -1.75467 23.4485 3
GST48 -62.4569 -9.99149 28.9297 2
MST1 -55.3995 -33.2272 -10.814 1
MST2 -62.702 -26.9811 -8.16325 1
MST3 -66.3112 -19.2595 -1.55286 2
MST4 -66.0606 -12.2889 4.86824 2
OCC1 -16.8835 -72.7163 49.5478 1
OCC2 -26.4067 -70.2281 52.0576 2
OCC3 -35.4153 -66.1953 52.6354 1
OCC4 -43.906 -61.1634 52.2508 2
OCC5 -51.8416 -55.1921 51.9015 2
OCC6 -57.8022 -47.7753 49.5595 2
OCC7 -60.8145 -38.9793 45.1843 3
OCC8 -62.3665 -30.2826 40.7486 3
PAR1 -18.5617 -19.3242 86.8783 1
PAR2 -27.956 -19.0033 84.2418 1
PAR3 -36.4858 -19.1158 79.542 2
PAR4 -44.0825 -18.6893 72.8345 3
PAR5 -50.74 -18.8153 66.059 2
PAR6 -57.469 -19.3681 58.2581 2
PST1 -52.2036 -59.2181 2.5537 2
PST2 -57.8717 -51.1856 6.25229 2
PST3 -62.117 -43.193 8.89275 2
PST4 -64.762 -33.9002 12.5533 2
