LA1 -2.60361 -1.75114 -25.2534 2
LA2 -7.76466 -2.09118 -24.768 2
LA3 -12.4565 -2.56523 -24.2991 2
LA4 -17.1483 -3.03929 -23.8301 3
LA5 -22.4383 -3.80686 -23.5422 3
LA6 -27.1301 -4.28091 -23.0733 3
LA7 -32.2912 -4.62096 -22.5879 2
LA8 -37.0646 -5.49256 -21.205 2
LA9 -41.7564 -5.96662 -20.7361 2
LA10 -46.5298 -6.83823 -19.3532 2
LA11 -50.8813 -7.87381 -19.0981 0
LA12 -56.7222 -8.90493 -17.8799 0
LB1 -8.42877 -10.3764 -19.678 2
LB2 -13.2496 -11.278 -19.4065 2
LB3 -18.41 -13.4322 -18.6161 2
LB4 -22.7615 -14.4678 -18.361 3
LB5 -27.5823 -15.3694 -18.0896 3
LB6 -32.6137 -17.096 -17.1016 3
LB7 -36.8363 -17.7041 -16.6491 3
LB8 -42.2079 -18.8692 -15.4473 2
LB9 -46.5595 -19.9048 -15.1922 2
LB10 -52.0601 -21.4974 -14.1879 1
LB11 -56.2827 -22.1055 -13.7353 0
LB12 -61.1851 -23.4046 -12.5499 0
LC1 -16.1163 36.3261 -25.2152 2
LC2 -18.5317 38.0751 -21.3876 2
LC3 -20.6884 38.8651 -16.86 3
LC4 -22.5049 39.0935 -12.5462 2
LC5 -24.403 38.9243 -7.31846 3
LC6 -25.281 38.8847 -3.03745 2
LC7 -26.2406 38.4475 2.1575 2
LC8 -27.3292 37.5828 7.15496 2
LC9 -28.4178 36.7181 12.1524 1
LC10 -29.7651 36.8125 16.4498 0
LC11 -31.1123 36.9069 20.7472 0
LC12 -32.4596 37.0013 25.0446 0
LD1 -18.5286 6.19194 -7.9021 2
LD2 -22.915 6.60291 -5.92673 2
LD3 -27.7707 7.14789 -3.93498 2
LD4 -32.2861 7.13133 -2.15711 2
LD5 -36.6726 7.5423 -0.181744 3
LD6 -41.5283 8.08728 1.81001 2
LD7 -46.384 8.63226 3.80176 0
LD8 -50.8994 8.6157 5.57963 0
LD9 -53.7965 9.0222 6.59189 0
LD10 -56.8226 9.00117 7.40666 0
LD11 -59.8013 9.01012 9.33287 0
LD12 -64.705 11.3393 9.9081 0
LE1 14.7114 30.8445 0.319173 2
LE2 10.1486 30.798 0.985617 3
LE3 5.11656 30.8855 1.66845 3
LE4 0.166123 31.3705 1.43734 3
LE5 -4.86593 31.458 2.12017 3
LE6 -10.027 31.118 2.60551 3
LE7 -14.5898 31.0714 3.27196 3
LE8 -19.5402 31.5565 3.04085 3
LE9 -24.5723 31.644 3.72368 3
LE10 -29.1351 31.5974 4.39012 2
LE11 -34.7654 31.3914 4.89185 1
LE12 -39.3282 31.3449 5.5583 0
LH1 8.45753 2.94067 -23.3188 3
LH2 7.36761 5.70424 -18.9315 2
LH3 6.01972 7.61277 -14.9392 3
LH4 4.9298 10.3763 -10.552 3
LH5 3.24165 12.8464 -6.34579 2
LH6 2.02275 15.1825 -2.156 2
LH7 1.01445 18.3436 1.31734 2
LH8 -0.0754607 21.1072 5.70462 3
LH9 -1.29437 23.4432 9.89441 3
LH10 -2.30266 26.6044 13.3677 3
LH11 -3.52157 28.9404 17.5575 2
LH12 -5.20972 31.4105 21.7637 2
RA1 31.0709 -2.05139 -33.3183 2
RA2 34.7782 -4.96757 -34.2557 2
RA3 38.6618 -7.42626 -33.8842 2
RA4 43.3543 -8.76635 -34.0481 2
RA5 48.2573 -9.28135 -34.9284 2
RA6 53.2078 -9.76639 -34.6973 3
RA7 57.9002 -11.1065 -34.8612 2
RA8 63.1909 -12.153 -34.844 2
RA9 67.8834 -13.4931 -35.0078 2
RA10 72.6232 -14.8032 -34.0603 2
RA11 77.4446 -15.7158 -34.0266 0
RA12 82.1371 -17.0559 -34.1905 0
RB1 29.4223 -13.7269 -28.6968 1
RB2 33.1769 -16.6131 -28.5228 2
RB3 37.4008 -19.6333 -28.3652 3
RB4 41.7536 -22.226 -28.0101 2
RB5 45.6372 -24.6847 -27.6386 2
RB6 49.8611 -27.7049 -27.481 3
RB7 54.2956 -29.9 -28.0398 2
RB8 58.1792 -32.3587 -27.6683 2
RB9 63.0013 -35.0854 -27.3296 2
RB10 66.8849 -37.5441 -26.9581 1
RB11 71.3194 -39.7392 -27.517 1
RB12 75.5432 -42.7595 -27.3594 0
RC1 40.1563 27.1341 -26.3766 3
RC2 43.6305 26.3159 -22.0456 2
RC3 47.1863 25.8953 -18.6285 3
RC4 50.2729 25.6086 -15.195 3
RC5 53.2779 24.9245 -10.8476 1
RC6 56.8337 24.5039 -7.43055 2
RC7 59.9203 24.2172 -3.99709 2
RC8 63.0542 23.9606 0.547795 2
RC9 66.4811 23.1125 3.76738 2
RC10 69.5677 22.8258 7.20084 2
RC11 73.5585 21.9036 12.6269 0
RC12 76.6451 21.617 16.0604 0
RD1 43.9642 7.95055 -22.3453 2
RD2 48.4803 6.15296 -23.8181 3
RD3 52.4798 4.45942 -26.3859 1
RD4 56.3976 2.36832 -28.0398 3
RD5 60.3971 0.674769 -30.6077 3
RD6 64.8658 -1.15279 -33.1919 3
RD7 69.1233 -1.99128 -35.3647 2
RD8 73.2518 -3.2573 -37.7351 0
RD9 77.6382 -3.66827 -39.7104 0
RD10 82.0247 -4.07924 -41.6858 0
RD11 86.3295 -4.88777 -42.7472 0
RD12 91.1852 -5.43275 -44.739 0
RE1 24.621 29.1031 -7.21249 3
RE2 29.782 29.4432 -7.69784 3
RE3 34.8141 29.3557 -8.38067 3
RE4 39.6349 30.2573 -8.65213 3
RE5 44.5853 29.7723 -8.42102 3
RE6 49.6174 29.6848 -9.10386 2
RE7 54.3092 30.1588 -9.57281 3
RE8 59.2596 29.6738 -9.3417 3
RE9 64.21 29.1888 -9.11059 3
RE10 69.2421 29.1013 -9.79342 2
RE11 74.6618 28.4822 -9.5787 1
RE12 79.143 28.1312 -9.3312 0
RH1 17.653 0.140605 -28.0923 0
RH2 19.3785 2.10013 -23.8033 2
RH3 20.6348 4.19367 -19.498 3
RH4 22.3604 6.15319 -15.209 2
RH5 23.6167 8.24673 -10.9037 2
RH6 25.3423 10.2063 -6.61471 2
RH7 27.1494 12.5633 -3.23969 2
RH8 29.004 14.9504 1.24675 2
RH9 30.7296 16.9099 5.53571 1
RH10 32.5367 19.267 8.91073 3
RH11 34.3913 21.654 13.3972 3
RH12 36.1985 24.0111 16.7722 3
