LA1 -20.9924 23.5518 -28.4341 2
LA2 -26.3389 22.0912 -27.7242 2
LA3 -30.6207 21.367 -27.8961 2
LA4 -35.9926 20.4383 -27.1024 3
LA5 -40.7874 19.158 -27.3691 2
LA6 -45.5822 17.8778 -27.6359 3
LA7 -50.4157 16.9732 -26.8312 3
LA8 -55.236 16.2249 -27.0141 3
LA9 -60.0695 15.3202 -26.2094 2
LA10 -64.8897 14.5719 -26.3923 1
LA11 -69.6977 13.1354 -25.6714 0
LA12 -74.518 12.387 -25.8544 0
LB1 -24.3126 24.8469 -27.2611 2
LB2 -28.5312 22.3707 -26.6968 2
LB3 -32.7112 19.5188 -27.2039 2
LB4 -37.4805 17.7066 -27.5544 3
LB5 -41.6859 15.3867 -27.9777 3
LB6 -46.443 12.8864 -27.4244 3
LB7 -50.674 11.0983 -27.7639 2
LB8 -54.8793 8.77825 -28.1872 1
LB9 -59.6486 6.96609 -28.5377 2
LB10 -64.4179 5.15393 -28.8882 1
LB11 -68.5979 2.30202 -29.3953 0
LB12 -72.8288 0.513912 -29.7348 0
LC1 -28.9091 6.42885 -26.1859 2
LC2 -33.6274 3.55289 -26.704 2
LC3 -37.2944 1.25693 -27.1163 2
LC4 -42.0128 -1.61903 -27.6344 3
LC5 -46.2182 -3.93904 -28.0577 3
LC6 -50.4236 -6.25905 -28.481 3
LC7 -55.1806 -8.75933 -27.9277 2
LC8 -59.4116 -10.5474 -28.2672 2
LC9 -64.1554 -12.8915 -28.7015 1
LC10 -68.374 -15.3677 -28.1372 0
LC11 -72.5795 -17.6878 -28.5605 0
LC12 -77.3488 -19.4999 -28.911 0
LD1 -19.6447 20.9701 -35.912 2
LD2 -25.0798 21.7934 -35.8546 2
LD3 -29.951 22.1088 -35.8699 2
LD4 -34.8345 23.1124 -36.7891 2
LD5 -39.7311 23.9597 -36.7207 3
LD6 -44.6023 24.2752 -36.736 3
LD7 -49.4604 24.7469 -37.739 2
LD8 -54.357 25.5942 -37.6706 2
LD9 -59.2538 26.4416 -37.6021 1
LD10 -64.1117 26.9132 -38.6051 0
LD11 -69.0083 27.7606 -38.5367 0
LD12 -73.8919 28.7641 -39.4559 0
LE1 -37.3394 23.8643 -21.5159 2
LE2 -41.7099 25.4238 -22.3403 2
LE3 -46.0418 26.6077 -24.2361 2
LE4 -50.9506 28.1431 -25.0715 3
LE5 -55.8341 29.1467 -25.9907 1
LE6 -60.1659 30.3306 -27.8865 0
LE7 -64.5365 31.89 -28.7109 0
LE8 -69.4066 33.0498 -30.6177 0
LF1 -34.8972 14.0441 -13.9239 3
LF2 -39.6543 11.5438 -13.3705 2
LF3 -43.8729 9.06763 -12.8062 2
LF4 -48.0916 6.5914 -12.2419 2
LF5 -52.3102 4.11517 -11.6775 2
LF6 -56.5544 2.17084 -11.0294 3
LF7 -60.7598 -0.149162 -11.4527 3
LF8 -64.9784 -2.62539 -10.8884 2
LF9 -69.1971 -5.10162 -10.324 1
LF10 -73.3903 -8.10975 -9.84347 0
LF11 -77.6089 -10.586 -9.27913 0
LF12 -81.8531 -12.5303 -8.631 0
LG1 -37.6324 2.26127 -12.7867 2
LG2 -42.0539 4.88458 -13.4435 3
LG3 -46.9883 6.95194 -14.1951 3
LG4 -50.8459 9.06741 -14.9247 3
LG5 -55.2551 11.0026 -14.6776 2
LG6 -59.6765 13.6259 -15.3344 3
LG7 -64.098 16.2492 -15.9912 1
LG8 -68.4685 17.8087 -16.8156 0
LH1 -8.5223 -18.8298 8.56762 2
LH2 -13.3935 -18.5144 8.55227 3
LH3 -18.2515 -18.0427 7.54929 3
LH4 -23.0972 -18.2591 7.45014 3
LH5 -28.4936 -17.8116 6.43615 3
LH6 -33.3394 -18.028 6.337 3
LH7 -38.2106 -17.7126 6.32165 3
LH8 -43.0563 -17.9291 6.22251 3
LH9 -47.9021 -18.1455 6.12337 2
LH10 -53.3116 -17.8541 6.097 2
LH11 -58.1829 -17.5386 6.08165 1
LH12 -63.0286 -17.7552 5.98251 1
LL1 -42.6186 40.5068 -10.8541 3
LL2 -47.0034 41.0658 -8.79933 3
LL3 -51.375 41.7809 -7.73224 3
LL4 -56.3235 42.8477 -5.60474 2
LL5 -60.1444 42.8988 -3.62279 0
LL6 -63.439 43.6621 -2.53367 0
LL7 -67.8238 44.2211 -0.478941 0
LL8 -71.1184 44.9843 0.610182 0
LO1 -47.4939 20.9673 -20.0851 2
LO2 -52.3773 21.9709 -21.0043 2
LO3 -57.2608 22.9744 -21.9235 2
LO4 -62.1442 23.978 -22.8427 1
LO5 -66.4638 24.4737 -23.8347 0
LO6 -71.8857 25.4532 -24.7649 0
LO7 -76.7182 25.393 -25.8517 0
LO8 -81.0377 25.8887 -26.8436 0
