LF1 -11.6398 -9.06178 49.9348 3
LF2 -16.5639 -9.41417 49.6239 3
LF3 -21.4923 -10.216 49.1123 3
LF4 -26.4163 -10.5684 48.8014 3
LF5 -31.3447 -11.3702 48.2899 3
LF6 -35.7483 -11.325 47.0771 3
LF7 -40.6767 -12.1268 46.5656 3
LF8 -45.5964 -12.0298 46.4553 3
LG1 -39.8532 -5.92441 59.2174 3
LG2 -45.3218 -6.6322 60.9218 3
LG3 -50.27 -6.94243 61.7244 3
LG4 -55.2467 -7.65993 63.4399 3
LD1 -53.9757 17.0851 28.5102 2
LD2 -57.3604 20.7061 28.9246 3
LD3 -60.721 24.2851 28.2255 3
LD4 -63.5853 28.3037 27.738 3
LE1 -46.5971 4.07967 39.3702 2
LE2 -51.5453 3.76944 40.1728 3
LE3 -56.4606 4.31588 40.2631 3
LE4 -61.4088 4.00564 41.0657 3
LB1 -31.2721 34.4 19.4164 2
LB2 -35.726 31.7908 18.1134 3
LB3 -39.6923 28.7225 16.6207 2
LB4 -43.6543 26.1037 15.3287 2
LC1 -54.5812 38.3813 30.3241 3
LC2 -59.5535 38.1133 32.2402 3
LC3 -64.001 38.6922 33.4551 2
LC4 -68.9733 38.4241 35.3712 2
LA1 -21.8617 48.274 29.1862 1
LA2 -26.3025 47.0131 28.485 2
LA3 -30.7434 45.7522 27.7839 2
LA4 -35.6805 44.0515 26.871 2
LN1 -33.9636 -2.29579 41.302 3
LN2 -38.8306 -1.83366 39.1654 3
LN3 -43.2342 -1.7885 37.9526 3
LN4 -48.6174 -1.27451 36.9184 3
LN5 -52.9925 -0.822086 34.7928 2
LN6 -57.888 -0.767219 33.569 2
LN7 -62.2916 -0.722053 32.3563 2
LN8 -67.6791 -0.657484 31.1215 2
LO1 -30.7946 -2.73341 31.3466 3
LO2 -35.2398 -4.44376 30.4448 3
LO3 -39.7178 -7.01078 30.2553 3
LO4 -44.1674 -9.17054 29.1529 3
LO5 -48.1491 -11.2978 29.175 3
LO6 -52.5986 -13.4576 28.0726 3
LO7 -57.0767 -16.0246 27.883 2
LO8 -61.0627 -18.6013 27.7045 1
LL1 -54.8169 47.0843 26.5313 3
LL2 -58.8754 44.634 29.6933 2
LL3 -62.409 43.0307 32.154 2
LL4 -65.9426 41.4275 34.6148 2
LL5 -69.9967 39.4266 37.9774 2
LL6 -73.0384 37.8136 40.4492 1
LL7 -77.0968 35.3634 43.6112 0
LL8 -81.1224 33.7698 46.061 0
LM1 -40.768 1.35106 40.5257 3
LM2 -44.1242 5.37941 40.0272 2
LM3 -47.4891 8.50893 39.1274 2
LM4 -50.8497 12.0879 38.4283 2
LM5 -54.1818 16.0741 36.8163 3
LM6 -57.0505 19.6433 36.1283 3
LM7 -60.411 23.2222 35.4291 2
LM8 -63.7716 26.8012 34.73 2
LM9 -67.1322 30.3801 34.0309 2
LM10 -69.9724 34.3566 32.4299 2
LM11 -72.3447 38.3655 31.9535 1
LM12 -75.7096 41.495 31.0538 0
LJ1 -56.6745 48.2373 44.5149 2
LJ2 -60.2366 46.2268 47.8885 2
LJ3 -63.2783 44.6138 50.3603 2
LJ4 -66.836 43.0527 53.9346 2
LK1 -39.0273 66.8664 20.5133 2
LK2 -42.5258 63.8306 20.1452 2
LK3 -46.5162 60.8045 19.766 3
LK4 -50.0147 57.7686 19.3979 3
LK5 -54.4642 55.6089 18.2954 2
LK6 -58.9466 52.5924 17.9053 2
LK7 -62.9371 49.5663 17.5261 2
LK8 -67.3866 47.4065 16.4237 2
LH1 -35.6449 14.6101 43.3145 3
LH2 -36.2465 13.4401 47.1556 2
LH3 -36.8722 12.3124 52.1102 2
LH4 -37.0103 10.7255 56.8751 3
LI1 -44.7839 46.4876 39.7236 2
LI2 -45.3965 46.708 45.2801 2
LI3 -45.4886 47.3261 49.9348 2
LI4 -46.1056 47.0972 55.2906 2
LI5 -46.2021 47.2658 59.7446 3
LI6 -46.8147 47.4863 65.3011 3
LI7 -46.9397 47.2476 70.668 3
LI8 -47.5326 46.9766 74.9103 3
LI9 -48.121 47.1549 79.3533 3
LI10 -48.7336 47.3754 84.9098 2
LI11 -49.3221 47.5537 89.3528 2
LI12 -49.4471 47.3151 94.7197 1
RD1 12.8993 -8.07218 54.4285 3
RD2 17.3204 -6.31968 56.4438 3
RD3 21.7655 -4.60934 57.3456 3
RD4 26.1866 -2.85684 59.3609 3
RD5 30.6318 -1.1465 60.2627 3
RD6 35.0769 0.563846 61.1645 3
RD7 39.4893 1.41751 62.7785 3
RD8 44.4264 3.11815 63.6913 3
RD9 48.8716 4.8285 64.5931 3
RD10 53.3167 6.53884 65.4949 2
RD11 57.7619 8.24918 66.3967 2
RD12 62.2115 10.4089 67.4991 2
RE1 43.1178 23.0291 51.7199 2
RE2 47.1126 26.5047 52.2997 2
RE3 51.103 29.5308 52.6788 2
RE4 55.065 32.1497 53.9708 2
RA1 29.3489 49.4699 30.2227 3
RA2 33.8226 51.5875 30.2116 3
RA3 38.7882 53.6954 30.2115 3
RA4 43.2662 56.2624 30.4011 3
RB1 27.6825 42.5191 32.547 3
RB2 32.5847 40.6244 31.8547 3
RB3 37.4913 39.1792 31.3631 3
RB4 41.9015 37.2942 30.6598 3
RC1 23.5951 49.7174 45.4898 2
RC2 22.4818 49.0488 50.634 2
RC3 21.3685 48.3801 55.7782 2
RC4 19.7917 48.1284 59.9985 2
