LF1 -12.6962 93.8354 19.1784 2
LF2 -11.7348 92.0187 23.7364 2
LF3 -11.2198 89.6568 28.1713 3
LF4 -10.7525 87.7591 32.8012 3
LF5 -10.2375 85.3972 37.2361 3
LF6 -9.27611 83.5805 41.7941 3
LF7 -8.76109 81.2186 46.2289 3
LF8 -7.45012 79.382 49.6083 3
LF9 -7.52471 77.8676 54.5053 3
LF10 -6.96194 75.0414 58.745 3
LF11 -6.54242 73.608 63.5701 3
LF12 -6.07514 71.7103 68.2 3
LG1 -0.909431 75.5107 36.8131 2
LG2 -6.0429 75.0637 36.6207 3
LG3 -10.73 75.1619 36.5515 3
LG4 -15.8635 74.7148 36.3591 3
LG5 -21.5388 74.651 36.4338 3
LG6 -26.1781 74.285 36.1694 3
LG7 -31.4071 74.7664 36.3673 2
LG8 -36.0942 74.8647 36.2981 2
LG9 -41.5772 74.4375 37.2843 1
LG10 -46.2643 74.5358 37.2151 0
LG11 -51.3978 74.0887 37.0228 0
LG12 -56.0849 74.1869 36.9536 0
LD1 -9.87243 62.2642 13.6787 3
LD2 -10.7767 62.4249 18.3213 3
LD3 -11.4409 61.7579 23.6804 3
LD4 -12.2973 61.4543 28.1279 3
LD5 -13.0093 61.2516 33.6821 3
LD6 -13.8658 60.948 38.1297 3
LD7 -15.2164 60.5634 42.6491 3
LD8 -15.9283 60.3607 48.2033 3
LD9 -16.7848 60.0571 52.6508 3
LD10 -17.689 60.2177 57.2934 3
LD11 -18.8473 59.4697 62.7245 3
LD12 -20.7398 59.4683 67.5109 3
LE1 -0.888662 80.1154 10.1228 2
LE2 -1.79288 80.276 14.7654 2
LE3 -2.69711 80.4367 19.408 2
LE4 -3.40905 80.234 24.9622 2
LE5 -3.77141 80.0114 29.3378 2
LE6 -4.48335 79.8087 34.892 2
LE7 -5.33983 79.5051 39.3395 2
LE8 -6.24405 79.6658 43.9822 2
LE9 -7.45012 79.382 49.6083 3
LE10 -7.81248 79.1595 53.9839 3
LE11 -8.52442 78.9568 59.5381 3
LE12 -9.42864 79.1174 64.1807 3
LB1 -12.3399 19.8079 23.605 2
LB2 -16.3559 16.3939 24.1884 2
LB3 -19.2392 13.2429 25.7346 2
LB4 -23.2553 9.82885 26.318 3
LB5 -26.9695 6.85918 25.9178 3
LB6 -30.4915 3.52619 26.4292 3
LB7 -34.5075 0.112159 27.0126 3
LB8 -38.5713 -2.8376 27.7911 3
LC1 -22.0152 44.3498 31.0393 3
LC2 -20.2425 46.2885 34.729 3
LC3 -19.0117 48.6105 38.6857 3
LC4 -17.2867 51.0135 42.5705 3
LC5 -15.8635 52.9722 47.4388 3
LC6 -14.6327 55.2942 51.3956 3
LC7 -12.9077 57.6972 55.2804 3
LC8 -11.6769 60.0192 59.2371 3
LC9 -10.2537 61.9778 64.1055 3
LC10 -9.02285 64.2998 68.0622 3
LC11 -8.28611 66.5408 72.0908 3
LC12 -6.91072 68.9637 77.1543 3
LA1 -9.18579 28.5913 23.1495 2
LA2 -14.0792 27.3166 23.6737 2
LA3 -18.4786 26.123 24.1258 3
LA4 -23.372 24.8484 24.65 3
LA5 -28.3132 24.038 25.3692 2
LA6 -33.2544 23.2276 26.0884 2
LA7 -37.7015 22.4982 26.7357 2
LA8 -42.8967 20.7792 28.2433 2
LH1 -0.806566 73.45 60.1034 2
LH2 -6.52964 73.8505 60.3731 3
LH3 -10.5794 72.6369 59.6467 3
LH4 -15.7129 72.1899 59.4543 2
LH5 -20.8463 71.7428 59.2619 3
LH6 -25.4379 70.9125 58.8025 2
LH7 -30.5714 70.4654 58.6101 2
LH8 -35.6571 69.5541 58.2226 1
LH9 -40.201 68.2595 57.5681 0
LH10 -45.3344 67.8125 57.3757 0
LH11 -50.0215 67.9107 57.3065 0
LH12 -55.1073 66.9994 56.919 0
LI1 1.64857 48.8826 70.6364 2
LI2 -3.72492 49.2631 69.7275 3
LI3 -8.55655 49.2604 68.5516 3
LI4 -13.4359 49.722 67.5708 3
LI5 -17.8212 50.2646 66.518 3
LI6 -22.7005 50.7262 65.5372 3
LI7 -28.074 51.1067 64.6283 2
LI8 -33.0012 52.0325 63.8427 2
RD1 11.3017 54.0803 14.7265 2
RD2 12.1199 53.6564 19.8699 2
RD3 12.9858 52.7683 24.8181 3
RD4 13.8039 52.3445 29.9615 2
RD5 14.4298 52.284 34.1932 2
RD6 15.2957 51.3959 39.1414 2
RD7 16.608 51.0531 44.2129 2
RD8 17.9203 50.7103 49.2843 3
RD9 19.088 50.2666 53.249 3
RD10 20.8944 50.0049 58.2485 3
RD11 21.7126 49.581 63.3919 3
RD12 23.0248 49.2383 68.4633 3
RE1 10.0774 80.9697 8.15025 1
RE2 12.378 80.789 13.0778 3
RE3 14.2321 80.063 17.8822 3
RE4 16.3881 79.7813 21.7031 3
RE5 18.7363 79.1363 26.4356 3
RE6 20.8923 78.8547 30.2564 3
RE7 23.2406 78.2097 34.9889 3
RE8 25.0947 77.4837 39.7933 3
RE9 27.2507 77.202 43.6142 3
RE10 29.1048 76.476 48.4186 2
RE11 31.2131 76.6586 52.4346 2
RE12 33.5136 76.4779 57.3622 2
RF1 9.40404 96.1895 24.231 3
RF2 13.1366 93.7287 25.7538 3
RF3 17.3155 91.8132 27.3999 3
RF4 21.5421 89.4334 28.8508 2
RF5 25.2746 86.9725 30.3736 2
RF6 29.6936 84.2294 32.7362 2
RF7 33.9202 81.8497 34.1871 3
RF8 38.0991 79.9341 35.8331 3
RF9 41.8317 77.4733 37.356 2
RF10 46.0106 75.5578 39.002 2
RF11 50.6836 73.7233 40.5761 1
RF12 54.8625 71.8078 42.2221 1
RG1 10.8556 68.23 34.7207 3
RG2 15.5904 67.6675 34.5948 3
RG3 20.8671 66.7217 34.2018 3
RG4 25.6019 66.1592 34.0759 3
RG5 30.3845 65.1324 33.7549 3
RG6 35.6135 64.651 33.5571 2
RG7 40.3961 63.6242 33.236 3
RG8 45.1309 63.0617 33.1101 3
RG9 50.4076 62.1159 32.7172 3
RG10 55.1425 61.5534 32.5913 2
RG11 59.925 60.5266 32.2703 1
RG12 64.6599 59.9641 32.1444 0
RA1 21.1055 27.9627 24.1887 2
RA2 25.7436 26.835 22.7609 2
RA3 30.7803 26.7168 21.6515 2
RA4 35.0687 25.609 21.4024 2
RA5 40.1531 25.0266 20.0978 3
RA6 45.1898 24.9084 18.9884 3
RA7 49.7801 24.245 17.7558 3
RA8 54.8168 24.1269 16.6463 3
RA9 59.8057 24.473 15.732 3
RA10 64.3483 24.2738 14.6945 3
RA11 69.385 24.1556 13.5851 2
RA12 74.3262 24.966 12.8658 0
RB1 26.568 19.1849 16.2471 2
RB2 30.4438 15.3312 17.1846 3
RB3 34.3336 13.2138 16.6172 2
RB4 37.9694 10.1878 16.8383 2
RB5 42.0992 7.2428 16.9874 2
RB6 46.2291 4.2978 17.1365 2
RB7 50.3589 1.35281 17.2856 2
RB8 54.4888 -1.59219 17.4347 2
RB9 58.6186 -4.53719 17.5838 3
RB10 62.7485 -7.48218 17.7329 2
RB11 66.3842 -10.5082 17.9539 2
RB12 71.056 -13.8364 17.836 1
RC1 29.9362 38.3037 25.3506 2
RC2 30.0202 38.6264 29.8493 2
RC3 30.3443 38.1215 35.0646 2
RC4 30.1742 37.5356 40.3518 2
RC5 30.7523 37.9394 44.7787 2
RC6 30.8841 37.7979 49.0823 3
RC7 30.6663 37.6762 54.5646 3
RC8 30.9426 37.6356 59.975 3
RC9 31.0266 37.9584 64.4738 3
RC10 30.6165 38.2001 69.0445 3
RC12 31.1691 38.1189 79.8653 2
RC11 30.8928 38.1595 74.4549 2
RH1 12.4379 75.0729 56.8596 2
RH2 16.7881 75.237 54.9105 3
RH3 21.8248 75.1189 53.8011 3
RH4 26.8615 75.0007 52.6917 3
RH5 31.3086 75.7301 52.0444 2
RH6 36.153 75.9753 50.0233 2
RH7 41.1419 76.3214 49.109 2
RH8 45.6367 76.5865 48.2666 1
RH9 50.6257 76.9326 47.3522 1
RH10 55.4223 77.6421 45.5263 0
RH11 59.9649 77.4429 44.4888 0
RH12 65.4479 77.8701 43.5025 0
RI1 10.2818 53.6119 64.1185 2
RI2 15.1739 53.3928 61.9024 2
RI3 19.7165 53.1936 60.8648 3
RI4 24.5609 53.4388 58.8438 3
RI5 29.1035 53.2396 57.8063 3
RI6 34.1401 53.1215 56.6968 2
RI7 38.4427 53.7499 54.9428 2
RI8 43.4794 53.6317 53.8334 2
RI9 48.4683 53.9779 52.9191 3
RI10 52.8186 54.142 50.9699 2
RI11 57.8553 54.0239 49.8605 2
RI12 62.8919 53.9057 48.7511 1
RK1 15.8407 -12.7811 59.5209 2
RK2 21.276 -11.8896 58.7297 2
RK3 25.4212 -11.6046 59.066 3
RK4 30.3624 -10.7943 58.3468 3
RK5 35.3513 -10.4481 57.4324 3
RK6 40.388 -10.5663 56.323 3
RK7 45.0751 -10.6645 56.3922 3
RK8 50.064 -10.3184 55.4779 3
RK9 55.2453 -10.3356 55.4751 3
RK10 59.8846 -9.96956 55.7394 3
RK11 65.0181 -9.52249 55.9318 3
RK12 70.1515 -9.07542 56.1242 2
