LA1 11.4829 40.9566 -4.39028 1
LA2 6.07136 40.8073 -5.27332 2
LA3 1.6415 40.2714 -6.43716 2
LA4 -3.28937 40.5668 -7.10128 2
LA5 -7.72601 40.4563 -8.02557 2
LA6 -13.1376 40.3069 -8.90862 2
LA7 -18.0685 40.6024 -9.57274 3
LA8 -22.5119 40.9173 -10.2575 2
LA9 -27.4359 40.7873 -11.1612 1
LA10 -32.8542 41.0634 -11.8047 1
LA11 -37.7784 40.9335 -12.7083 1
LA12 -42.2218 41.2484 -13.3931 0
LB1 5.70575 33.1302 -9.56449 1
LB2 0.399946 32.4279 -8.46725 2
LB3 -4.46789 31.8088 -8.50055 2
LB4 -9.33573 31.1898 -8.53385 1
LB5 -14.1541 30.5069 -7.45723 2
LB6 -19.0219 29.8877 -7.49053 3
LB7 -23.8402 29.2049 -6.41392 2
LB8 -28.7081 28.5858 -6.44722 2
LB9 -33.5827 28.3921 -6.24097 1
LB10 -38.4573 28.1984 -6.03473 1
LB11 -43.2757 27.5155 -4.95811 1
LB12 -48.1435 26.8964 -4.99141 0
LC1 -12.959 19.3833 10.3414 3
LC2 -16.9848 21.0575 9.24477 3
LC3 -21.5047 23.1379 8.40828 3
LC4 -26.0248 25.2182 7.5718 3
LC5 -30.0505 26.8925 6.47514 3
LC6 -34.5637 28.5474 5.39912 1
LC7 -39.0769 30.2023 4.32309 2
LC8 -43.1094 32.302 3.46598 1
LC9 -48.1101 33.9374 2.41058 0
LC10 -52.1359 35.6118 1.31392 0
LC11 -56.649 37.2666 0.237895 0
LC12 -61.1623 38.9215 -0.838133 0
LD1 22.2431 -13.8025 13.5421 1
LD2 17.2493 -12.5924 12.2471 1
LD3 12.3116 -11.8715 11.8225 2
LD4 7.43698 -12.0652 12.0288 3
LD5 2.5061 -11.7697 11.3647 3
LD6 -2.3685 -11.9634 11.5709 1
LD7 -7.2926 -12.0934 10.6672 2
LD8 -12.2235 -11.7979 10.0031 1
LD9 -17.0981 -11.9916 10.2094 1
LD10 -22.5164 -11.7155 9.56586 1
LD11 -27.4473 -11.42 8.90173 2
LD12 -32.3219 -11.6137 9.10798 1
LE1 3.89843 -22.9168 22.2437 3
LE2 -1.51313 -23.0662 21.3606 3
LE3 -6.38096 -23.6853 21.3273 2
LE4 -10.7681 -23.8596 21.5129 2
LE5 -16.1234 -24.4981 21.5003 1
LE6 -21.0475 -24.6281 20.5966 1
LE7 -25.9221 -24.8218 20.8028 1
LE8 -30.7967 -25.0155 21.0091 0
LE9 -35.7209 -25.1454 20.1054 0
LE10 -41.0761 -25.7838 20.0928 0
LE11 -45.9372 -26.8284 19.8199 0
LE12 -51.2925 -27.4669 19.8072 0
LF1 8.26712 -27.4888 5.60439 3
LF2 3.89351 -28.5141 5.31092 3
LF3 -1.01705 -29.4948 3.92817 3
LF4 -5.39066 -30.52 3.6347 2
LF5 -10.2449 -31.99 3.12232 2
LF6 -15.1555 -32.9708 1.73956 2
LF7 -20.0234 -33.5899 1.70626 0
LF8 -24.8845 -34.6345 1.43342 0
LF9 -29.6893 -36.1682 2.03095 0
LF10 -34.557 -36.7873 1.99765 0
LF11 -39.9056 -37.8513 1.74543 0
LF12 -44.2792 -38.8764 1.45196 0
LG1 -5.50759 -13.6567 -6.41193 2
LG2 -9.30829 -13.9391 -4.02711 2
LG3 -13.0595 -14.2853 -0.532377 2
LG4 -17.2982 -14.6508 2.98298 2
LG5 -21.0921 -15.3588 5.12826 1
LG6 -25.3308 -15.7243 8.64362 1
LG7 -30.0569 -16.1092 12.1796 1
LG8 -33.8576 -16.3916 14.5644 0
LG9 -38.0895 -17.1826 17.8402 0
LG10 -42.3776 -17.4844 20.2457 0
LG11 -46.6095 -18.2754 23.5215 0
LG12 -49.0108 -17.5852 25.2136 0
LH1 -9.48061 68.0913 -0.422895 1
LH2 -12.259 64.8696 0.243868 1
LH3 -14.9744 60.7332 1.54146 1
LH4 -17.6965 57.0223 3.07859 1
LH5 -19.9875 53.82 3.72473 2
LH6 -23.197 50.0897 5.28249 2
LH7 -25.9124 45.9534 6.58008 3
LH8 -28.6976 43.1571 7.48639 2
LH9 -31.9003 39.0013 8.8046 2
LH10 -35.1168 35.6965 10.6019 1
LH11 -38.3826 32.4555 11.2893 2
LH12 -41.5922 28.7252 12.847 2
LK1 -9.02109 1.52608 17.2846 3
LK2 -13.3316 -0.413708 17.622 3
LK3 -17.6423 -2.3535 17.9593 3
LK4 -22.4471 -3.88723 18.5568 2
LK5 -27.2451 -5.84638 18.9148 3
LK6 -32.1062 -6.89094 18.642 2
LK7 -36.4235 -8.4053 19.2189 1
LK8 -41.2351 -9.5136 20.056 0
LK9 -46.6466 -9.66291 19.1729 0
LK10 -51.5572 -10.6437 17.7902 0
LK11 -55.9803 -11.6052 16.3868 0
LK12 -60.4034 -12.5666 14.9834 0
LL1 18.1742 -3.3217 19.6957 3
LL2 12.8819 -4.8748 20.3138 3
LL3 8.1334 -6.8977 21.7817 3
LL4 3.81606 -8.41206 22.3586 3
LL5 -0.98875 -9.94578 22.9561 3
LL6 -5.36236 -10.971 22.6627 3
LL7 -10.1672 -12.5047 23.2602 1
LL8 -14.4845 -14.019 23.8371 1
LL9 -19.2893 -15.5528 24.4346 3
LL10 -24.0941 -17.0865 25.0321 1
LL11 -28.8989 -18.6203 25.6297 1
LL12 -34.2048 -19.3225 26.7269 0
