LA1 -14.4737 7.76035 8.60515 2
LA2 -19.4091 6.68457 9.13355 2
LA3 -23.8569 5.59875 9.68441 2
LA4 -28.7924 4.52296 10.2128 3
LA5 -34.2156 3.4572 10.7187 3
LA6 -38.6139 2.59607 10.2964 3
LA7 -43.0618 1.51026 10.8473 3
LA8 -48.4849 0.444493 11.3532 3
LA9 -53.4204 -0.631296 11.8816 3
LA10 -58.3559 -1.70709 12.41 3
LA11 -63.779 -2.77285 12.916 2
LA12 -67.685 -3.16831 12.6262 0
LB1 -18.4903 0.956213 7.85769 2
LB2 -23.9723 -1.28561 9.11667 2
LB3 -27.9372 -2.85715 9.57993 2
LB4 -32.3945 -4.89434 9.91066 2
LB5 -36.364 -6.94157 10.2639 3
LB6 -41.3584 -9.19343 11.5453 3
LB7 -45.3233 -10.765 12.0086 3
LB8 -49.83 -13.0268 13.3125 2
LB9 -54.3367 -15.2888 14.6164 2
LB10 -58.8386 -17.0749 16.0304 2
LB11 -63.296 -19.1122 16.3611 2
LB12 -67.7979 -20.8983 17.7751 0
LC1 -25.6284 -11.2187 8.79432 3
LC2 -30.0857 -13.2559 9.12505 2
LC3 -34.1001 -15.0521 10.5615 3
LC4 -38.6068 -17.314 11.8654 3
LC5 -42.6304 -20.0617 13.0817 3
LC6 -47.1419 -22.7992 14.2755 3
LC7 -51.1115 -24.8464 14.6287 2
LC8 -55.1305 -27.1183 15.9551 2
LC9 -60.1295 -29.8459 17.1265 2
LC10 -64.0992 -31.8931 17.4797 0
LC11 -68.6059 -34.155 18.7836 0
LC12 -73.0631 -36.1922 19.1143 0
LD1 -25.5153 28.8183 24.2091 3
LD2 -30.9101 30.6067 25.3754 2
LD3 -34.8915 32.1403 27.5823 2
LD4 -38.8234 33.8986 28.816 2
LD5 -44.2183 35.687 29.9824 3
LD6 -48.2043 36.7449 32.0792 2
LD7 -52.1362 38.5033 33.3129 1
LD8 -58.0682 40.0769 35.4299 0
LD9 -62.0001 41.8352 36.6637 0
LD10 -66.9073 43.6136 37.8525 0
LD11 -68.4598 44.1457 39.9516 0
LD12 -74.2081 45.1911 37.8457 0
LF1 -2.82607 49.5121 29.1122 3
LF2 -7.75214 49.3877 29.8607 3
LF3 -12.6735 49.739 30.7193 3
LF4 -17.5949 50.0903 31.5779 3
LF5 -22.0285 50.4316 32.4589 3
LF6 -27.4422 50.3172 33.185 3
LF7 -32.4131 50.4438 35.0168 3
LF8 -36.8514 50.3093 35.7878 3
LF9 -42.2652 50.1949 36.5138 2
LF10 -46.7483 50.3115 38.3681 1
LF11 -51.6744 50.1871 39.1166 0
LF12 -56.6005 50.0627 39.8651 0
LG1 -3.00467 28.3492 44.7683 3
LG2 -8.35952 29.4109 44.7413 3
LG3 -12.7485 29.5011 44.5392 3
LG4 -18.0539 30.7875 43.539 3
LG5 -22.9258 31.3635 43.4244 3
LG6 -27.7977 31.9394 43.3098 3
LG7 -32.6696 32.5154 43.1953 3
LG8 -37.5415 33.0914 43.0807 3
LG9 -42.4134 33.6673 42.9661 3
LG10 -47.2853 34.2433 42.8515 2
LG11 -52.6448 34.8293 42.7145 1
LG12 -57.5167 35.4053 42.5999 0
LH1 -3.94444 -23.6206 41.97 2
LH2 -8.81634 -23.0446 41.8554 3
LH3 -13.6929 -22.9443 41.6308 3
LH4 -18.5648 -22.3683 41.5162 3
LH5 -23.4415 -22.2681 41.2916 3
LH6 -28.3629 -21.9168 42.1502 3
LH7 -33.2348 -21.3408 42.0356 3
LH8 -38.599 -21.2305 41.7885 3
LH9 -42.9832 -20.6646 41.6964 2
LH10 -48.3475 -20.5543 41.4492 2
LH11 -53.2688 -20.2029 42.3078 2
LH12 -58.1407 -19.627 42.1933 2
RA1 14.8449 8.33475 9.19998 2
RA2 19.3281 8.21817 7.34574 2
RA3 24.7418 8.33254 6.61968 2
RA4 29.6632 7.98126 5.76108 3
RA5 34.5845 7.62998 4.90249 3
RA6 39.0182 7.28872 4.02143 3
RA7 43.989 7.16211 2.18966 3
RA8 49.3933 6.32511 1.24346 2
RA9 54.3147 5.97383 0.384863 2
RA10 59.2313 5.14685 -0.583798 2
RA11 64.148 4.31988 -1.55246 0
RA12 69.0693 3.96858 -2.41105 0
RB1 21.2363 3.89684 6.44501 2
RB2 25.0646 1.21347 7.04758 2
RB3 29.3758 -1.95561 7.56254 2
RB4 32.7118 -5.10464 8.03258 2
RB5 37.023 -8.27372 8.54754 3
RB6 40.8466 -11.4328 9.04004 3
RB7 44.2366 -13.8814 8.64697 3
RB8 49.0355 -17.0605 9.1844 3
RB9 53.3962 -20.005 8.72618 3
RB10 57.2292 -22.2126 9.43882 2
RB11 61.5404 -25.3817 9.95378 2
RB12 65.4181 -27.8403 9.58317 0
RE1 4.4706 28.5187 52.3803 2
RE2 6.20226 30.2093 57.9964 2
RE3 7.491 31.659 62.5068 2
RE4 8.77974 33.1086 67.0172 3
RE5 10.1179 34.7829 70.5545 3
RE6 11.4114 36.7082 75.175 2
RE7 13.1877 38.1478 79.7079 1
RE8 14.526 39.8222 83.2451 0
RE9 15.8147 41.2718 87.7556 0
RE10 16.1281 42.7415 92.2211 0
RE11 17.8857 42.2783 96.3137 0
RE12 19.2592 42.7502 98.5476 0
RF1 4.76259 29.3911 46.4311 2
RF2 9.55444 30.2685 48.9323 2
RF3 13.4204 31.3907 50.4154 3
RF4 18.2123 32.2681 52.9166 3
RF5 22.5612 32.9046 54.3121 3
RF6 27.3531 33.782 56.8133 3
RF7 31.7067 34.8942 58.3189 3
RF8 36.0603 36.0063 59.8244 2
RF9 40.8474 36.4081 62.2155 1
RF10 45.2011 37.5202 63.7211 0
RF11 49.9929 38.3976 66.2223 0
RF12 54.3418 39.0341 67.6178 0
RG1 4.62834 20.604 45.4231 2
RG2 9.54969 20.2527 44.5645 3
RG3 14.471 19.9014 43.7059 3
RG4 19.8801 19.5401 42.8698 3
RG5 24.3138 19.1988 41.9887 3
RG6 29.2351 18.8476 41.1302 3
RG7 34.1517 18.0206 40.1615 3
RG8 39.6102 17.8839 38.3522 2
RG9 44.0439 17.5427 37.4711 2
RG10 48.4776 17.2014 36.5901 2
RG11 53.4484 17.0748 34.7583 3
RG12 58.4145 16.4725 32.8165 2
