LAD1 -10.7146 1.27848 2.52274 2
LAD2 -15.0022 1.00439 1.16133 2
LAD3 -20.3396 1.46669 0.54006 2
LAD4 -24.6271 1.19261 -0.821347 2
LAST1 -13.9559 13.5249 -15.7795 2
LAST2 -15.2463 24.0672 -12.5831 2
LAST3 -20.8256 30.3041 -10.6671 2
LAST4 -28.2526 32.1653 -4.5756 2
LAST5 -36.5099 28.0473 -0.0211941 2
LAST6 -42.2924 21.7836 4.31726 2
LFPA1 -11.0434 -10.91 75.7156 1
LFPA2 -19.5948 -6.48572 72.6516 1
LFPA3 -27.0192 -3.53575 68.018 2
LFPA4 -34.3326 0.0878563 62.1647 1
LFPA5 -40.9715 3.64796 54.307 2
LFPA6 -45.7103 5.32904 47.1481 1
LHD1 -15.4137 -4.31003 5.73083 2
LHD2 -19.7786 -3.84624 5.19887 2
LHD3 -24.6522 -4.3242 4.8824 2
LHD4 -29.0395 -4.80142 4.61058 3
LMST1 -15.3514 -21.0996 -0.00680419 2
LMST2 -23.2395 -17.2094 -4.94521 2
LMST3 -30.7412 -13.5216 -8.74937 1
LMST4 -39.4697 -8.56256 -9.89436 2
LPA1 -34.0572 -40.0873 59.8367 1
LPA2 -40.6188 -33.7781 56.431 1
LPA3 -47.0034 -28.0036 51.1062 1
LPA4 -51.9068 -21.2859 45.6553 2
LPST1 -32.2039 -57.9431 -2.75914 2
LPST2 -36.191 -50.0894 -2.18892 2
LPST3 -38.586 -40.6188 -2.96454 2
LPST4 -42.7376 -31.2155 -5.96789 1
RAD1 19.907 -2.63205 0.184569 2
RAD2 24.9352 -3.62985 -1.15785 2
RAD3 29.3998 -3.89051 -1.71548 2
RAD4 33.9418 -4.88905 -3.10255 2
RAST1 38.848 18.3201 -19.5392 2
RAST2 46.5592 11.4776 -17.9632 2
RAST3 52.2368 4.89953 -15.6063 2
RAST4 57.2063 -3.02659 -10.8548 2
RFP1 18.8563 -24.7018 76.0643 2
RFP2 28.8915 -23.607 73.5585 1
RFP3 37.645 -23.0492 68.9998 1
RFP4 46.8848 -22.4906 64.4857 1
RFP5 52.9204 -21.531 57.4798 2
RFP6 58.592 -19.428 49.0796 1
RFPA1 43.4007 56.1492 37.0398 1
RFPA2 47.7756 48.6375 32.2413 2
RFPA3 51.542 39.9809 28.7479 2
RFPA4 54.0381 31.2578 23.0714 2
RFPA5 55.8596 22.5983 19.3993 2
RFPA6 57.7809 14.1418 14.6377 2
RHD1 22.7096 -11.9084 7.19683 2
RHD2 25.9263 -11.2946 4.19598 2
RHD3 30.1042 -11.1497 1.41452 2
RHD4 34.2048 -10.267 -0.537502 2
RMST1 22.2046 -40.0551 2.48718 2
RMST2 30.0081 -38.5578 -2.42103 2
RMST3 39.2816 -36.5877 -7.32535 2
RMST4 47.7146 -33.5489 -8.43625 1
RPT1 43.9766 -68.4445 6.15369 2
RPT2 50.1006 -60.7783 8.75124 2
RPT3 54.6999 -51.9059 11.9142 2
RPT4 57.3543 -43.0365 14.8985 2
