LA1 -10.2333 20.0234 -8.8894 2
LA2 -15.56 21.8025 -8.02714 2
LA3 -19.4644 23.7571 -8.09998 3
LA4 -24.2865 25.1193 -7.23577 3
LA5 -29.1115 26.9872 -7.35063 2
LA6 -33.9337 28.3494 -6.48642 3
LA7 -38.3397 30.2154 -5.58214 2
LA8 -43.1617 31.5775 -4.71793 2
LA9 -48.0281 33.4002 -3.83467 2
LA10 -52.8502 34.7624 -2.97046 0
LA11 -57.6723 36.1246 -2.10624 0
LA12 -62.0783 37.9906 -1.20197 0
LB1 -20.0043 14.8798 -8.52496 2
LB2 -24.3218 15.825 -7.65878 3
LB3 -29.0996 16.7268 -6.81362 3
LB4 -33.9218 18.0891 -5.94941 3
LB5 -38.6996 18.991 -5.10424 3
LB6 -43.5216 20.3531 -4.24003 3
LB7 -48.2994 21.255 -3.39487 3
LB8 -53.1629 22.5719 -1.53253 2
LB9 -57.9407 23.4738 -0.687369 1
LB10 -62.7627 24.8359 0.176844 0
LB11 -67.6262 26.1529 2.03918 0
LB12 -71.9436 27.0981 2.90535 0
LC1 -17.5488 1.93846 -5.00282 2
LC2 -22.6984 1.87614 -4.21677 2
LC3 -27.3464 1.90249 -4.40783 2
LC4 -32.496 1.84018 -3.62177 3
LC5 -37.1853 1.82126 -2.81471 3
LC6 -42.2937 1.8042 -3.02678 3
LC7 -47.4433 1.74189 -2.24072 3
LC8 -52.5518 1.72483 -2.45279 2
LC9 -57.241 1.70591 -1.64573 2
LC10 -61.9303 1.687 -0.838663 0
LC11 -67.5403 1.58127 -0.0736201 0
LC12 -72.2296 1.56236 0.733444 0
LD1 -27.4347 28.0932 14.8103 2
LD2 -32.124 28.0743 15.6174 1
LD3 -37.3179 28.4723 16.4225 3
LD4 -41.9659 28.4986 16.2314 3
LD5 -47.1156 28.4363 17.0175 2
LD6 -52.2652 28.374 17.8035 1
LD7 -57.4148 28.3117 18.5896 0
LD8 -62.1041 28.2928 19.3966 0
LD9 -66.7521 28.3192 19.2056 0
LD10 -71.9018 28.2568 19.9916 0
LE1 -28.3375 8.49701 13.8842 2
LE2 -32.9855 8.52336 13.6931 2
LE3 -38.0496 8.04595 13.462 2
LE4 -43.158 8.02889 13.2499 3
LE5 -48.2663 8.01185 13.0379 3
LE6 -53.3304 7.53442 12.8067 2
LE7 -58.0197 7.5155 13.6138 1
LE8 -63.1281 7.49846 13.4017 0
LE9 -68.1922 7.02103 13.1706 0
LE10 -73.3005 7.00398 12.9585 0
LE11 -78.8692 6.94352 12.7255 0
LE12 -83.0126 6.55291 12.5364 0
LF1 6.67138 40.6503 26.8094 2
LF2 1.61027 39.6672 27.5573 3
LF3 -3.45083 38.6841 28.3053 3
LF4 -8.05156 37.7445 29.0743 3
LF5 -13.1127 36.7614 29.8222 3
LF6 -17.7164 36.3274 29.6121 3
LF7 -22.7774 35.3443 30.3601 2
LF8 -27.3783 34.4046 31.129 2
LF9 -32.4394 33.4216 31.877 1
LF10 -37.5005 32.4385 32.6249 2
LF11 -42.0569 31.0385 33.3749 2
LF12 -47.1623 30.5157 34.1419 1
LG1 -6.60387 46.5043 -10.5439 2
LG2 -6.76603 45.8175 -5.57229 2
LG3 -6.92818 45.1309 -0.600732 3
LG4 -7.09033 44.4442 4.37083 3
LG5 -7.25248 43.7574 9.34239 3
LG6 -7.41463 43.0707 14.3139 3
LG7 -7.57679 42.384 19.2855 3
LG8 -7.78321 42.1576 24.2761 3
LG9 -7.94537 41.4708 29.2477 3
LG10 -8.10752 40.7842 34.2192 3
LG11 -8.31394 40.5578 39.2098 2
LG12 -8.47609 39.8711 44.1814 2
LH1 -27.985 50.9001 -20.2458 3
LH2 -29.9297 46.4944 -19.5242 2
LH3 -31.8744 42.0888 -18.8025 3
LH4 -33.7748 37.2228 -18.1 3
LH5 -36.1798 32.7737 -17.3994 3
LH6 -38.1659 28.3229 -15.6796 3
LH7 -39.6502 23.9606 -14.937 3
LH8 -42.0553 19.5115 -14.2364 1
LH9 -43.9556 14.6455 -13.5338 2
LH10 -45.9003 10.2399 -12.8122 2
LH11 -48.3497 6.25116 -12.0925 2
LH12 -50.2502 1.38513 -11.3899 2
LI1 -37.4958 3.93045 -20.7658 1
LI2 -41.2141 2.52667 -17.9776 3
LI3 -44.9324 1.12289 -15.1894 1
LI4 -48.6919 -0.32616 -11.4031 2
LI5 -52.4102 -1.72994 -8.61493 3
LI6 -56.1698 -3.17899 -4.82863 2
LI7 -59.8881 -4.58276 -2.04045 1
LI8 -62.6886 -5.39409 -0.189316 0
LI9 -66.4039 -7.30352 3.57794 0
LI10 -69.7473 -8.24879 7.4043 0
LI11 -73.0053 -9.60917 10.2135 0
LI12 -74.8821 -10.8393 13.0857 0
LJ1 -22.4075 -35.0986 35.1954 3
LJ2 -27.0143 -35.027 34.0062 2
LJ3 -31.6623 -35.0007 33.8152 2
LJ4 -36.269 -34.9291 32.626 1
LJ5 -41.3361 -34.9008 31.4158 2
LJ6 -46.8635 -34.916 30.1846 2
LJ7 -51.4702 -34.8444 28.9954 1
LJ8 -56.5373 -34.8162 27.7853 0
LJ9 -61.6043 -34.7879 26.5751 0
LJ10 -65.7507 -34.6729 25.4069 0
LJ11 -70.3574 -34.6013 24.2177 0
LJ12 -75.5514 -34.2032 25.0228 0
RA1 27.5671 13.3162 -17.6489 1
RA2 32.5398 15.22 -18.3588 2
RA3 37.5123 17.1238 -19.0686 2
RA4 41.5228 18.8956 -18.8224 2
RA5 46.5396 20.339 -19.5513 2
RA6 51.5122 22.2428 -20.2611 3
RA7 56.0274 23.5976 -20.0129 3
RA8 60.9999 25.5014 -20.7228 2
RA9 65.5564 26.9014 -21.4727 2
RA10 70.0273 28.7166 -21.2054 1
RA11 74.9998 30.6204 -21.9153 0
RA12 79.5151 31.9752 -21.6671 0
RB1 32.4308 12.5559 -10.469 2
RB2 37.5391 12.573 -10.257 2
RB3 42.1871 12.5466 -10.0659 3
RB4 47.2542 12.5184 -8.85572 3
RB5 52.3184 12.9958 -8.6246 3
RB6 56.9664 12.9695 -8.43354 2
RB7 61.9891 13.4016 -7.2043 2
RB8 67.0533 13.8791 -6.97319 2
RB9 71.6569 14.3131 -6.76308 2
RB10 77.1814 14.8339 -6.51095 1
RB11 82.2455 15.3113 -6.27983 0
RB12 86.8522 15.2397 -5.09065 0
RC1 33.2396 2.24664 -6.89564 2
RC2 38.3892 2.30896 -7.68169 2
RC3 43.0372 2.28261 -7.49063 2
RC4 48.1869 2.34493 -8.27669 3
RC5 52.8349 2.31857 -8.08563 2
RC6 58.445 2.4243 -8.85067 2
RC7 63.093 2.39794 -8.65961 2
RC8 68.2426 2.46027 -9.44567 2
RC9 72.8906 2.43392 -9.25461 2
RC10 78.5006 2.53964 -10.0197 1
RC11 83.1928 2.05291 -9.84764 0
RC12 88.3425 2.11523 -10.6337 0
RD1 44.5927 26.3469 10.6972 2
RD2 49.6156 26.779 11.9264 2
RD3 53.7176 27.1244 13.1136 2
RD4 58.7404 27.5565 14.3429 3
RD5 64.1823 27.9868 16.5912 3
RD6 68.7447 28.3756 17.7995 2
RD7 73.3072 28.7643 19.0077 1
RD8 78.2887 29.1512 21.2351 0
RD9 82.8069 30.0003 22.4623 0
RD10 86.9089 30.3457 23.6496 0
RD11 91.976 30.3175 24.8597 0
RD12 96.1696 29.2364 26.9879 0
RE1 48.6655 16.3867 13.4195 2
RE2 53.4433 15.4848 12.5744 1
RE3 58.2212 14.583 11.7292 2
RE4 63.0432 13.2207 10.865 3
RE5 67.3577 12.7812 9.01973 1
RE6 72.6401 11.4624 8.17653 1
RE7 77.4179 10.5605 7.33137 1
RE8 82.6561 9.70213 6.50722 0
RE9 86.9736 8.7569 5.64104 0
RE10 91.7514 7.85506 4.79588 0
RE11 96.5292 6.95323 3.95072 0
RE12 100.475 5.04385 3.02543 0
RF1 20.0841 37.858 24.2319 3
RF2 25.1069 38.2901 25.4611 3
RF3 30.174 38.262 26.6713 3
RF4 34.7778 38.6959 26.8814 3
RF5 39.3401 39.0847 28.0896 3
RF6 44.3629 39.5169 29.3189 2
RF7 49.3858 39.949 30.5481 2
RF8 54.4498 40.4264 30.7792 1
RF9 59.0123 40.8151 31.9875 1
RF10 64.0351 41.2473 33.2167 1
RF11 69.1434 41.2644 33.4288 0
RF12 74.2518 41.2814 33.6408 0
RG1 32.4126 47.9841 -11.8686 2
RG2 33.1269 47.8445 -6.83593 3
RG3 33.3366 48.1219 -1.80527 3
RG4 33.5905 47.939 3.20635 3
RG5 34.3049 47.7994 8.23898 3
RG6 34.5145 48.0768 13.2697 3
RG7 34.7242 48.3543 18.3003 3
RG8 35.4386 48.2147 23.333 3
RG9 36.1086 48.5355 28.3846 3
RG10 36.8229 48.396 33.4173 2
RG11 37.0325 48.6735 38.4479 2
RG12 37.2865 48.4905 43.4595 2
RH1 36.9302 47.7197 -28.7257 2
RH2 38.2966 42.6972 -27.8951 2
RH3 39.6188 38.1349 -27.0454 2
RH4 40.9853 33.1124 -26.2149 3
RH5 42.3075 28.5502 -25.3652 3
RH6 44.1343 23.571 -24.5136 2
RH7 45.5008 18.5484 -23.683 3
RH8 46.8642 14.0314 -23.8315 2
RH9 48.6467 9.51264 -22.9608 1
RH10 50.0132 4.49005 -22.1302 2
RH11 51.3354 -0.0721618 -21.2806 3
RH12 52.7018 -5.09475 -20.45 2
RI1 43.093 -1.31378 -21.6778 2
RI2 47.0445 -4.23445 -20.6449 2
RI3 50.9519 -6.69475 -19.593 2
RI4 54.9035 -9.61542 -18.5602 2
RI5 59.2711 -12.0323 -17.4873 3
RI6 63.2228 -14.953 -16.4544 3
RI7 67.6348 -17.8303 -15.4005 2
RI8 71.5421 -20.2906 -14.3486 1
RI9 75.4936 -23.2112 -13.3157 0
RI10 79.8614 -25.6281 -12.2428 0
RI11 83.7687 -28.0884 -11.1909 0
RI12 87.7202 -31.0092 -10.1581 0
RJ1 39.9224 -32.1432 29.8925 2
RJ2 45.1193 -33.0469 30.0665 3
RJ3 49.7704 -33.5788 31.2366 2
RJ4 54.9673 -34.4826 31.4106 2
RJ5 60.1229 -35.4315 32.5827 2
RJ6 64.8594 -36.3787 32.7357 0
RJ7 69.5546 -37.371 33.8867 0
RJ8 74.2912 -38.3182 34.0397 0
RJ9 79.0277 -39.2652 34.1927 0
RJ10 84.1834 -40.2142 35.3647 0
RJ11 89.4276 -42.0839 36.4987 0
RJ12 90.7674 -41.999 37.5599 0
