LDA1 -11.5692 43.9069 9.45315 1
LDA2 -16.1854 42.561 8.54675 2
LDA3 -21.3768 42.3842 8.44775 2
LDA4 -25.993 41.0383 7.54135 2
LDA5 -31.1843 40.8616 7.44235 2
LDA6 -36.3197 39.498 6.52605 3
LDA7 -40.9761 38.8266 6.52154 3
LDA8 -46.1431 38.4877 5.43606 3
LDB1 -13.0084 39.4048 11.1713 2
LDB2 -17.0982 37.214 11.4304 2
LDB3 -22.2652 36.8751 10.3449 2
LDB4 -26.9058 35.6913 10.425 2
LDB5 -32.0728 35.3525 9.33954 2
LDB6 -37.2398 35.0136 8.25406 3
LDB7 -41.9121 34.8545 8.16495 3
LDB8 -47.0474 33.4909 7.24866 3
LDC1 -24.019 24.4819 15.3796 2
LDC2 -28.6912 24.3229 15.2905 2
LDC3 -33.8826 24.1461 15.1915 2
LDC4 -38.5305 23.8249 14.1159 3
LDC5 -43.6902 22.6235 14.1861 3
LDC6 -48.8815 22.4467 14.087 3
LDC7 -53.5148 20.4003 15.3228 2
LDC8 -57.6289 18.3716 16.5684 2
LDD1 -24.6921 8.80777 51.3915 3
LDD2 -29.8908 9.49361 50.1368 3
LDD3 -35.0335 8.99261 48.0649 3
LDD4 -38.6747 9.73147 46.8399 3
LDD5 -43.7858 8.20577 44.9372 3
LDD6 -48.9528 7.8669 43.8517 3
LDD7 -53.6177 6.84524 44.9182 3
LDD8 -56.7812 7.06343 46.8318 2
LDE1 -29.1925 29.2905 32.7086 3
LDE2 -34.3839 29.1137 32.6096 2
LDE3 -39.0561 28.9546 32.5204 2
LDE4 -44.2475 28.7779 32.4214 2
LDE5 -49.4632 28.7633 33.3089 2
LDE6 -54.1598 28.7663 34.2063 2
LDE7 -58.3858 29.1113 37.0865 2
LDE8 -60.5597 29.6891 40.9927 2
LDE9 -60.6814 30.4997 45.9251 3
LDE10 -59.7648 31.3456 50.8773 3
LDE11 -56.7473 32.1002 54.8825 2
LDE12 -55.8307 32.9461 59.8347 2
LDF1 -28.7265 45.3449 34.1365 2
LDF2 -33.8936 45.006 33.051 3
LDF3 -39.0606 44.6672 31.9655 2
LDF4 -43.7085 44.346 30.8899 2
LDF5 -48.8998 44.1692 30.7909 2
LDF6 -52.5021 43.0208 30.8908 2
LDF7 -56.6807 41.8287 34.0248 2
LDF8 -58.7913 40.3571 38.2694 2
LDF9 -58.7936 37.9314 42.7229 2
LDF10 -58.852 36.6926 47.9936 2
LDF11 -58.9177 36.3164 52.1087 2
LDF12 -56.8995 35.1483 57.419 2
LDG1 -36.4122 60.4941 28.4161 2
LDG2 -41.0528 59.3103 28.4961 2
LDG3 -46.2441 59.1335 28.3971 2
LDG4 -51.4282 58.0942 29.4538 2
LDG5 -54.0092 56.2806 31.7156 2
LDG6 -56.1039 54.2967 36.0448 1
LDG7 -57.1762 52.8604 40.3093 1
LDG8 -57.2102 51.4594 44.5935 2
LDG9 -56.2303 50.256 49.8841 2
LDG10 -54.2511 50.9752 53.8695 2
LDG11 -52.7837 50.8141 59.0008 2
LDG12 -49.7662 51.5686 63.0061 2
LGR17 -50.0483 75.6409 62.0841 1
LGR18 -51.3937 66.8519 66.5365 1
LGR19 -52.1165 55.3567 70.4353 1
LGR20 -54.4674 46.7204 72.8103 1
LGR21 -53.6085 35.1161 75.7523 1
LGR22 -53.7477 22.8019 77.7727 2
LGR23 -51.8883 14.333 77.1829 1
LGR24 -47.5063 6.4389 79.6021 1
LGR25 -53.9823 74.0404 53.1267 1
LGR26 -55.2961 64.2267 57.7482 1
LGR27 -56.5929 55.1134 60.2277 1
LGR28 -59.9906 46.0916 63.654 1
LGR29 -58.7319 37.7412 67.0848 1
LGR30 -59.4937 28.1332 69.6587 2
LGR31 -58.0828 16.7347 70.5531 1
LGR32 -55.6896 6.55831 72.2846 2
LGR33 -56.2459 71.3321 40.3376 1
LGR34 -57.5353 61.3563 43.9727 1
LGR35 -61.4436 52.667 46.3181 1
LGR36 -63.747 42.4937 48.9469 2
LGR37 -62.9843 32.7506 53.6081 1
LGR38 -63.2196 22.2978 57.3476 1
LGR39 -62.9358 11.8626 61.097 1
LGR40 -59.6091 3.23265 65.6385 2
LGR41 -54.9253 67.859 31.8176 1
LGR42 -57.2287 57.6857 34.4464 1
LGR43 -60.067 48.007 36.9807 1
LGR44 -62.4021 38.8584 39.4404 1
LGR45 -64.2983 31.0764 43.7137 1
LGR46 -62.9836 21.5392 46.3272 1
LGR47 -64.8239 12.5703 49.7832 2
LGR48 -62.5037 2.88032 54.4741 1
LGR49 -51.544 64.9689 23.2525 1
LGR50 -57.513 55.6965 25.6429 1
LGR51 -60.327 45.8558 27.1907 1
LGR52 -63.6127 34.4603 28.9825 1
LGR53 -63.9199 25.7066 33.4546 1
LGR54 -64.2027 16.7908 36.9404 1
LGR55 -63.3499 7.26186 36.5 1
LGR56 -63.0503 -3.68568 40.334 1
LGR57 -52.2987 62.6378 12.4661 1
LGR58 -59.3778 55.0293 15.5694 1
LGR59 -63.2471 44.4527 19.2396 1
LGR60 -64.9426 33.2984 19.0035 1
LGR61 -65.7287 23.8525 22.5639 2
LGR62 -64.4383 14.4774 26.1639 2
LGR63 -64.5922 3.88843 25.8729 2
LGR64 -62.2392 -5.61346 28.5062 2
