LB1 -22.3355 18.5309 -5.46286 2
LB2 -27.6783 19.3043 -6.30285 2
LB3 -32.0122 20.454 -8.15913 3
LB4 -36.8735 21.5602 -8.63264 3
LB5 -41.7282 22.329 -9.45904 3
LB6 -46.5895 23.4353 -9.93254 3
LB7 -51.4441 24.2042 -10.7589 2
LB8 -56.3055 25.3104 -11.2325 1
LB9 -60.6787 26.412 -11.6924 0
LB10 -66.0214 27.1855 -12.5324 0
LB11 -70.3947 28.2871 -12.9923 0
LB12 -75.2559 29.3934 -13.4658 0
LD1 -41.5965 32.2543 6.72698 2
LD2 -41.2719 30.3227 11.9579 2
LD3 -40.9212 29.1138 16.4982 2
LD4 -40.0823 27.9004 21.0521 2
LD5 -39.7577 25.9688 26.283 2
LD6 -38.9255 25.0927 31.1898 3
LD7 -38.5681 23.5465 35.3772 3
LD8 -38.2174 22.3377 39.9176 2
LD9 -37.4047 20.4014 45.162 3
LD10 -37.5421 19.1971 49.6888 2
LD11 -37.2107 16.9281 54.5668 2
LD12 -37.3547 16.0613 59.4464 2
LE1 -34.3908 7.604 20.296 2
LE2 -33.0706 6.72333 25.2164 3
LE3 -32.2319 5.50989 29.7703 3
LE4 -30.9049 4.29184 34.3378 3
LE5 -29.6041 2.35098 39.5959 3
LE6 -28.7394 1.86034 43.4592 3
LE7 -27.4452 0.256889 49.0702 3
LE8 -26.0923 -0.238353 52.9471 3
LE9 -25.2861 -1.8372 58.5445 3
LE10 -24.4213 -2.32785 62.4078 3
LE11 -23.5892 -3.2039 67.3146 3
LE12 -22.2689 -4.08454 72.235 3
LF1 -43.6118 19.5931 39.7377 3
LF2 -47.9845 18.6223 38.5567 3
LF3 -53.34 17.9982 37.7015 3
LF4 -57.7388 16.3046 37.2111 2
LF5 -63.0942 15.6805 36.3559 1
LF6 -67.4669 14.7097 35.1749 0
LF7 -72.3277 13.7435 33.9804 0
LF8 -77.1885 12.7774 32.7858 0
LG1 -3.19288 28.1734 64.7235 2
LG2 -6.21985 29.1171 68.4935 2
LG3 -8.77816 28.9961 72.6146 3
LG4 -11.8245 28.8797 76.7222 1
LG5 -14.8709 28.7633 80.8298 0
LG6 -17.4292 28.6423 84.9509 0
LG7 -20.4756 28.5258 89.0585 0
LG8 -23.0339 28.4048 93.1797 0
LH1 -3.24184 14.2934 61.7784 2
LH2 -8.60397 14.0066 61.2761 3
LH3 -13.4847 14.0527 61.1403 3
LH4 -18.3915 13.3759 61.695 2
LH5 -23.2655 13.0845 61.2063 2
LH6 -28.1462 13.1306 61.0704 3
LH7 -33.0529 12.4538 61.6251 2
LH8 -38.415 12.167 61.1228 2
LI1 -5.74441 15.1865 46.6899 2
LI2 -10.6318 15.5699 46.9069 3
LI3 -15.5125 15.616 46.7711 3
LI4 -20.3998 15.9994 46.9881 3
LI5 -25.2544 16.7683 46.1617 3
LI6 -30.6233 16.8189 46.0123 3
LI7 -35.0159 16.8604 45.8901 3
LI8 -40.3913 17.2484 46.0935 2
LI9 -45.2459 18.0173 45.2671 3
LI10 -50.6214 18.4053 45.4706 3
LJ1 -1.26991 -23.7969 30.6726 2
LJ2 -6.16338 -25.1484 30.5215 2
LJ3 -11.0568 -26.5001 30.3704 3
LJ4 -15.4623 -27.8562 30.2329 3
LJ5 -20.3297 -28.485 29.3913 3
LJ6 -25.2232 -29.8366 29.2402 3
LJ7 -30.1232 -30.8507 29.442 3
LJ8 -34.984 -31.8168 28.2475 2
LJ9 -39.3894 -33.173 28.11 2
LJ10 -44.2829 -34.5246 27.9589 2
LJ11 -49.1503 -35.1533 27.1173 2
LJ12 -54.0438 -36.5048 26.9662 2
LK1 -36.4305 -11.9972 51.8341 2
LK2 -36.5811 -12.5267 57.0667 3
LK3 -36.7058 -12.3334 61.6087 3
LK4 -36.8564 -12.8628 66.8412 3
LK5 -36.9744 -13.0068 71.0303 2
LK6 -37.1576 -13.9216 77.3063 0
LK7 -37.7637 -14.0611 81.4818 0
LK8 -37.9142 -14.5905 86.7143 0
LL1 -35.4329 -19.2358 48.6395 2
LL2 -35.0889 -20.1073 53.5327 2
LL3 -34.7381 -21.3161 58.0731 2
LL4 -34.394 -22.1875 62.9663 3
LL5 -34.0693 -24.1192 68.1972 1
LL6 -34.2134 -24.986 73.0768 0
LL7 -33.8626 -26.1949 77.6171 0
LL8 -34.0 -27.3991 82.1439 0
LM1 -0.721056 -45.0582 38.8494 1
LM2 -5.63444 -45.3975 39.757 2
LM3 -10.5218 -45.0141 39.974 3
LM4 -15.4025 -44.968 39.8382 3
LM5 -20.7646 -45.2548 39.3359 2
LM6 -25.6321 -45.8835 38.4942 2
LM7 -30.0115 -46.5169 37.6662 3
LM8 -34.8528 -46.4229 36.134 2
LM9 -39.7269 -46.7142 35.6452 2
LM10 -44.5683 -46.6202 34.113 2
LM11 -49.9304 -46.9069 33.6107 1
LM12 -54.8111 -46.8609 33.4749 0
RB1 22.1653 13.7257 -8.8144 3
RB2 27.0719 14.4025 -9.36913 3
RB3 31.9527 14.3565 -9.23328 3
RB4 36.8527 15.3706 -9.4351 3
RB5 41.7335 15.3246 -9.29926 2
RB6 47.1283 15.9968 -9.8404 3
RB7 51.5143 16.2927 -9.36524 2
RB8 56.9091 16.9649 -9.90638 1
RD1 30.5989 27.9057 43.996 2
RD2 34.4897 30.616 45.5316 2
RD3 38.3872 32.989 46.7142 2
RD4 42.792 36.4175 47.5727 1
RD5 46.6894 38.7905 48.7553 2
RD6 50.5802 41.5008 50.2908 1
RD7 54.4776 43.8738 51.4734 0
RD8 58.4011 46.9695 51.9655 0
RD9 62.2918 49.6799 53.501 0
RD10 65.2197 51.7247 54.3035 0
RE1 26.2653 -24.1521 24.0986 3
RE2 36.066 -24.1961 22.9739 3
RE3 45.8861 -23.18 21.5116 1
RE4 55.6997 -21.8264 20.4021 2
RE5 65.4871 -21.1957 19.9833 2
RE6 70.8952 -21.1983 18.7363 0
RE7 76.7714 -20.1934 18.5617 0
RE8 81.6909 -18.119 18.0222 0
