LA1 -18.4918 24.7189 -12.4204 2
LA2 -23.3935 23.7916 -11.9797 2
LA3 -27.8074 22.8677 -11.5168 3
LA4 -33.1968 21.937 -11.0983 3
LA5 -37.6107 21.0131 -10.6354 2
LA6 -42.5256 20.5194 -9.97057 2
LA7 -47.915 19.5887 -9.55213 3
LA8 -52.2916 19.1246 -9.97645 2
LA9 -57.6305 18.2201 -10.6694 2
LA10 -62.4949 17.7526 -11.116 2
LA11 -67.3593 17.2851 -11.5625 1
LA12 -72.2742 16.7914 -10.8977 0
LB1 -17.2962 20.8756 -16.6159 2
LB2 -21.6463 19.5443 -17.4885 2
LB3 -26.447 18.6693 -19.2705 2
LB4 -31.2716 16.901 -20.3895 2
LB5 -36.1096 15.5663 -21.2843 3
LB6 -40.9475 14.2316 -22.1792 2
LB7 -45.2976 12.9002 -23.0518 3
LB8 -50.1488 11.9991 -23.7225 3
LB9 -54.4989 10.6678 -24.5951 3
LB10 -59.3633 10.2003 -25.0416 2
LB11 -64.2145 9.2992 -25.7123 1
LB12 -69.5401 7.96109 -26.6294 0
LC1 -16.6266 8.19992 -18.6479 2
LC2 -21.4645 6.8652 -19.5427 3
LC3 -25.8146 5.53388 -20.4153 3
LC4 -30.6525 4.19918 -21.3102 1
LC5 -35.0159 3.30145 -21.9586 2
LC6 -39.8538 1.96673 -22.8535 3
LC7 -44.705 1.06562 -23.5242 3
LC8 -49.5429 -0.26909 -24.419 3
LC9 -54.4313 -1.62997 -24.2024 2
LC10 -58.7815 -2.9613 -25.075 3
LC11 -64.1204 -3.8658 -25.768 1
LC12 -68.521 -5.2233 -25.5292 0
LD1 -27.8107 -3.94373 -28.7916 2
LD2 -30.3192 -8.40136 -26.6986 2
LD3 -32.3664 -11.9884 -24.1351 3
LD4 -34.4135 -15.5754 -21.5716 3
LD5 -36.4872 -18.2953 -18.5598 3
LD6 -38.1103 -21.4715 -14.6385 3
LD7 -40.1972 -23.7578 -11.4026 3
LD8 -42.3213 -26.5038 -7.27946 3
LD9 -44.4454 -29.2499 -3.15629 2
LD10 -46.5323 -31.5361 0.0796229 2
LD11 -48.6192 -33.8223 3.31554 2
LD12 -50.7433 -36.5683 7.43871 2
LE1 -33.9517 32.3662 -6.85277 3
LE2 -38.7548 33.2517 -8.84971 2
LE3 -44.0829 33.6742 -9.98165 1
LE4 -48.9365 34.5337 -10.8672 2
LE5 -53.7901 35.3932 -11.7528 2
LE6 -58.6305 35.8189 -12.8625 1
LE7 -62.9963 36.6818 -13.7258 0
LE8 -67.8499 37.5413 -14.6113 0
LE9 -72.2157 38.4041 -15.4746 0
LE10 -76.5708 40.594 -16.7769 0
LE11 -82.3999 41.4466 -17.707 0
LE12 -82.3999 41.4466 -17.707 0
LF1 -32.7556 10.0238 -8.23656 3
LF2 -38.5451 9.5757 -9.839 3
LF3 -42.8844 9.57135 -11.1506 3
LF4 -47.7115 9.5636 -12.4844 2
LF5 -52.5519 9.98946 -13.5941 2
LF6 -56.878 9.55151 -15.1298 2
LF7 -61.7051 9.54376 -16.4636 3
LF8 -66.5695 9.07625 -16.9102 1
LF9 -71.4099 9.5021 -18.0199 0
LF10 -76.7248 9.49096 -19.376 0
LF11 -81.1014 9.02685 -19.8003 0
LF12 -82.0529 9.91343 -20.5079 0
LG1 0.523246 -27.8168 7.36448 2
LG2 -4.30388 -27.8246 6.03065 3
LG3 -9.65603 -28.2955 5.56184 3
LG4 -14.0459 -28.326 5.36165 3
LG5 -18.3985 -27.8967 4.2742 3
LG6 -24.2516 -27.9374 4.00728 3
LG7 -29.1665 -28.4311 4.6721 3
LG8 -34.0441 -28.465 4.44966 3
LG9 -38.9218 -28.499 4.22722 1
LG10 -43.7994 -28.5329 4.00479 2
LG11 -48.677 -28.5668 3.78235 3
LG12 -54.0797 -29.0639 4.42493 2
LH1 -1.97634 17.8841 23.052 1
LH2 -6.87799 16.9568 23.4926 3
LH3 -11.7796 16.0295 23.9333 3
LH4 -17.1558 14.6652 24.1276 3
LH5 -21.0579 14.6381 23.9497 3
LH6 -25.9463 13.2772 24.1662 3
LH7 -31.3358 12.3465 24.5847 3
LH8 -36.2134 12.3126 24.3623 3
LH9 -41.115 11.3853 24.8029 3
LH10 -46.5044 10.4546 25.2214 3
LH11 -50.8943 10.4241 25.0212 2
LH12 -56.297 9.92706 25.6638 1
LI1 -3.59384 50.6373 10.6527 3
LI2 -8.49794 51.4706 10.8786 3
LI3 -13.3888 51.8702 10.8802 1
LI4 -18.2929 52.7035 11.1061 3
LI5 -23.2343 53.0771 12.2192 3
LI6 -28.1251 53.4768 12.2209 3
LI7 -33.0665 53.8503 13.3339 3
LI8 -37.9573 54.25 13.3356 2
LI9 -43.336 54.6463 13.3151 2
LI10 -47.7763 54.5895 14.2263 2
LI11 -52.6299 55.449 13.3407 1
LI12 -58.0218 56.2789 13.5443 0
LJ1 -16.2941 52.8002 -11.3013 2
LJ2 -17.0211 52.2324 -5.99076 3
LJ3 -17.2099 51.6941 -1.76934 3
LJ4 -17.9237 50.6926 3.31709 3
LJ5 -18.163 50.1282 8.64989 3
LJ6 -18.8395 49.5865 12.8491 3
LJ7 -19.5533 48.585 17.9355 3
LJ8 -19.7926 48.0206 23.2683 3
LJ9 -20.4691 47.4789 27.4675 3
LJ10 -21.1829 46.4774 32.5539 3
LJ11 -21.9099 45.9096 37.8645 2
LJ12 -22.5997 45.8015 42.2878 2
RA1 14.9599 20.692 -16.4833 1
RA2 19.4027 18.9882 -17.1796 2
RA3 24.32 17.7213 -17.6296 2
RA4 28.7256 15.5577 -17.4387 2
RA5 33.6056 13.831 -17.0014 2
RA6 38.0352 12.5607 -17.4736 3
RA7 42.9285 10.4005 -17.2604 3
RA8 47.8086 8.67379 -16.8232 3
RA9 51.7504 7.40013 -17.3176 2
RA10 57.1182 5.67687 -16.8581 3
RA11 61.5346 4.84019 -17.1061 2
RA12 66.9132 4.4439 -17.0856 1
RB1 18.2384 18.443 -13.0027 2
RB2 23.1449 15.8492 -13.0137 2
RB3 26.599 14.5721 -13.5304 2
RB4 31.5428 12.4381 -14.4286 2
RB5 35.9616 9.84084 -14.4618 3
RB6 39.9166 8.13358 -15.1804 3
RB7 45.3109 5.54312 -15.1691 3
RB8 49.7537 3.83926 -15.8655 3
RB9 54.647 1.679 -15.6523 3
RB10 59.0898 -0.0248678 -16.3487 2
RB11 64.0204 -1.72535 -17.0227 3
RB12 68.4127 -3.45539 -16.6077 1
