LA1 -21.3137 30.118 2.35571 2
LA2 -26.2593 30.0771 2.43597 2
LA3 -31.2728 30.1539 1.40999 3
LA4 -36.2366 30.6456 0.644112 3
LA5 -40.7108 31.0999 -0.155805 3
LA6 -45.6745 31.5915 -0.92169 3
LA7 -50.62 31.5506 -0.841424 3
LA8 -55.5839 32.0423 -1.60731 2
LA9 -60.6155 32.6517 -3.47943 1
LA10 -65.0217 32.9882 -3.17311 0
LA11 -70.0036 34.0126 -4.78514 0
LA12 -73.9747 35.9096 -7.05129 0
LB1 -27.0161 5.25705 -2.53527 2
LB2 -30.7734 2.08197 -3.27153 3
LB3 -34.4629 -1.2108 -2.90153 2
LB4 -38.2202 -4.38588 -3.63779 3
LB5 -41.9775 -7.56087 -4.37404 2
LB6 -45.6669 -10.8537 -4.00406 2
LB7 -48.9346 -14.0662 -4.77435 3
LB8 -53.1318 -16.7889 -5.21646 2
LB9 -56.8891 -19.964 -5.95272 2
LB10 -61.0862 -22.6867 -6.39484 2
LB11 -64.3041 -25.4843 -6.90504 0
LB12 -68.0614 -28.6592 -7.64128 0
LC1 -16.4503 55.6453 58.5026 3
LC2 -21.4638 55.722 57.4766 2
LC3 -26.4773 55.7989 56.4506 2
LC4 -31.4728 55.343 56.2708 2
LC5 -35.9469 55.7973 55.4709 2
LC6 -40.9604 55.8741 54.4449 2
LC7 -45.906 55.8332 54.5252 2
LC8 -50.9195 55.91 53.4992 2
LC9 -55.9149 55.4541 53.3194 0
LC10 -60.9284 55.5309 52.2934 0
LC11 -65.9735 54.6602 51.8535 0
LC12 -70.9192 54.6193 51.9337 0
RA1 26.6655 26.4536 -0.979805 1
RA2 31.3387 27.6588 0.860486 2
RA3 36.0119 28.864 2.70078 2
RA4 40.1956 30.1066 4.5751 3
RA5 44.429 31.7641 6.70952 3
RA6 49.1022 32.9694 8.54981 3
RA7 53.7257 33.7597 10.13 2
RA8 58.3808 35.4976 11.1242 2
RA9 63.054 36.7028 12.9644 1
RA10 67.1879 37.5306 14.5787 0
RA11 71.843 39.2684 15.5728 0
RA12 76.4664 40.0587 17.153 0
RB1 27.6598 12.1287 7.70891 2
RB2 32.3249 9.14776 6.91424 2
RB3 36.5321 7.15165 5.56754 3
RB4 40.7575 4.62301 5.067 2
RB5 44.9828 2.09429 4.56644 2
RB6 49.2579 -0.0195056 4.32599 3
RB7 53.4832 -2.54813 3.82545 2
RB8 57.7401 -4.12931 2.73885 2
RB9 62.4551 -6.69538 2.20426 3
RB10 66.7301 -8.80917 1.96381 2
RB11 71.0053 -10.923 1.72336 1
RB12 75.2803 -13.0368 1.48291 0
RC1 34.298 2.26659 7.26763 3
RC2 38.4736 -0.676982 6.50699 2
RC3 42.2274 -3.70089 6.88663 2
RC4 45.9632 -6.19218 6.42012 2
RC5 49.7171 -9.21619 6.79974 3
RC6 53.9605 -12.2774 7.14535 2
RC7 57.7641 -14.8865 7.78508 2
RC8 61.9895 -17.4152 7.28453 3
RC9 66.2329 -20.4765 7.63014 2
RC10 70.5262 -23.123 8.23582 0
RC11 73.8221 -25.162 8.06344 0
RC12 78.6049 -27.8458 8.63511 0
RD1 29.9284 3.68431 49.6177 3
RD2 31.2969 3.43565 55.3409 2
RD3 32.0582 2.92717 59.7319 3
RD4 33.4085 3.21113 64.6089 3
RD5 34.7588 3.49499 69.486 3
RD6 36.0776 2.83148 74.9492 3
RD7 36.8886 2.73785 79.6002 1
RD8 38.2072 2.07425 85.0633 0
RD9 39.5079 1.94337 89.6803 0
RD10 40.7586 1.39756 94.0372 0
RD11 41.5696 1.30392 98.6882 0
RD12 41.4513 1.70009 103.667 0
RE1 41.0184 26.0544 35.0977 1
RE2 40.329 25.1255 40.4369 2
RE3 40.5509 24.2395 44.6018 1
RE4 40.3013 22.8584 49.6468 1
RE5 40.5911 21.8547 54.918 1
RE6 40.8809 20.851 60.1891 1
RE7 40.7128 20.8322 64.9082 1
RE8 41.0026 19.8285 70.1793 1
RE9 41.2923 18.8249 75.4504 1
RE10 41.6319 18.2361 80.9816 0
RE11 41.346 17.9202 84.3343 0
RE12 41.6177 17.4491 88.7593 0
RF1 11.6952 -1.36134 70.469 3
RF2 12.4746 -2.40243 75.7061 3
RF3 13.644 -4.31063 80.3889 3
RF4 14.3736 -5.76666 85.3659 2
RF5 15.4932 -8.0897 89.7887 3
RF6 16.7306 -10.1157 95.5778 0
RF7 17.3922 -11.4539 99.4485 0
RF8 18.5617 -13.3621 104.131 0
RG1 20.2345 75.1422 38.0797 3
RG2 23.8156 74.1122 40.9001 2
RG3 26.975 73.002 44.8607 3
RG4 30.1344 71.8917 48.8214 1
RG5 33.3435 71.1963 53.0421 1
RG6 36.4847 70.6187 56.1566 1
RG7 39.712 69.3906 61.2235 1
RG8 42.8532 68.813 64.3381 0
RG9 45.5231 67.7401 68.3327 0
RG10 48.6824 66.6298 72.2934 0
RG11 51.9414 66.3493 76.7742 0
RG12 54.6925 66.6388 80.443 0
RH1 10.1501 46.6858 23.9285 3
RH2 10.9792 46.0596 29.4257 1
RH3 11.8084 45.4334 34.9228 1
RH4 12.5696 44.9249 39.3138 1
RH5 13.3988 44.2988 44.8109 1
RH6 14.1781 43.2577 50.048 1
RH7 14.9393 42.7492 54.4389 1
RH8 15.7188 41.7082 59.676 1
RH9 16.4484 40.2522 64.653 1
RH10 17.6991 39.7064 69.0099 2
RH11 18.9681 38.6279 74.2129 2
RH12 19.7475 37.5868 79.45 2
RI1 17.025 8.03696 65.6344 2
RI2 21.5987 8.41248 66.9545 3
RI3 26.1905 8.25529 69.1208 3
RI4 30.7325 7.68326 71.0269 3
RI5 35.2746 7.11112 72.9331 3
RI6 39.8484 7.48663 74.2532 1
RI7 44.88 6.87719 76.1253 2
RI8 49.8935 6.80039 77.1513 0
RI9 54.9749 6.60582 79.2835 0
RI10 60.0382 6.94389 80.5696 0
RI11 64.698 6.66894 83.8421 0
RI12 69.7613 7.00702 85.1281 0
