LF1 -26.7964 22.5722 -9.20072 1
LF2 -26.4422 22.2516 -5.22935 2
LF3 -26.2197 22.2831 -0.210596 3
LF4 -25.9972 22.3147 4.80816 3
LF5 -25.5545 21.9139 9.77237 3
LF6 -23.5837 20.6631 14.5317 2
LF7 -23.67 21.2072 18.6121 2
LF8 -25.534 21.1292 24.8154 3
LF9 -23.6587 21.0468 28.6703 3
LF10 -23.2228 21.7342 33.723 3
LF11 -23.6473 20.8864 38.7284 3
LF12 -23.6451 21.3503 43.8017 3
LG1 -0.966319 -33.3108 9.16408 2
LG2 -10.05 -35.012 7.82248 3
LG3 -18.8319 -36.1375 7.50764 3
LG4 -27.6206 -36.1748 7.28127 0
LG5 -36.7112 -36.7878 6.02814 0
LG6 -45.493 -37.9133 5.7133 0
LG7 -55.0172 -38.7498 4.4808 0
LG8 -59.1471 -39.2409 4.80948 0
LG9 -63.152 -38.9959 4.17925 0
LG10 -68.6713 -40.0774 3.57698 0
LG11 -69.5386 -40.5244 3.61824 0
LG12 -71.5888 -39.8178 2.85094 0
LD1 -21.643 -2.81603 20.5207 3
LD2 -25.464 -3.81961 21.7876 3
LD3 -30.5858 -5.49374 23.1165 3
LD4 -34.4068 -6.49733 24.3835 3
LE1 2.32055 33.1776 24.311 3
LE2 -1.82306 34.863 24.8166 3
LE3 -6.18693 36.9807 25.3768 3
LE4 -11.2047 39.3073 26.0122 3
LE5 -16.6492 40.3221 26.5797 3
LE6 -20.3592 42.231 27.0647 3
LE7 -25.37 43.4693 27.6116 3
LE8 -29.6022 45.2348 27.1243 3
LE9 -34.1863 47.7849 27.7391 2
LE10 -38.5433 48.8144 28.2108 2
LE11 -42.9072 50.9321 28.771 0
LE12 -48.5719 52.3792 29.393 0
LB1 1.003 71.9236 0.361957 0
LB2 0.592283 68.8994 5.19048 2
LB3 -0.127243 66.3876 9.08071 2
LB4 -0.626506 63.4435 12.9164 3
LB5 -1.43458 61.0119 15.8138 3
LB6 -2.49919 58.1965 20.7175 2
LB7 -2.43311 55.1237 23.4851 2
LB8 -3.71108 51.6525 28.3549 3
LB9 -4.08553 49.4444 31.2317 3
LB10 -3.06364 46.7385 34.9509 3
LB11 -3.69462 44.1466 39.834 3
LB12 -4.19388 41.2025 43.6697 3
LC1 2.29563 32.2011 36.3209 2
LC2 -3.13507 31.0395 36.7115 3
LC3 -7.48515 30.9807 37.0947 3
LC4 -12.9158 29.8191 37.4853 3
LC5 -17.611 29.4567 38.882 2
LC6 -22.6081 28.5186 39.2519 2
LC7 -27.3918 28.2364 39.6558 3
LC8 -32.0869 27.874 41.0525 2
LC9 -36.6573 28.2476 41.4903 1
LC10 -41.3524 27.8852 42.887 0
LC11 -46.3495 26.9471 43.2569 0
LC12 -50.9129 26.2325 43.6062 0
LA1 -16.7896 36.3386 -7.97457 1
LA2 -16.574 37.4584 -2.86734 2
LA3 -16.1381 38.1459 2.18534 2
LA4 -16.1359 38.6098 7.25865 3
LA5 -16.3471 38.4178 12.298 3
LA6 -13.9426 37.3905 17.0367 3
LA7 -14.9031 38.5758 21.2469 3
LA8 -15.5617 40.3368 26.4839 3
LA9 -15.5456 38.6242 31.3802 2
LA10 -14.9781 38.9595 35.3855 2
LA11 -15.8362 37.8881 40.4116 2
LA12 -16.2745 39.2168 45.594 2
LH1 -23.9666 40.2367 -24.1423 0
LH2 -26.0255 35.7743 -23.3118 0
LH3 -28.173 31.3921 -23.474 0
LH4 -30.6655 26.7062 -22.6228 0
LH5 -33.0332 22.7563 -22.7306 0
LH6 -35.746 18.5027 -21.8248 0
LH7 -38.1137 14.5529 -21.9325 0
LH8 -40.1726 10.0905 -21.102 0
LH9 -42.974 5.91707 -21.189 0
LH10 -45.0329 1.45468 -20.3585 0
LH11 -47.6139 -3.15106 -20.5001 0
LH12 -49.8931 -7.1811 -19.615 0
LI1 -27.5689 0.632856 -8.88867 2
LI2 -27.3464 0.664421 -3.86992 2
LI3 -27.3373 0.0401195 1.11492 3
LI4 -26.8946 -0.360666 6.07913 3
LI5 -26.1067 -0.457778 10.0299 3
LI6 -25.4506 -0.202696 15.028 3
LI7 -25.0148 0.484735 20.0807 3
LI8 -25.0056 -0.139566 25.0655 3
LI9 -24.7762 -1.19622 29.9958 3
LI10 -24.9874 -1.38817 35.0352 3
LI11 -25.4188 -1.14777 40.1291 3
LI12 -24.9829 -0.460336 45.1818 2
RD1 30.2603 -27.8765 30.9908 3
RD2 31.7836 -27.1744 35.9477 3
RD3 33.5273 -26.9046 40.85 3
RD4 35.0507 -26.2025 45.8069 2
RE1 39.3184 -18.0451 15.8685 3
RE2 44.756 -17.9717 15.3895 3
RE3 49.9733 -17.466 14.965 2
RE4 54.7502 -16.0955 14.6496 1
RF1 8.66389 34.9782 26.9122 2
RF2 12.7121 34.4612 25.5022 3
RF3 17.8477 33.9589 23.9964 3
RF4 22.4181 33.5853 23.5586 3
RF5 26.8999 33.2918 22.128 3
RF6 31.4702 32.9182 21.6902 3
RF7 37.4731 32.8629 20.1431 3
RF8 41.0877 32.1224 18.7538 3
RF9 46.3119 31.5399 18.2408 3
RF10 52.0946 31.917 16.7483 2
RG1 32.2727 19.8913 1.42991 3
RG2 31.6279 19.4759 6.48993 3
RG3 31.3282 19.3641 10.5365 3
RG4 29.8093 19.5898 15.7262 2
RG5 30.6926 18.3243 20.5813 3
RG6 29.739 18.4214 24.7031 3
RG7 29.3007 19.75 29.8855 3
RG8 27.5753 18.2316 34.9528 2
RG9 27.2756 18.1198 38.9994 3
RG10 27.5867 18.0712 45.011 3
RG11 26.5445 18.2484 48.1398 3
RG12 25.9883 17.7528 54.1927 2
RA1 24.7896 47.5697 5.33915 2
RA2 24.717 45.9374 9.24267 2
RA3 24.0723 45.5219 14.3027 3
RA4 25.8159 45.7916 19.205 3
RA5 27.3462 45.4055 24.0734 3
RA6 28.2226 45.2283 29.017 3
RA7 31.0468 46.6009 33.912 2
RA8 31.9301 45.3354 38.7671 2
RA9 33.894 45.1729 43.6148 1
RA10 34.6818 45.0757 47.5656 1
RA11 35.6899 44.5463 51.4618 0
RA12 36.9999 44.5925 56.3847 0
RB1 10.7526 64.9823 2.96084 1
RB2 15.0646 57.9676 6.03876 2
RB3 19.245 51.305 10.1641 3
RB4 25.7389 43.2315 12.9619 3
RB5 29.4787 37.4336 17.1963 3
RB6 33.2254 30.5476 21.3423 3
RB7 37.626 23.4527 25.413 3
RB8 42.2399 17.0137 29.5177 2
RB9 46.8539 10.5747 33.6224 3
RB10 51.5564 4.05549 38.7199 1
RB11 54.4583 -0.284969 41.1323 0
RB12 57.1399 -4.19308 43.5993 0
RC1 10.3717 28.6384 40.349 2
RC2 19.1967 29.4919 38.6236 3
RC3 26.941 29.2425 36.9056 2
RC4 36.1996 30.3194 35.1595 2
RC5 44.591 30.9494 33.4548 2
RC6 53.7316 30.2021 32.5792 0
RC7 62.5428 33.232 31.0308 0
RC8 70.7208 33.2061 29.2921 0
RC9 72.6825 32.5796 29.0665 0
RC10 74.1151 32.898 27.9572 0
RC11 77.9746 35.1817 29.8118 0
RC12 79.4957 35.4199 29.6954 0
RH1 3.46764 -31.7801 14.9355 2
RH2 9.04384 -33.1471 13.3206 3
RH3 12.8717 -33.2317 11.9651 3
RH4 17.3535 -33.5252 10.5345 3
RH5 22.7095 -34.4598 8.97412 3
RH6 27.1913 -34.7533 7.54349 3
RH7 31.8933 -35.4791 6.05831 2
RH8 36.5954 -36.205 4.57313 1
RH9 41.2974 -36.9308 3.08795 1
RH10 46.7419 -37.9456 2.52043 1
RI1 23.4793 -7.19107 -2.99395 3
RI2 24.81 -10.4095 1.66359 3
RI3 23.2232 -13.3683 5.59508 3
RI4 22.8125 -16.3925 10.4236 3
RI5 22.3063 -18.2484 14.3477 3
RI6 21.1532 -20.9836 18.2586 3
RI7 21.6166 -24.6491 22.9574 3
RI8 20.1478 -25.7836 26.0184 3
RI9 19.2965 -27.9432 30.9561 3
RI10 18.6656 -30.5351 35.8391 2
RK1 27.5195 36.8775 -30.0127 1
RK2 28.4212 31.8834 -30.4963 1
RK3 29.0664 26.5056 -28.9737 1
RK4 29.8365 21.8637 -28.4099 1
RK5 30.1728 16.9983 -27.8255 1
RK6 31.0314 12.2763 -26.2689 1
RK7 31.4564 7.33077 -24.6916 1
RK8 32.0947 3.0411 -23.0805 2
RK9 32.8647 -1.60076 -22.5167 2
RK10 33.5099 -6.97865 -20.994 2
