LA1 -17.8235 12.9826 36.5433 1
LA2 -22.6113 12.6713 36.6923 2
LA3 -27.3991 12.3601 36.8412 2
LA4 -32.6869 12.151 36.0098 2
LA5 -38.0479 12.1631 36.2587 1
LA6 -42.4986 12.4147 36.5204 2
LA7 -47.7864 12.2056 35.6889 1
LA8 -52.973 13.4455 35.1829 1
LA9 -57.8789 13.5773 35.4382 0
LA10 -62.7848 13.7091 35.6935 0
LA11 -67.7354 14.0629 34.9748 0
LA12 -73.2145 14.518 35.33 0
LB1 -24.9719 -0.730664 39.9076 3
LB2 -29.4674 -0.257202 39.1952 3
LB3 -34.536 0.539598 38.5828 2
LB4 -39.4866 0.89332 37.8641 2
LB5 -44.5553 1.69012 37.2517 2
LB6 -49.5059 2.04384 36.533 1
LB7 -54.5745 2.84064 35.9206 1
LB8 -59.188 3.75718 35.3146 1
LB9 -64.0939 3.88902 35.5699 0
LB10 -69.2806 5.12889 35.0639 0
LB11 -73.776 5.60235 34.3515 0
LB12 -79.4179 6.72249 33.8391 0
LC1 -24.7303 -16.5333 41.4299 2
LC2 -29.8722 -15.5154 41.8979 3
LC3 -34.6038 -14.1557 41.3982 3
LC4 -39.1725 -13.4611 41.7663 3
LC5 -44.3592 -12.2212 41.2602 2
LC6 -49.046 -11.0835 41.7346 1
LC7 -54.188 -10.0655 42.2027 1
LC8 -58.8747 -8.92778 42.677 1
LC9 -63.5615 -7.79005 43.1514 0
LC10 -68.7482 -6.55018 42.6454 0
LC11 -73.317 -5.85553 43.0134 0
LC12 -78.459 -4.83754 43.4815 0
LD1 -37.6305 -20.1128 56.6066 2
LD2 -39.3109 -15.5799 56.6897 2
LD3 -41.154 -10.382 55.9051 1
LD4 -42.8344 -5.84914 55.9882 2
LD5 -44.5147 -1.31623 56.0713 2
LD6 -46.6503 3.09693 56.148 2
LD7 -48.7858 7.51009 56.2247 2
LD8 -50.9661 12.1451 55.3274 1
LD9 -53.1463 16.7802 54.4301 1
LD10 -55.2819 21.1934 54.5068 1
LD11 -57.5802 26.2715 53.7159 0
LD12 -59.8785 31.3496 52.9249 0
LE1 -39.0978 -31.3833 60.2664 2
LE2 -43.5208 -29.4616 61.9339 2
LE3 -47.8705 -27.761 62.521 2
LE4 -51.9563 -25.2765 64.3013 1
LE5 -56.306 -23.5759 64.8884 1
LE6 -60.3918 -21.0914 66.6686 0
LE7 -64.4777 -18.6068 68.4489 0
LE8 -68.9007 -16.6851 70.1164 0
LF1 -3.59396 -44.3072 61.8519 3
LF2 -8.02765 -45.9476 61.6818 3
LF3 -12.8718 -47.9297 62.4794 3
LF4 -17.1874 -50.0133 62.2029 3
LF5 -22.0763 -51.7735 62.0265 3
LF6 -26.8024 -54.1986 62.7177 3
LF7 -31.118 -56.2822 62.4412 3
LF8 -35.507 -58.1445 63.2452 2
LF9 -40.2778 -60.3478 62.9623 2
LF10 -45.122 -62.3299 63.7599 2
LF11 -49.4376 -64.4134 63.4835 1
LF12 -53.8266 -66.2758 64.2874 0
LG1 -33.436 -44.3036 72.4629 3
LG2 -37.7239 -44.717 73.5923 3
LG3 -42.5403 -45.0289 75.7957 2
LG4 -47.2834 -45.5621 76.9187 2
LG5 -51.9818 -46.3171 79.0157 1
LG6 -56.7982 -46.629 81.2191 0
LG7 -60.631 -46.9227 82.3549 0
LG8 -65.9026 -47.3543 84.5519 0
LG9 -69.6906 -47.8699 86.6617 0
LG10 -74.0966 -47.8402 87.8974 0
LG11 -78.7949 -48.5952 89.9945 0
LG12 -83.4039 -49.794 94.0396 0
LH1 -0.875427 -61.1757 45.5647 2
LH2 -5.95566 -62.2717 46.575 2
LH3 -10.6254 -63.026 46.6176 2
LH4 -15.8237 -63.6788 47.7342 3
LH5 -20.4935 -64.4332 47.7768 3
LH6 -25.6185 -65.3072 47.813 3
LH7 -30.2435 -66.2834 48.8297 3
LH8 -35.0313 -66.5946 48.9787 3
LH9 -40.1116 -67.6906 49.9889 3
LH10 -44.8994 -68.0018 50.1379 1
LH11 -50.5529 -68.7744 51.2481 0
LH12 -55.2226 -69.5287 51.2907 0
LI1 -30.0858 16.3196 15.2803 2
LI2 -33.7844 15.3603 19.3382 2
LI3 -36.9097 14.0776 23.2962 3
LI4 -40.4902 12.6752 27.2477 3
LI5 -43.7784 12.0576 30.3379 2
LI6 -46.9037 10.7749 34.2958 1
LI7 -50.0738 9.71415 37.2797 1
LI8 -53.6543 8.31177 41.2312 1
LI9 -56.8244 7.25102 44.2151 1
LI10 -60.0678 6.41145 48.2794 0
LI11 -63.2379 5.35069 51.2632 0
LI12 -66.4813 4.51113 55.3275 0
LJ1 -34.2071 3.6636 25.933 3
LJ2 -38.4056 2.80644 29.0105 3
LJ3 -43.104 2.05143 31.1075 2
LJ4 -47.3472 1.41616 33.2109 1
LJ5 -51.5904 0.780883 35.3144 1
LJ6 -56.2887 0.0258717 37.4114 1
LJ7 -60.4872 -0.831287 40.4889 1
LJ8 -64.7304 -1.46656 42.5923 0
LJ9 -69.0917 -1.65876 44.8021 0
LJ10 -73.3349 -2.29403 46.9055 0
LJ11 -77.6961 -2.48623 49.1153 0
LJ12 -81.8213 -3.56457 51.1123 0
LK1 -33.698 -11.8009 36.7598 3
LK2 -34.4848 -16.2683 37.8316 3
LK3 -35.6822 -21.0772 39.8711 3
LK4 -36.5423 -25.3234 42.0232 3
LK5 -37.3292 -29.7907 43.095 3
LK6 -38.6446 -34.1566 45.2408 3
LK7 -39.3867 -38.8458 47.2866 3
LK8 -40.7021 -43.2117 49.4324 3
LK9 -41.5623 -47.4578 51.5846 2
LK10 -42.7596 -52.2668 53.624 2
LK11 -44.075 -56.6327 55.7698 2
LK12 -45.3903 -60.9986 57.9156 2
LL1 -22.3896 -56.4522 33.2556 3
LL2 -26.3967 -57.9736 35.1463 3
LL3 -31.2409 -59.9557 35.9439 2
LL4 -36.3211 -61.0517 36.9542 3
LL5 -40.7548 -62.6921 36.7841 2
LL6 -45.717 -64.2312 37.688 1
LL7 -50.224 -65.6504 38.5983 0
LL8 -55.2309 -66.9676 38.5282 0
LL9 -60.1931 -68.5066 39.4321 0
LL10 -64.6268 -70.147 39.262 0
LL11 -69.2518 -71.1232 40.2786 0
LL12 -74.1693 -72.8841 42.1566 0
LM1 -37.2303 -20.103 27.8443 2
LM2 -35.1681 -24.295 28.848 2
LM3 -33.4877 -28.8279 28.7649 2
LM4 -31.7626 -33.5827 29.6558 2
LM5 -30.0375 -38.3375 30.5468 2
LM6 -27.902 -42.7507 30.47 2
LM7 -26.1769 -47.5055 31.361 2
LM8 -24.4518 -52.2602 32.2519 2
LM9 -22.7267 -57.015 33.1429 3
LM10 -21.0016 -61.7698 34.0338 3
LM11 -19.4393 -65.8596 34.0571 3
LM12 -17.7142 -70.6144 34.948 3
LN1 -44.9242 -31.8228 32.7144 2
LN2 -43.7724 -36.2542 33.7053 3
LN3 -42.0473 -41.009 34.5963 2
LN4 -40.3222 -45.7638 35.4872 2
LN5 -38.5971 -50.5186 36.3782 2
LN6 -36.872 -55.2734 37.2691 2
LN7 -35.7649 -59.483 37.286 3
LN8 -33.5846 -64.118 38.1833 3
LN9 -31.8595 -68.8728 39.0742 2
LN10 -30.2525 -73.1845 40.0715 2
LN11 -28.5274 -77.9393 40.9625 2
LN12 -26.3471 -82.5744 41.8598 2
