LA1 -15.3167 10.2469 15.9723 2
LA2 -19.462 10.5948 13.1603 3
LA3 -23.6074 10.9428 10.3483 3
LA4 -28.2133 11.7523 7.76355 3
LA5 -32.2396 12.6149 6.24561 3
LA6 -36.8042 12.5883 4.39397 3
LA7 -41.8294 13.0233 2.7696 3
LA8 -46.3681 13.4469 1.10495 3
LA9 -50.9068 13.8705 -0.559694 2
LA10 -55.8648 13.9196 -1.26399 2
LA11 -60.916 13.9042 -3.07535 0
LA12 -65.4395 13.0413 -4.1939 0
LB1 -17.7749 10.0232 4.10234 2
LB2 -22.164 8.38836 4.82394 2
LB3 -27.0396 6.76492 5.58582 2
LB4 -31.9412 4.69116 6.16071 3
LB5 -35.911 3.43095 5.92196 3
LB6 -40.8127 1.3572 6.49685 3
LB7 -45.6882 -0.266247 7.25872 3
LB8 -50.4966 -2.2756 8.94068 3
LB9 -54.8598 -3.46011 9.84927 2
LB10 -59.249 -5.09494 10.5709 2
LB11 -63.6121 -6.27936 11.4795 1
LB12 -68.4877 -7.90282 12.2413 0
LC1 -20.6615 -7.09596 3.65351 2
LC2 -25.0767 -9.1811 4.18811 2
LC3 -29.9782 -11.2548 4.76301 2
LC4 -33.9068 -13.3513 5.25733 3
LC5 -38.8084 -15.4251 5.83222 3
LC6 -43.2495 -17.9604 6.17985 3
LC7 -47.2193 -19.2206 5.9411 3
LC8 -52.1469 -21.7447 6.329 2
LC9 -57.0485 -23.8185 6.90388 2
LC10 -61.0443 -25.529 6.47814 2
LC11 -65.9719 -28.053 6.86603 0
LC12 -70.3198 -30.5241 8.32072 0
LD1 -44.1157 -4.37602 -2.18805 3
LD2 -49.519 -5.1519 -2.11898 2
LD3 -53.5041 -5.12553 -2.90383 2
LD4 -59.3679 -5.43974 -2.60749 2
LD5 -64.3259 -5.39075 -3.3118 0
LD6 -69.2427 -6.17789 -3.28299 0
LD7 -74.1335 -6.51482 -3.06722 0
LD8 -79.4848 -6.39007 -2.62417 0
LD9 -84.4276 -7.62753 -2.78235 0
LD10 -86.8708 -9.30769 -2.22186 0
LD11 -89.8157 -9.68995 -2.16719 0
LD12 -91.8181 -7.52185 -3.28527 0
LE1 -40.024 -13.2385 -9.46484 2
LE2 -42.8972 -17.03 -7.58489 3
LE3 -45.3771 -20.8974 -6.85228 2
LE4 -48.2504 -24.689 -4.97234 3
LE5 -51.2168 -28.545 -4.19945 2
LE6 -53.6967 -32.4123 -3.46684 2
LE7 -56.5959 -36.6542 -1.77387 2
LE8 -59.0087 -40.9076 -0.121205 2
LE9 -61.9492 -44.3132 0.838676 0
LE10 -64.4031 -47.7302 1.75827 0
LE11 -66.857 -51.1473 2.67787 0
LE12 -68.8245 -54.5756 3.55719 0
LF1 -33.2477 -26.7312 16.9867 3
LF2 -38.6662 -26.2205 16.5097 3
LF3 -43.505 -25.6568 17.0995 3
LF4 -48.37 -25.5434 17.5022 2
LF5 -53.2088 -24.9797 18.092 2
LF6 -57.1007 -24.8889 18.4142 2
LF7 -63.4922 -24.3555 18.0177 0
LF8 -67.8445 -23.8032 18.5672 0
LF9 -72.7094 -23.6897 18.97 0
LF10 -78.0867 -24.0153 19.2261 0
LF11 -82.9927 -23.0657 18.8957 0
LF12 -85.9484 -25.1848 19.3095 0
LG1 -0.360548 -36.5381 32.2093 2
LG2 -5.31855 -36.489 31.505 3
LG3 -9.69692 -36.3869 31.8675 3
LG4 -15.1154 -35.8762 31.3904 3
LG5 -19.587 -35.8386 30.6459 3
LG6 -25.0055 -35.3278 30.1688 3
LG7 -29.3838 -35.2258 30.5313 3
LG8 -34.8283 -35.1654 29.8673 3
LG9 -39.6932 -35.0519 30.2701 3
LG10 -44.6771 -35.4533 29.3788 2
LG11 -49.542 -35.3398 29.7816 2
LG12 -54.4741 -34.8405 29.2643 2
LH1 2.14187 41.8032 34.4554 2
LH2 -2.26248 41.455 34.6309 3
LH3 -7.66577 40.6792 34.7 3
LH4 -11.5836 40.3195 34.8352 3
LH5 -16.9197 39.1577 35.8243 3
LH6 -22.2971 38.8321 36.0804 3
LH7 -27.2139 38.045 36.1092 3
LH8 -31.6182 37.6967 36.2847 3
LH9 -36.509 37.3599 36.5005 3
LH10 -41.8451 36.1981 37.4896 3
LH11 -47.2484 35.4222 37.5587 2
LH12 -51.5856 34.688 38.6543 1
LI1 -31.834 -0.677624 26.7251 3
LI2 -36.766 -0.178274 26.2078 2
LI3 -42.1846 0.332415 25.7308 2
LI4 -46.6301 0.820417 25.1732 2
LI5 -51.6293 1.70571 23.7358 2
LI6 -57.0479 2.2164 23.2588 2
LI7 -61.9799 2.71575 22.7415 0
LI8 -66.9379 2.76479 22.0372 0
LI9 -72.3564 3.27549 21.5602 0
LI10 -76.8279 3.31319 20.8156 0
LI11 -81.2734 3.80119 20.258 0
LI12 -85.1134 4.79254 20.9542 0
LJ1 -31.3735 21.2585 26.111 3
LJ2 -35.7563 24.384 25.5683 2
LJ3 -40.5845 26.6845 25.799 2
LJ4 -44.9 29.4241 26.1763 2
LJ5 -49.2417 31.7133 26.3667 1
LJ6 -53.0708 34.4416 26.7038 1
LJ7 -57.4124 36.7308 26.8942 0
LJ8 -61.7541 39.0201 27.0846 0
LJ9 -65.6093 41.2979 27.2347 0
LJ10 -71.4623 42.7207 27.1719 0
LJ11 -75.3694 44.0979 26.948 0
LJ12 -77.3046 45.8802 26.75 0
LK1 -6.67355 32.8792 7.44467 2
LK2 -9.21983 33.2047 12.1146 2
LK3 -11.8333 33.9162 15.8645 2
LK4 -14.3795 34.2417 20.5344 3
LK5 -17.019 34.5029 24.0973 3
LK6 -19.6585 34.7641 27.6601 3
LK7 -22.6912 35.1009 32.3703 3
LK8 -25.2635 34.9762 36.8533 3
LK9 -28.3894 35.2487 40.4564 3
LK10 -30.9617 35.1239 44.9394 2
LK11 -34.574 35.4078 48.5828 2
LK12 -37.2135 35.6689 52.1456 2
LL1 -25.5882 38.9824 8.12517 2
LL2 -27.1472 34.1918 8.40324 2
LL3 -28.7732 29.7871 7.76123 1
LL4 -30.4253 24.9321 6.93225 2
LL5 -31.4977 20.1301 7.17003 3
LL6 -33.1238 15.7254 6.52803 3
LL7 -34.7087 10.4845 6.61911 3
LL8 -36.3348 6.07979 5.97711 3
LL9 -37.9868 1.22478 5.14811 3
LL10 -39.613 -3.17996 4.5061 3
LL11 -41.2391 -7.58462 3.86411 3
LL12 -42.4046 -12.451 2.99483 3
LM1 -24.9053 37.1996 -6.80179 2
LM2 -29.6921 38.6639 -5.83805 1
LM3 -34.4791 40.1282 -4.87431 1
LM4 -39.2508 40.306 -3.36447 1
LM5 -44.0377 41.7704 -2.40071 0
LM6 -48.8246 43.2348 -1.43697 0
LM7 -53.151 44.2374 -0.700501 0
LM8 -57.9379 45.7018 0.263238 0
