RA1 25.9702 30.7276 40.3804 3
RA2 26.5998 30.5194 44.8091 3
RA3 27.7055 30.7592 49.4604 3
RA4 27.836 30.9565 54.1406 3
RA5 28.5012 30.6909 59.6801 3
RA6 29.6069 30.9307 64.3313 2
RA7 30.2249 31.1493 68.9971 2
RA8 30.8315 31.7946 73.8999 2
RA9 31.9958 31.1235 79.1878 1
RA10 33.1841 30.8219 85.8236 0
RA11 33.8021 31.0404 90.4893 0
RA12 34.9549 30.7962 96.0143 0
RB1 38.481 44.1925 36.8662 3
RB2 37.6132 45.2008 42.0495 3
RB3 36.1991 47.0986 46.6106 3
RB4 35.2843 48.591 50.9201 2
RB5 34.4164 49.5992 56.1034 2
RB6 33.0024 51.4971 60.6645 2
RB7 32.076 53.4162 65.211 1
RB8 30.1859 54.866 69.5495 1
RB9 29.271 56.3584 73.8591 0
RB10 27.9156 57.3454 79.0569 0
RB11 26.5131 58.8165 83.3809 0
RB12 25.0991 60.7143 87.9419 0
RC1 39.165 22.6841 28.3466 3
RC2 40.2822 22.4971 32.7608 3
RC3 41.4465 21.8261 38.0487 3
RC4 42.0761 21.6179 42.4774 2
RC5 42.7528 20.9257 47.7799 3
RC6 43.8701 20.7387 52.1941 2
RC7 44.5468 20.0465 57.4965 3
RC8 45.664 19.8595 61.9107 3
RC9 46.8283 19.1885 67.1987 2
RC10 47.9456 19.0016 71.6129 1
RC11 49.1454 18.2732 78.0117 0
RC12 50.2626 18.0863 82.4259 0
RD1 28.2625 13.9447 43.5482 3
RD2 28.44 13.6579 49.1022 3
RD3 29.0812 13.023 53.2938 3
RD4 29.7579 12.3308 58.5963 3
RD5 30.3875 12.1226 63.025 3
RD6 30.5766 11.4091 68.3419 3
RD7 30.7187 11.1797 72.7851 3
RD8 31.3954 10.4874 78.0875 2
RD9 32.0721 9.79512 83.39 1
RD10 32.7372 9.52959 88.9295 0
RD11 33.4255 8.4106 93.9949 0
RD12 33.5675 8.18117 98.4381 0
RE1 17.4667 31.5359 51.5866 3
RE2 21.9484 29.5361 51.3818 3
RE3 26.4416 27.1096 50.9399 3
RE4 30.9233 25.1098 50.7351 3
RE5 35.405 23.11 50.5303 3
RE6 39.8867 21.1102 50.3255 3
RE7 44.4154 18.6263 50.9944 2
RE8 48.8856 17.0533 51.0266 2
RE9 53.3673 15.0535 50.8218 3
RE10 57.8489 13.0537 50.617 3
RE11 62.3777 10.5698 51.2859 2
RE12 66.8709 8.14331 50.844 1
RF1 27.3938 -0.545177 42.4341 3
RF2 28.035 -1.18008 46.6257 3
RF3 28.7233 -2.29908 51.6911 3
RF4 29.4115 -3.41807 56.7565 3
RF5 30.0527 -4.05298 60.9482 3
RF6 30.7294 -4.74524 66.2507 3
RF7 31.9052 -5.84299 71.3016 3
RF8 33.034 -6.45665 75.4787 2
RF9 34.2099 -7.5544 80.5297 1
RF10 35.9089 -8.68825 86.6769 0
RF11 37.0847 -9.786 91.7278 0
RF12 38.2135 -10.3997 95.905 0
RG1 18.0101 14.7506 61.7141 2
RG2 21.6346 12.1095 64.6336 2
RG3 25.2121 9.95255 66.6794 3
RG4 28.7896 7.79556 68.7251 3
RG5 32.8547 5.65982 70.7564 2
RG6 36.4793 3.01874 73.6759 2
RG7 40.5444 0.882997 75.7072 2
RG8 44.1334 -1.70072 77.5159 1
RH1 42.4729 -13.2792 54.0232 3
RH2 43.1256 -14.3409 57.9778 2
RH3 44.313 -15.8653 62.7917 3
RH4 45.4889 -16.9631 67.8426 2
RH5 46.1771 -18.0821 72.908 1
RH6 47.4471 -20.148 79.7065 0
RH7 48.6345 -21.6725 84.5203 0
RH8 49.3228 -22.7915 89.5857 0
RI1 41.286 12.6996 19.2672 3
RI2 46.1976 12.8547 20.2331 2
RI3 51.1207 12.5831 20.962 2
RI4 56.0322 12.7382 21.9279 2
RI5 60.9437 12.8933 22.8938 2
RI6 65.8668 12.6217 23.6226 2
RI7 70.7784 12.7768 24.5885 1
RI8 75.2139 12.4839 25.3319 0
RI9 80.137 12.2123 26.0607 0
RI10 85.0601 11.9406 26.7896 0
RI11 89.9716 12.0957 27.7555 0
RI12 94.9063 11.3974 28.2473 0
