LA1 -19.8546 23.6955 -7.58983 2
LA2 -24.8277 21.7314 -7.32933 2
LA3 -29.3227 20.6801 -7.71321 2
LA4 -34.2556 19.1332 -7.20208 3
LA5 -38.7506 18.0818 -7.58596 3
LA6 -43.7316 17.0528 -7.92894 3
LA7 -48.6645 15.5058 -7.41781 2
LA8 -53.6456 14.4767 -7.7608 2
LA9 -58.5785 12.9298 -7.24967 2
LA10 -63.0735 11.8785 -7.63355 2
LA11 -68.0064 10.3315 -7.12242 0
LA12 -72.8991 9.20169 -6.36065 0
LB1 -28.2422 8.54538 -5.76483 2
LB2 -32.3635 5.28549 -6.33799 2
LB3 -35.9588 2.42051 -6.70141 1
LB4 -40.1283 -0.321529 -8.12869 3
LB5 -44.2498 -3.58141 -8.70185 3
LB6 -47.845 -6.44639 -9.06527 3
LB7 -52.4605 -8.74908 -10.201 3
LB8 -57.0278 -11.5697 -10.4827 2
LB9 -61.0688 -13.9953 -10.5546 2
LB10 -65.158 -15.903 -11.4806 2
LB11 -69.7253 -18.7236 -11.7622 0
LB12 -73.8066 -21.5663 -12.0848 0
LC1 -26.8008 47.8938 7.47287 3
LC2 -25.9935 46.1166 12.2038 3
LC3 -25.2264 43.9223 16.6842 3
LC4 -24.4191 42.1452 21.4152 3
LC5 -23.1339 41.2807 25.5018 2
LC6 -22.2864 39.9207 30.4834 2
LC7 -21.4391 38.5606 35.465 2
LC8 -20.1538 37.6962 39.5516 2
LC9 -19.3064 36.3361 44.5332 3
LC10 -17.973 34.9539 49.4739 2
LC11 -16.6797 33.1546 54.164 2
LC12 -15.9206 31.8952 58.0409 2
LD1 -7.0009 41.5742 7.20787 3
LD2 -11.733 42.1128 8.97214 3
LD3 -16.5052 42.2343 10.4858 3
LD4 -21.2855 43.2909 11.3959 3
LD5 -26.0176 43.8296 13.1602 2
LD6 -30.3439 43.5117 14.3823 3
LD7 -35.0761 44.0505 16.1466 3
LD8 -39.8483 44.172 17.6603 3
LD9 -44.6206 44.2936 19.1739 3
LD10 -49.3929 44.4152 20.6875 3
LD11 -54.1249 44.9538 22.4518 1
LD12 -58.8972 45.0754 23.9655 0
LE1 -11.0473 31.8656 40.1861 3
LE2 -15.3014 33.3169 41.306 2
LE3 -19.467 34.6677 43.5307 3
LE4 -24.159 35.6235 45.5456 3
LE5 -28.3247 36.9742 47.7702 2
LE6 -32.659 37.5914 48.3889 2
LE7 -37.7969 38.9865 50.6953 3
LE8 -42.5692 39.1081 52.2089 0
LE9 -47.3093 40.5818 53.3697 0
LE10 -51.961 41.9546 55.6352 0
LF1 -10.7765 39.9097 -1.78382 3
LF2 -12.8615 40.553 2.23614 2
LF3 -14.9385 40.2613 6.85959 3
LF4 -17.0154 39.9696 11.483 2
LF5 -19.1807 39.7786 15.0017 2
LF6 -20.7716 39.4646 19.5843 3
LF7 -22.8085 39.59 24.4584 2
LF8 -24.3512 38.7582 29.8951 2
LF9 -26.4281 38.4665 34.5185 2
LF10 -28.0593 37.7355 38.8504 2
LF11 -30.1362 37.4437 43.4739 2
LF12 -31.7673 36.7127 47.8058 1
LG1 -7.40805 14.8442 46.0523 3
LG2 -12.2686 15.0665 46.4612 3
LG3 -17.089 15.7059 47.1207 3
LG4 -21.9496 15.9281 47.5296 3
LG5 -26.77 16.5676 48.1891 2
LG6 -31.5905 17.2069 48.8487 2
LG7 -36.3627 17.3285 50.3623 1
LG8 -41.7094 17.573 50.8121 2
LG9 -46.4817 17.6946 52.3257 2
LG10 -51.302 18.3339 52.9853 0
LG11 -56.1225 18.9733 53.6448 0
LG12 -60.8947 19.0949 55.1584 0
LH1 -9.59747 12.3662 50.5274 3
LH2 -14.3698 12.4877 52.041 3
LH3 -19.6281 12.6315 53.5955 2
LH4 -24.4886 12.8538 54.0044 3
LH5 -29.301 12.5582 55.2674 2
LH6 -34.0813 13.6148 56.1776 2
LH7 -38.8937 13.3191 57.4406 1
LH8 -43.7141 13.9586 58.1001 1
LH9 -48.4864 14.0802 59.6138 0
LH10 -52.7726 14.1795 61.0865 0
LH11 -58.0309 14.3232 62.6411 0
LH12 -62.763 14.8619 64.4053 0
RD1 7.04604 59.6882 18.5686 2
RD2 11.8263 58.6317 17.6585 3
RD3 16.1686 57.0797 17.6434 3
RD4 20.949 56.0231 16.7332 3
RD5 25.7774 54.4487 16.6772 3
RD6 30.5978 53.8094 16.0177 3
RD7 35.4263 52.235 15.9616 3
RD8 40.2466 51.5956 15.3021 3
RE1 5.96909 60.64 28.5727 2
RE2 10.0422 59.3257 31.0586 2
RE3 13.5892 57.6167 33.3347 3
RE4 17.6623 56.3025 35.8206 3
RE5 21.7434 54.0533 38.91 3
RE6 25.3306 52.7613 41.4368 2
RE7 29.4438 51.8643 44.1733 2
RE8 33.517 50.5501 46.6592 2
RE9 37.5901 49.2359 49.145 1
RE10 41.137 47.5267 51.4212 0
RE11 45.2182 45.2776 54.5105 0
RE12 48.8052 43.9855 57.0373 0
