LA1 -17.8274 20.7811 -10.6468 1
LA2 -22.6356 19.6614 -12.4588 2
LA3 -27.0905 17.8557 -13.4689 2
LA4 -31.2842 17.3507 -15.9757 2
LA5 -35.6085 16.1953 -17.7342 2
LA6 -40.4168 15.0755 -19.5461 3
LA7 -44.741 13.9202 -21.3046 3
LA8 -49.0654 12.7648 -23.0631 3
LA9 -53.8657 11.2759 -25.1945 2
LA10 -58.1979 10.4897 -26.6335 2
LA11 -63.0063 9.37004 -28.4454 2
LA12 -67.8146 8.25037 -30.2573 1
LB1 -23.8388 19.3637 -19.6086 2
LB2 -28.2856 17.1888 -20.9382 2
LB3 -32.7325 15.0139 -22.2677 2
LB4 -37.0568 13.8585 -24.0262 3
LB5 -41.6422 11.4025 -24.2879 3
LB6 -45.4745 9.84216 -26.3125 3
LB7 -50.4134 8.07218 -27.376 3
LB8 -54.3842 6.23077 -28.3327 3
LB9 -59.315 4.09158 -29.7157 3
LB10 -63.77 2.28588 -30.7258 2
LB11 -68.1022 1.4997 -32.1648 2
LB12 -73.0331 -0.639485 -33.5478 1
LC1 -35.1578 -4.44497 -22.2287 2
LC2 -36.1844 -8.34679 -24.462 2
LC3 -37.3416 -12.8988 -25.947 3
LC4 -38.4907 -17.8201 -27.7514 3
LC5 -39.9933 -22.0554 -30.3576 3
LC6 -41.1585 -26.2383 -31.5231 3
LC7 -42.3076 -31.1596 -33.3275 3
LC8 -43.8182 -35.0256 -35.6143 2
LC9 -45.9435 -39.5063 -37.2061 3
LC10 -47.5926 -43.6534 -38.4251 1
LC11 -49.7179 -48.134 -40.0169 2
LC12 -51.8431 -52.6147 -41.6087 3
LD1 -26.4425 -23.0911 -42.2556 2
LD2 -29.885 -24.7396 -38.9438 2
LD3 -33.3356 -26.0189 -35.3125 3
LD4 -36.6476 -27.0171 -32.749 3
LD5 -40.0981 -28.2964 -29.1178 3
LD6 -43.5407 -29.9447 -25.8059 3
LD7 -46.9832 -31.5932 -22.4941 3
LD8 -50.4257 -33.2417 -19.1822 2
LD9 -53.8682 -34.8902 -15.8704 2
LD10 -57.3188 -36.1694 -12.2391 2
LD11 -60.7613 -37.8179 -8.92729 3
LD12 -64.2038 -39.4664 -5.61545 2
LF1 -36.1944 21.0665 -0.241288 3
LF2 -34.8287 20.5377 4.88246 3
LF3 -33.3323 20.6592 9.25784 3
LF4 -31.9585 19.7611 14.0622 3
LF5 -30.5927 19.2323 19.1859 3
LF6 -29.2189 18.3344 23.9902 3
LF7 -28.2066 18.4916 28.3122 3
LF8 -26.8408 17.9628 33.4359 3
LF9 -25.8205 17.7508 37.4385 3
LF10 -25.0693 16.6074 43.2572 3
LF11 -23.5729 16.729 47.6326 3
LF12 -23.1753 16.2715 52.6495 3
LG1 -34.9081 4.18744 -5.33026 2
LG2 -35.593 2.41279 -0.310675 2
LG3 -36.1473 1.28845 3.96054 3
LG4 -36.3482 -0.521917 9.03355 3
LG5 -36.5491 -2.33229 14.1065 3
LG6 -37.1035 -3.45663 18.3778 3
LG7 -37.3044 -5.267 23.4508 3
LG8 -37.8586 -6.39134 27.722 3
LG9 -38.5516 -7.79678 33.061 3
LG10 -39.114 -8.55191 37.6516 3
LG11 -39.7988 -10.3266 42.6712 3
LG12 -40.3532 -11.4509 46.9424 3
LH1 -13.6884 37.4266 29.928 3
LH2 -18.0207 36.6405 28.489 3
LH3 -22.4836 35.204 27.7983 3
LH4 -27.3079 34.8228 26.6252 3
LH5 -32.2548 33.422 25.8811 3
LH6 -37.0791 33.0407 24.7081 3
LH7 -42.026 31.64 23.964 3
LH8 -46.3583 30.8538 22.5249 3
LH9 -51.3053 29.453 21.7808 3
LH10 -56.2521 28.0523 21.0367 2
LH11 -61.0685 27.3018 19.5442 1
LH12 -65.5313 25.8653 18.8535 0
LI1 -3.94328 -23.8887 7.7453 3
LI2 -8.88217 -25.6587 6.68176 3
LI3 -13.3451 -27.0952 5.99107 3
LI4 -17.8079 -28.5317 5.30038 1
LI5 -22.7468 -30.3016 4.23684 1
LI6 -27.2097 -31.7381 3.54616 3
LI7 -32.1646 -32.7696 3.12149 3
LI8 -36.6274 -34.2061 2.4308 3
LI9 -41.5744 -35.6069 1.68669 3
LI10 -46.5213 -37.0077 0.942578 2
LI11 -51.6067 -38.6895 1.26628 3
LI12 -56.0696 -40.126 0.575588 3
LJ1 -24.554 -58.1119 6.48043 3
LJ2 -24.3533 -62.8235 10.4386 3
LJ3 -24.3756 -66.1988 12.8467 3
LJ4 -24.0444 -70.2602 16.0565 2
LJ5 -23.7213 -73.9524 19.5858 1
LJ6 -23.2675 -76.9942 22.3667 1
LJ7 -22.8137 -80.036 25.1476 1
LJ8 -22.4905 -83.7282 28.6768 0
LK1 -18.6975 43.022 3.1827 2
LK2 -20.3504 41.3188 8.09546 3
LK3 -21.8729 40.2659 12.2598 3
LK4 -23.5338 38.9319 17.492 3
LK5 -24.5723 37.8433 21.7098 3
LK6 -26.1027 37.1596 26.1936 3
LK7 -27.7557 35.4564 31.1064 3
LK8 -29.2861 34.7727 35.5902 3
LK9 -30.8086 33.7197 39.7545 2
LK10 -32.4615 32.0165 44.6673 2
LK11 -33.992 31.3328 49.1511 2
LK12 -35.6449 29.6296 54.0639 1
LL1 -15.8863 33.7537 -1.7081 2
LL2 -16.4567 33.3677 3.20197 2
LL3 -17.511 33.0175 8.05863 3
LL4 -18.0814 32.6316 12.9687 3
LL5 -18.6517 32.2457 17.8788 3
LL6 -19.7062 31.8955 22.7354 3
LL7 -20.7605 31.5453 27.5921 3
LL8 -21.4534 30.1399 32.9311 3
LL9 -22.5079 29.7897 37.7878 3
LL10 -23.0782 29.4037 42.6979 3
LL11 -23.6486 29.0178 47.6079 2
LL12 -24.219 28.6319 52.518 3
RA1 11.5142 22.5756 -11.9854 1
RA2 15.5411 21.8326 -13.2647 2
RA3 20.528 21.3872 -14.1178 2
RA4 25.039 20.6084 -15.3437 2
RA5 30.0339 19.7939 -16.5161 3
RA6 35.0288 18.9794 -17.6886 3
RA7 39.5317 18.5698 -18.5951 3
RA8 44.5267 17.7553 -19.7676 2
RA9 49.5136 17.31 -20.6206 1
RA10 54.5086 16.4955 -21.7931 2
RC1 20.7404 13.8624 -16.6107 2
RC2 24.6527 11.7306 -17.7805 2
RC3 28.9265 8.54357 -18.468 2
RC4 32.8468 6.04256 -19.9572 3
RC5 37.2432 3.87504 -21.0736 3
RC6 41.509 1.05722 -21.4416 3
RC7 45.9134 -1.4795 -22.8774 3
RC8 50.1711 -3.9281 -22.926 3
RC9 54.5675 -6.09563 -24.0424 3
RC10 58.8252 -8.54423 -24.091 2
RD1 23.1772 -7.09688 -30.3895 2
RD2 25.5591 -9.91238 -27.0755 2
RD3 27.933 -12.3587 -23.4421 2
RD4 30.9216 -14.1905 -20.5036 3
RD5 32.6808 -17.2513 -16.1752 3
RD6 35.0467 -19.3284 -12.2224 3
RD7 37.4206 -21.7747 -8.58893 3
RD8 39.3025 -23.816 -4.68948 3
RD9 41.6684 -25.8931 -0.73663 3
RD10 44.0343 -27.9702 3.21624 3
RG1 32.4651 -2.76389 4.39343 2
RG2 31.7642 -3.80011 10.0519 2
RG3 30.7177 -4.51953 14.5891 3
RG4 30.1554 -5.27467 19.1797 3
RG5 29.5931 -6.0298 23.7704 3
RG6 28.8921 -7.06603 29.4288 3
RG7 28.3298 -7.82115 34.0195 3
RG8 27.2834 -8.54058 38.5567 3
RG9 27.0665 -9.61251 44.2686 3
RG10 26.5042 -10.3676 48.8592 3
RG11 26.4339 -11.5277 53.1839 3
RG12 25.8715 -12.2828 57.7745 2
RH1 -5.25295 36.2216 33.0252 1
RH2 -0.396589 35.126 32.9205 2
RH3 3.96774 34.4353 33.0818 3
RH4 8.94668 34.3593 32.5482 3
RH5 14.279 33.5971 32.8164 3
RH6 19.258 33.5211 32.2828 3
RH7 24.1064 32.7947 32.4975 3
RH8 28.9547 32.0683 32.7123 2
RH9 33.803 31.3419 32.927 2
RH10 38.782 31.2658 32.3934 2
RI1 2.28309 -23.4384 18.5766 3
RI2 6.75396 -22.3711 18.9479 3
RI3 11.8394 -20.6893 18.6242 3
RI4 15.9568 -18.936 18.1937 3
RI5 20.9118 -17.9045 18.6183 3
RI6 25.5052 -15.8176 18.5607 3
RI7 30.1066 -14.1 18.1836 3
RI8 35.0535 -12.6993 18.9277 3
RI9 39.5164 -11.2629 19.6183 3
RI10 44.5939 -9.21173 19.6141 2
