LA1 45.0905 -60.1413 8.33816 2
LA2 49.468 -60.4085 8.05953 2
LA3 53.8945 -59.5968 7.51251 1
LA4 58.3148 -59.5522 7.60712 0
LA5 62.7411 -58.7405 7.0601 0
LA6 67.1614 -58.6958 7.15471 0
LA7 71.5449 -58.196 6.23445 0
LA8 75.9653 -58.1513 6.32906 0
LA9 80.3856 -58.1067 6.42366 0
LA10 84.7691 -57.6069 5.50341 0
LA11 89.1895 -57.5622 5.59802 0
LB1 50.8048 -60.6663 6.20532 2
LB2 54.6224 -59.9936 3.92791 1
LB3 58.4399 -59.321 1.65051 0
LB4 62.7378 -59.445 -0.0162198 0
LB5 66.5554 -58.7724 -2.29363 0
LB6 70.3669 -58.8667 -3.92937 0
LB7 74.1416 -58.506 -6.58008 0
LB8 77.9591 -57.8333 -8.85741 0
LB9 82.2142 -58.2692 -10.8974 0
LB10 85.5453 -57.5669 -13.1439 0
LB11 89.8005 -58.0028 -15.1838 0
LC1 50.3658 -55.1428 -13.691 2
LC2 54.0917 -55.8609 -16.0733 1
LC3 58.3042 -56.6088 -18.4865 0
LC4 62.03 -57.3269 -20.8687 0
LC5 65.7988 -57.7331 -22.8777 0
LC6 69.5248 -58.4513 -25.26 0
LC7 73.2507 -59.1694 -27.6422 0
LC8 77.0194 -59.5757 -29.6513 0
LC9 80.7882 -59.9819 -31.6603 0
LC10 84.5141 -60.7 -34.0425 0
LC11 88.2829 -61.1063 -36.0515 0
LD1 62.4567 -73.9188 32.5524 0
LD2 63.7259 -72.4994 28.0269 0
LD3 64.9462 -72.1589 23.7697 0
LD4 66.2094 -71.5065 19.8857 0
LD5 67.4784 -70.0871 15.3601 0
LD6 68.7416 -69.4347 11.4762 0
LD7 69.5243 -67.9857 6.98154 0
LD8 70.7447 -67.6452 2.72435 0
LD9 72.0078 -66.9928 -1.15961 0
LD10 72.7418 -66.6226 -5.38583 0
LD11 73.4817 -65.4854 -10.2537 0
LE1 36.3427 -17.5543 -39.0231 0
LE2 39.4847 -20.4005 -40.8375 0
LE3 43.7707 -22.0585 -41.221 0
LE4 47.5274 -23.9987 -41.9468 0
LE5 51.8622 -24.5778 -42.5986 0
LE6 56.2337 -25.612 -42.2357 0
LE7 61.0977 -25.9089 -42.5453 0
LE8 65.4324 -26.4881 -43.197 0
LE9 69.8159 -25.9883 -44.1173 0
LE10 74.1507 -26.5674 -44.7692 0
LE11 78.4915 -26.3795 -46.0627 0
LF1 55.4258 -62.5224 -34.9334 0
LF2 60.2897 -62.8193 -35.243 0
LF3 64.8076 -60.6168 -35.6852 0
LF4 69.3195 -59.1813 -35.4857 0
LF5 73.4366 -56.3254 -35.1505 0
LF6 77.5169 -53.0143 -35.8302 0
LF7 81.1475 -50.1287 -35.4639 0
LF8 85.757 -46.5355 -35.8013 0
LF9 89.8313 -43.9914 -35.8393 0
LF10 93.9484 -41.1355 -35.504 0
LG1 71.0875 -49.2744 -1.80741 0
LG2 71.411 -44.0231 -1.76128 0
LG3 71.6917 -39.0838 -2.08839 0
LG4 71.4372 -35.1936 -2.11615 0
LG5 71.7119 -31.0212 -1.80162 0
LG6 71.5062 -26.0522 -2.09777 0
LG7 71.7381 -22.1917 -2.15648 0
LG8 72.0188 -17.2524 -2.4836 0
LG9 71.8071 -13.0503 -2.13811 0
LG10 71.6015 -8.08125 -2.43426 0
LG11 71.8762 -3.90888 -2.11974 0
LH1 73.3888 -49.7789 19.4303 0
LH2 71.7179 -45.4878 19.8686 0
LH3 70.4906 -41.5382 19.9028 0
LH4 69.3062 -37.2768 20.3102 0
LH5 68.1277 -32.2483 20.076 0
LH6 66.9433 -27.9869 20.4834 0
LH7 65.2297 -24.0077 20.5485 0
LH8 64.0451 -19.7462 20.9559 0
LH9 62.8178 -15.7967 20.9901 0
LH10 61.6334 -11.5352 21.3975 0
LH11 60.4061 -7.5857 21.4317 0
LI1 46.4771 -58.036 35.804 1
LI2 47.6818 -54.2349 35.6835 1
LI3 49.4216 -49.3846 35.2634 1
LI4 50.6264 -45.5835 35.1428 2
LI5 52.3603 -41.5002 35.3645 1
LI6 53.6137 -36.6203 34.9755 1
LI7 54.8184 -32.8192 34.8549 1
LI8 56.5583 -27.9689 34.4349 1
LI9 57.8058 -23.8559 34.6874 1
LI10 59.0534 -19.7429 34.94 0
LI11 60.7932 -14.8926 34.5201 0
LJ1 35.4731 -32.9968 39.1378 2
LJ2 39.8507 -33.264 38.8591 2
LJ3 44.271 -33.2193 38.9537 3
LJ4 48.6485 -33.4866 38.6751 2
LJ5 53.0261 -33.7538 38.3965 1
LJ6 57.9268 -34.5058 39.1018 0
LJ7 62.3044 -34.773 38.8232 0
LJ8 66.682 -35.0402 38.5446 0
LJ9 71.0535 -36.0744 38.9076 0
LJ10 75.431 -36.3416 38.629 0
LJ11 80.3377 -36.3267 38.6926 0
RA1 22.6667 -54.7974 5.16599 2
RA2 18.2832 -55.2971 6.08625 1
RA3 13.8629 -55.3418 5.99164 1
RA4 9.47938 -55.8416 6.9119 2
RA5 5.05307 -56.6533 7.45892 2
RA6 0.669485 -57.153 8.37918 1
RA7 -3.26439 -57.2274 8.25361 2
RA8 -7.6908 -58.0391 8.80063 2
RA9 -12.0743 -58.5389 9.7209 2
RA10 -16.987 -59.3208 10.2989 2
RA11 -20.8841 -59.8503 11.1882 2
RB1 20.5868 -56.3813 4.81175 1
RB2 18.0016 -55.1795 1.5487 1
RB3 14.8812 -55.0269 -1.415 2
RB4 11.8096 -53.7953 -4.64705 2
RB5 8.65236 -53.1876 -8.62563 1
RB6 6.06125 -52.7528 -11.2471 2
RB7 3.39037 -52.1748 -15.2566 2
RB8 0.270081 -52.0222 -18.2203 3
RB9 -2.40677 -52.2111 -21.5882 2
RB10 -5.03473 -51.3212 -25.2245 2
RB11 -8.19794 -51.4805 -28.5613 3
RC1 18.9601 -47.3009 -21.7535 2
RC2 16.2405 -47.8018 -25.4947 2
RC3 14.0501 -48.0204 -28.8935 3
RC4 11.8657 -47.4721 -32.934 3
RC5 9.63247 -48.0027 -36.7061 3
RC6 7.44805 -47.4543 -40.7466 2
RC7 5.21494 -47.9849 -44.5187 2
RC8 3.03051 -47.4366 -48.5592 2
RC9 1.28376 -47.9968 -52.3622 1
RC10 -0.900663 -47.4485 -56.4027 1
RC11 -3.13387 -47.979 -60.1747 0
RD1 39.0877 -27.2927 28.8462 3
RD2 34.7161 -26.2585 28.4833 3
RD3 30.831 -25.2539 28.0894 3
RD4 26.5022 -23.9078 28.0995 3
RD5 22.1307 -22.8736 27.7366 3
RD6 17.7591 -21.8394 27.3736 3
RD7 13.8799 -20.0679 26.338 3
RD8 9.50835 -19.0337 25.9749 3
RD9 5.09399 -18.3114 25.2387 3
RD10 1.21478 -16.5399 24.2031 3
RD11 -3.1508 -14.7387 23.1985 3
RE1 3.73555 -43.2759 4.73525 2
RE2 4.08984 -39.2468 6.43788 3
RE3 4.44423 -35.2176 8.1405 3
RE4 5.29095 -30.4511 9.17054 3
RE5 5.60242 -26.7338 10.4999 2
RE6 5.96278 -21.9376 11.5609 2
RE7 6.80343 -17.9382 13.2326 2
RE8 7.12097 -13.4539 13.9204 2
RE9 7.47526 -9.4247 15.623 2
RE10 7.79281 -4.94043 16.3107 2
RE11 8.15307 -0.144265 17.3717 2
RF1 19.6876 -50.8909 31.6273 2
RF2 19.5188 -46.3769 32.346 3
RF3 19.8363 -41.8927 33.0338 3
RF4 19.6675 -37.3787 33.7525 3
RF5 19.4985 -32.8647 34.4712 3
RF6 19.816 -28.3805 35.1589 3
RF7 19.1607 -23.8368 35.9086 3
RF8 19.4354 -19.6645 36.2231 3
RF9 19.3093 -14.8386 37.3151 3
RF10 19.1346 -11.0916 38.6755 3
RF11 18.9228 -6.88956 39.0209 3
