LA1 -16.0057 7.88146 -15.4854 2
LA2 -20.3328 6.04307 -16.4967 2
LA3 -25.1629 3.73889 -16.6314 2
LA4 -29.5061 2.33524 -17.4211 2
LA5 -33.8482 0.0421128 -17.5419 2
LA6 -38.6633 -1.80733 -18.5671 2
LA7 -43.0054 -4.10046 -18.6879 3
LA8 -47.8366 -5.51516 -19.4914 3
LB1 -22.7779 -6.17591 -23.9002 2
LB2 -27.135 -8.92376 -23.1306 3
LB3 -31.4609 -11.6516 -23.4731 2
LB4 -35.8179 -14.3995 -22.7035 2
LB5 -39.6559 -17.1163 -23.0322 3
LB6 -43.998 -19.4094 -23.1531 2
LB7 -48.3388 -22.592 -22.6051 3
LB8 -52.1768 -25.3088 -22.9339 3
LC1 -23.2584 -18.9482 3.25841 2
LC2 -27.0516 -20.3009 0.258143 3
LC3 -30.3406 -22.0772 -2.95001 3
LC4 -33.6458 -23.4188 -5.93645 3
LC5 -37.4068 -25.6409 -9.38016 3
LC6 -40.6946 -28.3067 -11.9195 3
LC7 -43.9975 -31.4272 -13.5684 3
LC8 -47.8044 -34.124 -15.0094 3
LE1 -37.4246 20.0337 -10.7623 2
LE2 -39.0439 19.9006 -5.24262 2
LE3 -40.632 19.7875 -0.835184 2
LE4 -42.2202 19.6744 3.57225 2
LE5 -43.8233 19.1066 8.87019 3
LE6 -45.4275 19.4282 13.4993 3
LE7 -47.0318 19.7499 18.1285 3
LE8 -48.6361 20.0715 22.7577 2
LF1 -35.9912 3.43584 -13.599 3
LF2 -35.1222 2.05378 -8.67534 3
LF3 -34.7412 0.660667 -3.76554 2
LF4 -34.3764 -0.297706 1.36599 2
LF5 -33.9965 -0.801351 5.60702 3
LF6 -33.6155 -2.19446 10.5168 3
LF7 -33.2507 -3.15284 15.6484 3
LF8 -33.3576 -4.557 20.5443 3
LI1 -12.418 23.3456 -16.5123 1
LI2 -18.0514 24.3883 -8.2136 3
LI3 -23.7009 25.8658 0.30678 3
LI4 -28.3584 26.9307 8.6331 3
LI5 -33.4878 27.5497 16.7239 3
LI6 -39.1373 29.0272 25.2442 2
LI7 -44.7707 30.07 33.5429 2
LI8 -49.3972 31.1548 40.757 0
LI9 -55.5646 31.7118 51.0446 0
LI10 -60.1772 34.1408 56.6994 0
LI11 -60.4442 31.6013 50.9063 0
LI12 -61.7091 33.9217 41.9633 0
LJ1 -11.9278 58.5036 7.06383 3
LJ2 -21.1794 55.1906 8.5857 3
LJ3 -30.9201 52.7559 9.42496 3
LJ4 -40.1889 50.767 10.4998 3
LJ5 -49.9607 48.3124 12.4513 1
LJ6 -59.7175 46.3125 13.5122 0
LJ7 -68.5319 46.0936 14.3756 0
LJ8 -75.8627 42.8047 17.065 0
LJ9 -70.86 43.8847 12.0856 0
LJ10 -67.7077 43.3474 21.9707 0
LJ11 -67.8088 37.4959 30.2106 0
LJ12 -67.1536 28.7122 31.3511 0
LK1 -10.6708 -37.4197 22.1113 2
LK2 -20.415 -37.186 20.9442 3
LK3 -30.1743 -37.4069 20.6676 3
LK4 -39.9024 -37.6079 19.2788 3
LK5 -50.1657 -37.4052 19.2101 3
LK6 -59.9249 -37.6262 18.9336 2
LK7 -69.6518 -38.7167 18.2135 1
LK8 -79.411 -38.9377 17.937 0
LK9 -90.1623 -38.746 17.8544 0
LK10 -85.7569 -37.3024 16.4196 0
LK11 -82.285 -32.7377 10.948 0
LK12 -83.5213 -24.0251 13.1304 0
LM1 -7.73096 36.97 14.1057 2
LM2 -14.2919 36.6865 21.7115 2
LM3 -20.3637 35.5245 29.9999 3
LM4 -27.4138 36.1193 36.9232 3
LM5 -33.4868 35.8468 44.5428 1
LM6 -40.5358 35.5522 52.1348 0
LM7 -46.1059 35.7455 58.8778 0
LM8 -53.629 36.784 64.8967 0
LM9 -51.1916 38.6182 63.6283 0
LM10 -49.0419 41.9054 54.1134 0
LM11 -52.8154 37.4497 52.8977 0
LM12 -54.1742 28.5818 56.2074 0
LN1 -10.2265 20.4097 29.1896 2
LN2 -15.8276 20.583 37.0448 3
LN3 -21.4437 20.3015 45.7905 2
LN4 -26.5569 20.4858 53.6595 1
LN5 -32.661 20.1933 62.3914 0
LN6 -37.7432 20.3976 69.1482 0
LN7 -42.7769 19.2977 75.2399 0
LN8 -48.3159 19.511 80.8706 0
LN9 -44.2778 23.6919 72.9667 0
LN10 -38.9197 30.9292 67.7686 0
LN11 -37.6219 38.8676 67.3522 0
LN12 -45.968 41.7629 66.4447 0
RA1 13.5001 0.679156 -16.4222 2
RA2 18.4131 -0.969291 -16.0586 2
RA3 23.8141 -2.60669 -15.6811 2
RA4 28.2541 -3.81146 -16.2219 2
RB1 27.612 -4.81192 -10.0058 3
RB2 31.5975 -7.78668 -10.335 3
RB3 35.1112 -11.2072 -10.8997 3
RB4 38.6249 -14.6278 -11.4645 3
RC1 22.0921 -23.4234 -7.24957 2
RC2 26.9879 -23.7476 -7.33301 2
RC3 31.3956 -24.0829 -7.43027 3
RC4 36.7482 -24.4161 -6.38765 3
RC5 41.644 -24.7404 -6.47108 2
RC6 46.5086 -25.0846 -5.44228 2
RC7 51.3882 -24.9741 -5.30399 2
RC8 56.2529 -25.3183 -4.2752 2
RD1 21.9781 -51.8234 -15.0159 3
RD2 26.2742 -50.005 -12.8923 3
RD3 30.0823 -48.1976 -10.7826 3
RD4 34.3945 -46.814 -8.8807 3
RD5 39.1946 -45.4193 -6.96501 3
RD6 43.4919 -44.4903 -4.17264 3
RD7 47.8041 -43.1066 -2.27078 3
RD8 52.1324 -42.1577 -0.590638 3
RE1 31.3586 12.677 -1.01234 2
RE2 32.6982 12.6302 3.47807 2
RE3 34.0378 12.5834 7.96847 2
RE4 35.8492 12.9824 12.6944 2
RE5 37.1577 12.9156 18.2971 3
RE6 38.4974 12.8688 22.7875 2
RE7 40.3249 12.833 27.2917 2
RE8 41.6645 12.7862 31.7821 2
RF1 30.2578 -3.1466 -1.25028 2
RF2 31.1094 -3.20446 3.2263 2
RF3 31.9462 -3.71704 8.59338 2
RF4 32.7817 -3.34016 13.2917 2
RF5 33.6333 -3.39802 17.7683 2
RF6 34.9419 -3.46482 23.3709 3
RF7 35.7935 -3.52268 27.8475 3
RF8 36.629 -3.1458 32.5458 2
RG1 1.49216 29.2976 -12.1166 2
RG2 4.60977 31.4087 -3.12555 2
RG3 7.22328 33.9435 6.07337 3
RG4 10.7966 36.9352 15.5217 3
RG5 13.4113 38.5805 25.3894 3
RG6 16.0409 40.6806 34.3666 2
RG7 18.6706 42.7806 43.3438 1
RG8 21.2853 44.426 53.2115 0
RG9 24.4029 46.5371 62.2025 0
RG10 26.5147 47.7166 72.9469 0
RG11 30.7337 49.0403 78.1855 0
RG12 30.5163 44.3071 72.396 0
RH1 7.92578 20.1519 -7.69517 2
RH2 11.4991 23.1435 1.75314 2
RH3 15.1035 26.1551 10.0892 2
RH4 18.6768 29.1468 19.5375 3
RH5 22.7691 32.1694 27.8874 3
RH6 26.3585 34.7263 37.114 2
RH7 29.9629 37.738 45.4501 1
RH8 33.5685 39.8601 54.4549 0
RH9 37.174 41.9823 63.4598 0
RH10 40.3227 44.1134 71.3386 0
RH11 42.6036 46.7371 74.9626 0
RH12 37.5157 46.7954 64.8004 0
RI1 20.8253 28.7302 -4.22126 3
RI2 23.9441 29.9519 5.43855 3
RI3 27.0629 31.1735 15.0984 3
RI4 30.214 31.5257 24.3147 3
RI5 33.853 31.8889 33.5449 2
RI6 37.9489 32.2432 43.9012 1
RI7 41.5879 32.6064 53.1314 0
RI8 44.77 32.9785 61.2355 0
RI9 48.4389 34.2512 68.6847 0
RI10 51.2412 35.127 72.5478 0
RI11 47.1292 35.2075 62.4133 0
RI12 45.3602 37.9516 53.6782 0
RJ1 5.88473 37.6942 15.8268 2
RJ2 10.7805 37.3699 15.7434 3
RJ3 16.1307 38.8157 15.4485 3
RJ4 21.0103 38.9262 15.5868 3
RJ5 25.4181 38.5909 15.4895 3
RJ6 31.7765 39.1892 14.7788 3
RJ7 35.6802 39.2776 14.8894 3
RJ8 40.5437 39.8229 15.2494 2
RK1 1.48458 -39.3971 25.7973 2
RK2 6.39644 -40.1561 25.4922 3
RK3 11.3083 -40.9151 25.187 3
RK4 16.2202 -41.6741 24.8819 3
RK5 21.1159 -41.9983 24.7984 3
RK6 26.0116 -42.3226 24.715 3
RK7 30.8924 -43.1015 25.5221 3
RK8 36.2761 -43.4147 25.4525 3
RL1 -3.94168 -37.6338 43.4511 1
RL2 -1.61003 -38.0932 47.7474 2
RL3 0.7055 -38.1179 52.2655 3
RL4 2.53307 -38.1537 56.7697 3
RL5 4.83247 -37.7436 61.5095 3
RL6 7.13187 -37.3336 66.2493 1
RL7 9.44739 -37.3583 70.7674 0
RL8 12.2037 -36.9572 76.6332 0
RM1 23.073 -29.7904 32.1881 3
RM2 26.8686 -30.2167 36.5259 3
RM3 30.6952 -30.623 39.7515 3
RM4 34.5367 -30.5746 42.0866 3
RM5 37.8754 -30.9919 45.2983 3
RM6 41.6858 -30.9635 48.7457 2
RM7 46.0004 -31.3588 51.9851 0
RM8 49.339 -31.7761 55.1969 0
RN1 37.8527 -41.8315 37.517 2
RN2 42.1822 -41.772 39.8659 2
RN3 46.9997 -41.7015 42.2286 2
RN4 51.3292 -41.642 44.5776 0
RN5 55.6587 -41.5826 46.9265 0
RN6 59.4853 -41.9889 50.1521 0
RN7 63.3269 -41.9405 52.4872 0
RO1 15.8337 -47.8514 26.2128 3
RO2 18.1803 -47.8561 29.6186 3
RO3 21.4718 -47.8587 34.1644 2
RO4 24.2902 -47.4177 37.8058 2
RO5 27.0937 -47.4313 42.3376 2
RO6 30.4311 -46.9592 44.8806 2
RO7 33.7226 -46.9618 49.4264 1
RO8 37.029 -46.5097 53.0816 1
RP1 25.7404 -53.322 25.8314 3
RP2 30.6523 -54.081 25.5263 3
RP3 35.548 -54.4052 25.4428 3
RP4 40.4438 -54.7295 25.3594 3
RP5 45.3407 -55.9432 25.9448 2
RP6 50.2525 -56.7022 25.6396 2
RP7 55.1644 -57.4611 25.3344 1
RP8 60.0762 -58.2201 25.0293 0
