LA1 -15.8713 0.682576 12.4394 3
LA2 -20.7569 2.05755 12.9168 2
LA3 -25.086 3.28851 13.0115 2
LA4 -29.8745 4.65417 13.0104 3
LA5 -35.0342 5.06813 13.4508 2
LA6 -39.8228 6.4338 13.4497 1
LA7 -44.6114 7.79947 13.4486 2
LA8 -49.497 9.17445 13.926 1
LA9 -54.3826 10.5494 14.4033 1
LA10 -59.4452 10.9541 14.3653 0
LA11 -64.2338 12.3198 14.3642 0
LA12 -69.1195 13.6947 14.8416 0
LB1 -22.8071 -13.1795 -8.63032 2
LB2 -27.7898 -11.7953 -7.67454 2
LB3 -32.49 -11.516 -7.1383 2
LB4 -37.3756 -10.141 -6.66095 3
LB5 -42.1728 -9.85249 -5.64627 3
LB6 -47.0585 -8.47752 -5.16892 3
LB7 -51.7587 -8.19827 -4.63268 3
LB8 -57.0154 -7.77502 -3.71382 2
LB9 -61.7156 -7.49577 -3.17757 1
LB10 -66.2388 -6.24621 -2.12598 0
LB11 -71.3985 -5.8322 -1.68547 0
LB12 -76.0987 -5.55295 -1.14922 0
LC1 -34.7214 -3.94813 29.1371 3
LC2 -38.8823 -2.82398 30.763 3
LC3 -43.3254 -0.594788 32.8084 2
LC4 -47.9457 0.664056 34.3385 2
LC5 -52.5659 1.9229 35.8685 2
LC6 -57.1862 3.1818 37.3986 0
LC7 -61.8064 4.44064 38.9286 0
LC8 -66.1526 6.6605 40.4956 0
LD1 -31.3606 -14.8683 17.5732 2
LD2 -36.0521 -13.5119 17.0937 2
LD3 -40.5496 -12.1741 15.6572 2
LD4 -45.4182 -11.7881 14.6623 2
LD5 -50.5691 -10.297 14.0869 2
LD6 -55.5347 -9.90162 13.5705 2
LD7 -60.2263 -8.54525 13.0909 1
LD8 -64.6354 -8.29389 12.1918 0
LE1 -27.8049 -19.5208 3.93375 3
LE2 -31.7887 -17.4263 6.07492 3
LE3 -36.232 -15.1972 8.12033 2
LE4 -40.1187 -13.112 9.78309 2
LE5 -44.1025 -11.0176 11.9243 2
LE6 -48.0862 -8.9231 14.0655 2
LE7 -52.0699 -6.82866 16.2067 2
LE8 -56.5131 -4.59949 18.2521 1
LE9 -60.3116 -3.60075 20.4522 0
LE10 -64.7547 -1.37162 22.4976 0
LE11 -68.7385 0.722882 24.6389 0
LE12 -72.6252 2.80804 26.3016 0
LF1 -35.8218 -25.2905 -3.06155 3
LF2 -41.1499 -24.7697 -4.15224 3
LF3 -46.0184 -24.3836 -5.14711 3
LF4 -50.613 -23.0366 -6.10515 2
LF5 -55.3845 -22.6598 -7.57854 2
LF6 -59.979 -21.3127 -8.53649 2
LF7 -65.2099 -20.8013 -10.1057 0
LH1 -23.2457 0.321504 22.412 3
LH2 -27.6632 2.6389 21.9694 3
LH3 -32.4518 4.00453 21.9682 2
LH4 -36.9663 6.33123 22.004 3
LH5 -41.6578 7.68761 21.5245 3
LH6 -46.6318 10.149 21.4644 2
LH7 -51.4203 11.5146 21.4634 1
LH8 -55.3784 13.6973 21.1165 0
LI1 -36.0959 -22.0406 22.732 3
LI2 -40.7961 -21.7613 23.2682 3
LI3 -45.8587 -21.3567 23.2302 3
LI4 -50.2849 -20.1164 23.8034 3
LI5 -55.4446 -19.7024 24.2438 2
LI6 -60.6042 -19.2885 24.6843 1
LI7 -65.7639 -18.8745 25.1247 0
LI8 -70.3671 -18.6046 25.1825 0
LJ1 -19.945 -7.64126 42.6704 3
LJ2 -24.8051 -9.32124 41.219 3
LJ3 -29.7624 -10.9919 40.2461 3
LJ4 -34.4456 -11.7015 39.31 2
LJ5 -39.0317 -12.4204 37.8956 2
LJ6 -43.7149 -13.1301 36.9596 3
LJ7 -48.6721 -14.8007 35.9867 2
LJ8 -53.2583 -15.5197 34.5722 2
LK1 -11.8399 -43.1639 -13.7963 1
LK2 -16.7255 -41.7889 -13.319 2
LK3 -21.8852 -41.3749 -12.8785 2
LK4 -26.6738 -40.0093 -12.8796 2
LK5 -31.374 -39.73 -12.3434 3
LK6 -36.1626 -38.3643 -12.3445 3
LK7 -41.3223 -37.9504 -11.904 2
LK8 -46.3849 -37.5457 -11.942 2
LK9 -62.5972 -33.987 -11.3128 0
LK10 -66.8379 -33.8424 -10.6807 0
LK11 -71.264 -32.6022 -10.1076 0
LK12 -76.0614 -32.3136 -9.09289 0
LL1 -41.7672 -36.3764 -22.4894 2
LL2 -46.547 -33.9336 -23.5063 2
LL3 -51.1416 -32.5865 -24.4643 2
LL4 -55.5591 -30.2691 -24.9069 1
LL5 -60.1535 -28.9221 -25.865 0
LL6 -64.474 -26.614 -26.7861 0
LL7 -69.1656 -25.2576 -27.2656 0
LL8 -73.8571 -23.9013 -27.7452 0
RA1 30.0221 -20.3186 1.72454 3
RA2 33.2041 -19.2837 5.33966 3
RA3 36.2007 -17.1532 8.8959 2
RA4 39.7539 -15.1666 12.0695 2
RA5 42.2911 -12.9013 15.5299 3
RA6 45.5702 -11.8758 18.6666 3
RA7 48.5669 -9.74524 22.2228 3
RA8 51.5636 -7.61467 25.7791 2
RA9 55.5762 -5.76285 29.0484 2
RA10 58.5729 -3.63229 32.6046 1
RA11 61.852 -2.60673 35.7413 0
RA12 65.4051 -0.620154 38.9149 0
RE1 22.3066 -5.11257 15.3119 3
RE2 26.6614 -6.25529 12.7291 2
RE3 31.0163 -7.39804 10.1464 3
RE4 34.8147 -8.39679 7.94628 2
RE5 39.1696 -9.53954 5.36353 2
RE6 43.1533 -11.634 3.22232 3
RE7 47.4111 -12.7674 1.11801 3
RE8 51.8544 -14.9966 -0.927394 2
RE9 56.0151 -16.1207 -2.55324 2
RE10 59.9989 -18.2152 -4.69449 2
RE11 64.6192 -19.4741 -6.22452 0
RE12 68.5059 -21.5592 -7.88728 0
