LA1 -19.319 22.6908 -21.3881 2
LA2 -24.6763 22.6942 -22.009 2
LA3 -29.627 21.9435 -21.9196 2
LA4 -34.0073 22.2211 -22.1375 3
LA5 -39.3646 22.2244 -22.7583 3
LA6 -44.2354 22.197 -23.3549 3
LA7 -49.1824 21.7822 -22.9111 2
LA8 -53.5664 21.7239 -23.4835 2
LA9 -58.9201 22.0631 -23.7499 2
LA10 -63.7908 22.0357 -24.3465 1
LB1 -25.6831 9.65025 -18.3846 2
LB2 -29.7585 6.43562 -19.333 2
LB3 -33.8339 3.22108 -20.2814 2
LB4 -37.339 1.0346 -21.5371 2
LB5 -41.4144 -2.17993 -22.4855 2
LB6 -45.4898 -5.39457 -23.4339 3
LB7 -48.9949 -7.58095 -24.6896 2
LB8 -53.0703 -10.7956 -25.638 2
LB9 -57.1457 -14.0102 -26.5864 2
LB10 -61.7041 -16.8581 -27.2046 1
LC1 -20.2793 -9.40039 -23.2609 2
LC2 -24.3474 -11.9434 -23.5004 2
LC3 -28.4919 -14.8737 -22.6994 2
LC4 -32.0732 -17.4475 -22.9147 2
LC5 -36.2213 -20.7136 -22.4682 3
LC6 -40.2894 -23.2565 -22.7077 3
LC7 -43.9544 -26.8894 -22.5914 2
LC8 -48.0262 -29.7681 -23.1853 3
LC9 -52.0942 -32.3111 -23.4248 2
LC10 -55.7593 -35.9439 -23.3085 2
LD1 -29.9128 -34.5 -28.978 1
LD2 -33.5778 -38.1329 -28.8617 2
LD3 -37.646 -40.6758 -29.1012 2
LD4 -41.3109 -44.3086 -28.9849 1
LD5 -44.8923 -46.8824 -29.2002 1
LD6 -48.5536 -50.1793 -28.7295 1
LD7 -52.2187 -53.8122 -28.6132 0
LD8 -56.8571 -57.3833 -28.5453 0
LE1 -40.8102 31.9483 -1.01426 2
LE2 -41.6021 30.4296 3.12334 2
LE3 -42.9535 28.8904 8.63162 3
LE4 -43.7418 27.7075 13.1237 3
LE5 -45.0168 26.5555 17.5915 3
LE6 -45.8015 25.7085 22.438 3
LE7 -47.0765 24.5565 26.9058 3
LE8 -48.3516 23.4045 31.3736 1
LE9 -49.6229 22.5884 36.1959 2
LE10 -50.8943 21.7722 41.0181 2
LE11 -52.1657 20.9561 45.8404 1
LE12 -53.4443 19.4683 49.9538 0
LF1 -15.0103 45.7745 -9.67045 2
LF2 -16.6848 46.0482 -5.20397 3
LF3 -18.4428 45.263 -0.405905 3
LF4 -20.201 44.4776 4.39214 3
LF5 -22.3658 44.4463 8.47996 3
LF6 -24.1239 43.6609 13.278 3
LF7 -26.2887 43.6297 17.3658 3
LF8 -28.0467 42.8444 22.1639 3
LG1 -10.3705 84.465 5.41894 1
LG2 -11.7327 81.9182 9.86388 3
LG3 -12.5284 80.0638 13.647 2
LG4 -13.4039 77.4861 18.1162 3
LG5 -14.2794 74.9085 22.5853 3
LG6 -15.0751 73.054 26.3685 3
LG7 -15.9506 70.4764 30.8377 3
LG8 -16.2559 68.9268 34.9995 2
LH1 -14.9595 52.0993 7.20694 3
LH2 -19.8229 52.7435 7.31922 3
LH3 -24.7699 52.3287 7.76307 3
LH4 -29.637 52.637 7.52089 3
LH5 -34.5839 52.2222 7.96473 2
LH6 -39.5309 51.8074 8.40858 2
LH7 -44.3943 52.4516 8.52085 2
LH8 -49.345 51.7009 8.61024 2
LJ1 -7.4126 -39.0098 5.33305 1
LJ2 -12.3668 -40.0962 5.06801 2
LJ3 -17.2375 -40.1236 4.4714 3
LJ4 -22.6748 -40.8435 4.53658 3
LJ5 -27.0625 -41.2376 3.60973 3
LJ6 -31.9332 -41.265 3.01313 3
LJ7 -36.8874 -42.3515 2.74808 3
LJ8 -41.7618 -42.7147 1.79703 2
RA1 19.9695 16.0557 -12.1421 2
RA2 24.8365 15.7473 -11.8999 2
RA3 29.7036 15.4389 -11.6577 2
RA4 34.6469 15.5179 -12.456 3
RA5 39.5176 15.5454 -11.8594 3
RA6 44.3809 14.9012 -11.9717 3
RA7 49.3316 15.6518 -12.0611 3
RA8 54.1987 15.3434 -11.8189 2
RA9 59.4725 14.281 -10.8665 1
RA10 64.3432 14.3085 -10.2699 1
RB1 27.7127 6.49081 -12.5766 2
RB2 32.6524 6.234 -13.7293 2
RB3 37.5086 4.91815 -14.5505 3
RB4 42.292 3.5508 -13.9767 3
RB5 47.1517 2.57076 -14.4435 3
RB6 52.0116 1.59082 -14.9102 3
RB7 56.8713 0.610778 -15.3769 3
RB8 61.7311 -0.369261 -15.8436 2
RB9 66.5109 -2.07243 -15.6243 2
RB10 71.3743 -2.71665 -15.7366 1
RB11 76.1541 -4.41982 -15.5173 0
RB12 81.0139 -5.39986 -15.984 0
RC1 26.9418 -9.76089 -7.93334 2
RC2 31.7253 -11.1283 -7.35961 3
RC3 36.0147 -13.1365 -7.51899 3
RC4 40.7946 -14.8397 -7.2997 3
RC5 45.0077 -17.2352 -6.41862 3
RC6 49.7875 -18.9385 -6.19934 3
RC7 54.0806 -20.6109 -6.00428 2
RC8 58.7805 -23.0372 -5.09897 2
RC9 63.0736 -24.7095 -4.90391 3
RC10 67.8571 -26.077 -4.33018 1
RC11 72.5569 -28.5034 -3.42489 0
RC12 77.3404 -29.8707 -2.85116 0
RD1 28.3357 -32.6462 -15.8617 2
RD2 31.5027 -35.0316 -13.6342 1
RD3 35.0765 -38.1712 -10.6964 3
RD4 38.7303 -40.5874 -8.44467 3
RD5 41.8974 -42.9728 -6.21713 2
RD6 45.5512 -45.3891 -3.96538 3
RD7 49.205 -47.8053 -1.71361 3
RD8 52.292 -50.914 1.19993 2
RE1 33.0163 26.4863 4.74759 3
RE2 31.2509 25.0293 8.83675 2
RE3 29.4856 23.5723 12.9259 3
RE4 28.2142 22.7562 17.7482 3
RE5 26.4488 21.2992 21.8373 3
RE6 24.6908 20.5139 26.6354 3
RE7 22.9253 19.0569 30.7245 3
RE8 21.1636 17.9358 35.1681 3
RF1 11.4386 41.1857 -5.59451 3
RF2 12.194 40.9694 -1.36137 2
RF3 12.8695 40.0299 3.55776 2
RF4 13.5485 39.4263 8.83134 2
RF5 14.304 39.2099 13.0645 2
RF6 14.9794 38.2704 17.9836 3
RF7 15.6548 37.3309 22.9027 3
RF8 16.4102 37.1145 27.1358 3
RG1 10.7065 78.5363 7.45628 3
RG2 10.797 75.2254 11.265 3
RG3 11.4579 72.9426 14.7663 3
RG4 12.0352 69.6008 18.5993 3
RG5 12.1258 66.2898 22.408 3
RG6 12.7031 62.9481 26.2409 3
RG7 12.7936 59.637 30.0496 3
RG8 12.8842 56.3261 33.8583 3
RH1 2.64882 47.3424 11.533 3
RH2 8.0135 48.0105 12.8627 3
RH3 12.8842 48.038 13.4593 3
RH4 17.2718 48.4322 14.3862 3
RH5 22.2298 49.8544 15.0057 3
RH6 27.0241 49.4944 16.6427 3
RH7 31.8984 49.8578 17.5938 3
RH8 36.7692 49.8852 18.1904 3
RI1 3.57641 7.95958 31.3477 3
RI2 8.04763 9.41269 31.943 3
RI3 12.9256 10.1118 33.2485 3
RI4 17.8799 11.1982 33.5135 3
RI5 22.8415 12.9563 34.4875 3
RI6 27.229 13.3504 35.4143 3
RI7 32.1907 15.1085 36.3883 2
RI8 36.5819 15.8384 37.6695 2
RJ1 6.62906 -38.3323 19.3454 3
RJ2 11.0966 -37.2151 19.5862 2
RJ3 15.971 -36.8518 20.5373 3
RJ4 20.9289 -35.4295 21.1568 3
RJ5 25.3965 -34.3122 21.3976 3
RJ6 30.2708 -33.949 22.3487 3
RJ7 35.2251 -32.8626 22.6137 3
RJ8 40.1793 -31.7761 22.8788 3
