LF1 -15.8853 7.90132 55.9178 3
LF2 -20.2524 6.75702 56.3286 3
LF3 -25.6004 5.93975 57.0905 3
LF4 -30.4774 5.48548 56.7926 3
LF5 -35.8208 4.31998 57.2122 3
LF6 -40.2141 4.22455 57.2521 3
LF7 -45.0739 3.41789 58.0096 2
LF8 -49.9292 2.26298 58.4248 2
LF9 -55.2771 1.44572 59.1867 1
LF10 -59.6705 1.35029 59.2266 0
LF11 -65.0184 0.533029 59.9885 0
LF12 -69.3855 -0.611269 60.3993 0
LG1 -12.9591 -7.11539 73.3259 3
LG2 -17.8278 -7.22557 74.7679 3
LG3 -22.2083 -7.32515 76.2054 3
LG4 -27.0553 -8.13596 78.3606 2
LG5 -31.9285 -7.8979 80.1447 3
LG6 -35.8209 -7.98687 81.5778 3
LG7 -40.6679 -8.79768 83.733 3
LG8 -45.5366 -8.90786 85.175 2
LG9 -50.4053 -9.01804 86.6169 0
LG10 -54.7858 -9.11762 88.0544 0
LG11 -59.1664 -9.2172 89.492 0
LG12 -64.506 -9.69037 91.9938 0
LD1 -34.6246 -7.86797 52.2134 2
LD2 -33.5883 -8.55983 57.1108 2
LD3 -32.5565 -8.90345 62.3504 2
LD4 -31.5202 -9.59532 67.2477 3
LD5 -30.5056 -9.58655 71.4319 3
LD6 -29.9575 -10.289 76.3337 3
LD7 -29.4093 -10.9915 81.2355 2
LD8 -28.373 -11.6833 86.1328 3
LD9 -27.8249 -12.3858 91.0346 3
LD10 -26.7886 -13.0777 95.932 3
LD11 -26.2449 -13.4319 101.176 2
LD12 -25.2303 -13.4231 105.36 1
LE1 -36.2405 -23.2786 52.547 2
LE2 -35.6707 -24.6817 58.162 2
LE3 -35.6107 -25.3947 63.0682 2
LE4 -35.5507 -26.1078 67.9745 3
LE5 -34.9981 -27.1585 72.534 2
LE6 -34.9381 -27.8716 77.4402 3
LE7 -34.8825 -28.2364 82.6887 3
LE8 -34.3561 -28.2383 86.8773 3
LE9 -34.3006 -28.6031 92.1257 3
LE10 -34.245 -28.9679 97.3742 2
LE11 -34.185 -29.681 102.28 2
LE12 -33.6413 -30.0352 107.524 0
LB1 -22.9594 -35.8564 32.7763 2
LB2 -26.7816 -39.4361 33.5823 2
LB3 -30.1375 -42.3045 33.6708 2
LB4 -33.4716 -45.8736 34.4724 3
LB5 -37.2983 -49.105 35.6207 3
LB6 -41.1206 -52.6847 36.4267 3
LB7 -44.4547 -56.2538 37.2284 3
LB8 -48.3031 -58.7846 37.6635 3
LB9 -52.1298 -62.016 38.8118 3
LB10 -55.9521 -65.5957 39.6178 2
LB11 -59.8005 -68.1265 40.0529 0
LB12 -63.1391 -71.3473 41.1968 0
LC1 -29.2405 -57.3388 42.7105 3
LC2 -32.5829 -61.2519 41.7722 3
LC3 -35.9081 -65.5175 41.8894 3
LC4 -39.2594 -68.7342 41.6356 3
LC5 -42.6063 -72.2991 41.0395 3
LC6 -46.4458 -75.5264 40.7902 2
LC7 -49.7972 -78.7431 40.5364 2
LC8 -53.1485 -81.9597 40.2826 1
LC9 -56.4954 -85.5247 39.6865 0
LC10 -59.8512 -88.3931 39.775 0
LC11 -63.2025 -91.6098 39.5212 0
LC12 -66.5539 -94.8265 39.2674 0
LA1 -27.2185 -20.2207 31.4403 2
LA2 -32.5619 -21.3862 31.86 3
LA3 -36.9552 -21.4816 31.8999 2
LA4 -42.3032 -22.2989 32.6618 3
LA5 -47.1802 -22.7531 32.3638 2
LA6 -52.0616 -22.8592 32.4081 2
LA7 -57.4095 -23.6764 33.17 1
LA8 -61.8029 -23.7719 33.2098 0
LN1 -7.49457 -68.2256 98.6568 3
LN2 -7.89657 -69.9982 103.938 3
LN3 -8.31581 -71.4183 108.165 2
LN4 -8.73504 -72.8385 112.391 1
LN5 -9.17596 -73.558 115.904 0
LN6 -9.10704 -74.9675 120.126 0
LN7 -10.0316 -76.0459 123.301 0
LN8 -9.47905 -77.0966 127.86 0
LL1 -24.0418 -26.9957 96.1971 3
LL2 -26.4091 -28.8066 100.099 3
LL3 -28.781 -30.2691 104.343 2
LL4 -30.6602 -32.0693 108.24 1
LL5 -32.5394 -33.8695 112.137 0
LL6 -34.4447 -34.6209 115.663 0
LL7 -35.3649 -36.0475 118.496 0
LL8 -37.2613 -37.4953 121.338 0
LM1 -10.5949 -58.8702 102.333 2
LM2 -12.9668 -60.3327 106.577 1
LM3 -15.3603 -61.0947 110.108 1
LM4 -17.7538 -61.8566 113.638 0
LM5 -20.1428 -62.9668 116.827 0
LM6 -22.022 -64.767 120.724 0
LM7 -23.9185 -66.2148 123.566 0
LM8 -25.8238 -66.9661 127.092 0
LJ1 -15.7523 25.7137 59.3908 3
LJ2 -17.1216 23.2234 63.9968 3
LJ3 -18.5127 21.4338 67.8896 3
LJ4 -19.8776 18.5954 72.1533 3
LJ5 -21.2687 16.8058 76.0461 3
LJ6 -22.6381 14.3155 80.6521 3
LJ7 -24.5173 12.5153 84.5493 2
LJ8 -25.9083 10.7257 88.4421 2
LJ9 -27.7659 8.22488 93.0525 1
LJ10 -29.1569 6.43528 96.9453 1
LJ11 -31.0145 3.93445 101.556 0
LJ12 -32.4011 1.79661 105.106 0
LK1 -11.7473 -9.59823 93.2842 3
LK2 -14.5983 -11.7679 96.848 2
LK3 -17.4538 -13.5893 100.754 2
LK4 -20.3049 -15.7589 104.318 2
LK5 -23.147 -18.6251 107.197 1
LK6 -26.5123 -19.7565 110.395 0
LK7 -28.8752 -21.9155 113.954 0
LK8 -31.748 -23.3845 116.805 0
LH1 -9.94678 -58.0488 68.0669 3
LH2 -14.8282 -58.1548 68.1112 3
LH3 -19.7097 -58.2608 68.1555 3
LH4 -24.565 -59.4157 68.5707 3
LH5 -29.4465 -59.5218 68.615 3
LH6 -34.3235 -59.9761 68.317 3
LH7 -39.1832 -60.7827 69.0745 3
LH8 -44.0647 -60.8887 69.1188 3
LH9 -48.9462 -60.9948 69.1631 3
LH10 -54.3113 -61.4597 68.8696 2
LH11 -59.1972 -61.2175 69.2561 0
LH12 -64.5624 -61.6823 68.9625 0
LI1 -20.2978 4.34422 45.5469 2
LI2 -22.2166 4.63761 50.0999 3
LI3 -24.1092 3.88212 55.0238 3
LI4 -25.5353 3.83787 59.2301 3
LI5 -26.9442 3.44123 64.4919 3
LI6 -28.3703 3.39698 68.6982 3
LI7 -30.2629 2.64149 73.6221 3
LI8 -31.6891 2.59724 77.8284 3
LI9 -33.5816 1.84176 82.7523 3
LI10 -35.0078 1.79751 86.9587 2
LI11 -36.9004 1.04202 91.8826 2
LI12 -38.3048 0.297145 96.8021 0
RL1 22.0282 -35.4223 93.5287 3
RL2 23.5309 -35.4029 97.7085 3
RL3 25.0509 -35.7359 102.944 2
RL4 26.0872 -36.4278 107.841 1
RL5 27.5899 -36.4084 112.021 0
RL6 29.1271 -37.0938 118.311 0
RL7 30.1634 -37.7857 123.209 0
RL8 31.1997 -38.4775 128.106 0
RM1 7.95645 -61.589 94.8917 3
RM2 9.94734 -61.559 99.067 3
RM3 12.4219 -61.1702 103.58 2
RM4 14.4083 -60.792 108.098 1
RM5 16.3948 -60.4137 112.615 1
RM6 18.3857 -60.3838 116.791 0
RM7 20.8647 -60.3432 120.961 0
RM8 22.8601 -60.6615 124.795 0
RN1 5.27182 -71.7889 97.5724 3
RN2 6.77457 -71.7695 101.752 3
RN3 8.29454 -72.1025 106.987 2
RN4 10.2854 -72.0725 111.163 1
RN5 11.3 -72.0638 115.347 0
RN6 12.3102 -71.7068 119.873 0
RN7 13.3292 -72.0463 123.715 0
RN8 14.832 -72.0269 127.895 0
RO1 7.87897 -79.7661 96.6672 3
RO2 8.88911 -79.4091 101.194 2
RO3 10.3874 -79.0415 105.716 2
RO4 11.402 -79.0327 109.9 0
RO5 12.4383 -79.7246 114.797 0
RO6 13.4529 -79.7158 118.981 0
RO7 14.001 -80.4183 123.883 0
RO8 15.0373 -81.1102 128.78 0
RK1 3.98751 -15.1914 91.5174 2
RK2 6.48823 -15.8515 96.4015 3
RK3 8.97173 -16.1592 100.23 2
RK4 10.9843 -16.8298 105.119 2
RK5 13.4678 -17.1375 108.947 1
RK6 15.9296 -16.7445 112.063 1
RK7 17.925 -17.0628 115.896 0
RK8 20.4257 -17.7228 120.78 0
