LA1 -15.1393 16.7504 -26.1518 1
LA2 -19.9098 15.3087 -26.6796 2
LA3 -24.1719 13.8009 -26.6379 2
LA4 -29.4182 12.3491 -27.1408 3
LA5 -33.6668 9.89614 -27.2207 2
LA6 -37.9289 8.38847 -27.1791 2
LA7 -42.66 6.39815 -27.1733 2
LA8 -47.3911 4.40782 -27.1675 2
LA9 -52.0895 2.34156 -26.5675 2
LA10 -56.3448 0.361215 -26.5866 3
LA11 -61.5584 -1.16647 -26.4952 2
LA12 -65.7811 -3.22275 -25.92 1
LB1 -16.7512 7.35088 -24.2354 2
LB2 -19.9625 3.34812 -23.3587 2
LB3 -23.6891 -0.11605 -22.9908 3
LB4 -26.4315 -3.6362 -22.0783 3
LB5 -29.643 -7.63895 -21.2016 3
LB6 -33.3436 -10.7064 -20.1786 3
LB7 -37.0375 -14.2465 -19.2163 3
LB8 -40.2625 -17.3041 -18.2182 3
LB9 -43.9631 -20.3715 -17.1951 2
LB10 -48.1396 -23.449 -16.1472 2
LB11 -51.3577 -26.9791 -15.2098 2
LB12 -55.0584 -30.0467 -14.1868 2
LC1 -15.5984 -4.52072 -25.2099 2
LC2 -20.3296 -6.51105 -25.2042 2
LC3 -25.0539 -8.97399 -25.2592 2
LC4 -29.3092 -10.9544 -25.2783 2
LC5 -33.5904 -13.3314 -25.9525 2
LC6 -37.839 -15.7843 -26.0324 2
LC7 -42.5961 -18.1714 -26.6817 3
LC8 -46.8514 -20.1516 -26.7008 3
LC9 -51.0999 -22.6046 -26.7807 2
LC10 -55.857 -24.9916 -27.43 2
LC11 -60.1123 -26.972 -27.4491 1
LC12 -64.3676 -28.9524 -27.4682 0
LD1 -8.60226 -23.4378 -26.8003 2
LD2 -10.7977 -25.2853 -23.8867 2
LD3 -13.9054 -27.7013 -20.3899 2
LD4 -16.5508 -29.1621 -16.7965 3
LD5 -19.1702 -30.2262 -12.5479 1
LD6 -22.2654 -31.3003 -8.27455 1
LD7 -24.4484 -31.8058 -4.58444 3
LD8 -27.5244 -32.0106 0.404762 3
LD9 -31.1349 -32.546 4.16951 3
LD10 -33.7936 -33.0616 7.88451 3
LD11 -36.9283 -33.5871 11.6244 3
LD12 -40.0562 -34.5853 15.3035 3
LE1 -29.6311 -19.5475 -25.7529 2
LE2 -32.432 -23.3884 -26.0897 2
LE3 -35.1935 -27.7779 -25.893 3
LE4 -37.5119 -32.0814 -26.3155 3
LE5 -39.8303 -36.3849 -26.7379 3
LE6 -42.5918 -40.7743 -26.5412 2
LE7 -45.3861 -45.088 -26.9388 2
LE8 -48.1543 -49.0047 -26.6814 2
LE9 -50.4727 -53.3082 -27.1038 0
LE10 -52.7584 -57.6878 -26.932 0
LE11 -56.0352 -61.5386 -27.244 0
LE12 -57.8191 -65.5114 -26.442 0
LF1 -19.8745 -43.1589 -12.9502 3
LF2 -20.7847 -48.3019 -14.1632 1
LF3 -22.6532 -52.992 -15.2655 3
LF4 -23.5374 -57.7383 -15.8234 3
LF5 -25.8558 -62.0418 -16.2459 2
LF6 -27.2485 -66.722 -17.3732 2
LF7 -29.5669 -71.0256 -17.7956 2
LF8 -31.918 -75.2532 -18.8124 0
LF9 -33.278 -80.0094 -19.3454 0
LF10 -35.1533 -84.227 -20.387 0
LF11 -36.5595 -87.962 -21.3927 0
LF12 -36.9814 -91.753 -21.854 0
LG1 -25.6399 -37.0067 -20.3281 2
LG2 -29.8558 -39.5356 -19.8137 2
LG3 -34.0717 -42.0645 -19.2993 3
LG4 -38.2808 -45.0661 -18.8457 2
LG5 -42.0142 -48.0576 -18.4169 3
LG6 -46.2301 -50.5865 -17.9025 3
LG7 -50.4393 -53.5881 -17.4489 1
LG8 -54.1794 -56.107 -16.9594 0
LG9 -58.3952 -58.6359 -16.445 0
LG10 -62.1219 -62.1 -16.077 0
LG11 -66.3051 -64.7049 -14.9683 0
LG12 -67.6662 -67.1739 -14.6032 0
LH1 -1.12371 -23.317 6.72792 2
LH2 -4.92914 -25.684 6.02887 3
LH3 -9.69293 -27.5984 5.44034 3
LH4 -14.4567 -29.5128 4.85182 3
LH5 -18.7582 -30.472 4.35994 3
LH6 -23.5287 -31.9137 3.83218 3
LH7 -29.7334 -32.9128 3.43982 3
LH8 -33.5849 -34.2586 2.26802 3
LH9 -38.3622 -35.2278 1.80102 3
LH10 -43.1395 -36.197 1.33402 3
LH11 -47.9099 -37.6387 0.806262 2
LH12 -52.7132 -39.0045 -0.315783 2
LI1 -27.9275 41.6268 -41.6551 2
LI2 -30.2132 37.2474 -41.4833 3
LI3 -32.4663 32.792 -40.7172 3
LI4 -34.2762 28.4224 -40.5702 3
LI5 -36.5293 23.967 -39.8041 3
LI6 -38.7756 19.039 -39.0988 3
LI7 -41.068 15.1322 -38.8662 3
LI8 -42.8453 10.6867 -38.125 2
LI9 -45.0916 5.75868 -37.4196 2
LI10 -47.3446 1.30326 -36.6535 2
LI11 -49.6371 -2.60359 -36.421 2
LI12 -51.8834 -7.53163 -35.7156 2
LJ1 -30.3026 -3.768 -14.0071 2
LJ2 -35.0865 -4.2645 -14.4133 2
LJ3 -40.3463 -4.771 -14.7947 3
LJ4 -45.6129 -4.80487 -15.1153 2
LJ5 -50.3969 -5.30138 -15.5215 3
LJ6 -55.1809 -5.79788 -15.9277 3
LJ7 -60.4407 -6.30438 -16.3091 2
LJ8 -65.2247 -6.80089 -16.7153 1
LJ9 -70.4912 -6.83476 -17.0359 0
LJ10 -75.7443 -7.81388 -17.478 0
LJ11 -80.0333 -7.4311 -17.1933 0
LJ12 -84.8106 -8.40023 -17.6603 0
RB1 16.8227 7.17333 -30.3442 2
RB2 21.6269 6.25197 -30.1203 2
RB3 26.9069 5.34058 -29.9212 2
RB4 31.7111 4.41922 -29.6973 2
RB5 36.4826 3.57379 -30.0676 3
RB6 41.2936 2.17981 -29.9044 3
RB7 46.0718 0.861757 -30.3356 3
RB8 50.8761 -0.0596082 -30.1116 3
RB9 55.6803 -0.980972 -29.8877 2
RB10 60.9276 -1.81642 -30.2829 1
RB11 65.7251 -2.26516 -29.9982 0
RB12 71.9894 -3.23251 -29.2546 0
RC1 22.1469 -3.63918 -24.1434 1
RC2 26.9319 -5.42985 -24.6353 2
RC3 31.7169 -7.22052 -25.1271 2
RC4 36.4952 -8.53857 -25.5582 2
RC5 41.2803 -10.3292 -26.0501 3
RC6 45.5568 -12.054 -27.1114 3
RC7 50.3351 -13.372 -27.5425 3
RC8 55.0807 -14.6141 -28.5679 3
RC9 59.859 -15.9322 -28.999 2
RC10 65.1063 -16.7676 -29.3942 1
RC11 69.8913 -18.5583 -29.8861 0
RC12 74.637 -19.8004 -30.9115 0
RD1 32.1891 -13.5995 -27.7856 3
RD2 36.5377 -15.9487 -27.719 3
RD3 40.8469 -17.7494 -28.186 3
RD4 45.6713 -20.0886 -28.1444 3
RD5 49.9873 -22.3618 -28.6721 2
RD6 54.2965 -24.1625 -29.1391 2
RD7 59.1209 -26.5017 -29.0974 2
RD8 63.4302 -28.3024 -29.5644 0
RD9 68.2546 -30.6416 -29.5228 0
RD10 72.5638 -32.4423 -29.9898 0
RD11 76.9124 -34.7915 -29.9232 0
RD12 81.2206 -34.305 -29.4921 0
RE1 27.4908 -29.12 -23.4527 2
RE2 32.3344 -30.5899 -22.6952 2
RE3 37.6539 -32.0499 -21.9627 3
RE4 42.5042 -33.9925 -21.266 2
RE5 46.8394 -35.3964 -21.0779 2
RE6 51.6503 -36.7905 -20.9147 2
RE7 56.5007 -38.733 -20.218 2
RE8 61.7807 -39.6444 -20.019 0
RE9 66.1552 -41.5969 -19.2974 0
RE10 71.4746 -43.0568 -18.5648 0
RE11 76.7479 -43.4956 -18.305 0
RE12 80.1247 -44.4469 -18.0064 0
RF1 23.4548 -39.8354 -22.7827 3
RF2 28.2523 -40.2842 -22.498 3
RF3 33.0306 -41.6022 -22.9291 3
RF4 37.8348 -42.5236 -22.7052 3
RF5 42.6322 -42.9724 -22.4205 2
RF6 47.4432 -44.3663 -22.2573 2
RF7 52.6905 -45.2017 -22.6525 2
RF8 57.5015 -46.5958 -22.4893 0
RF9 62.7815 -47.5071 -22.2903 0
RF10 67.0772 -48.3626 -22.6357 0
RF11 72.4293 -49.8984 -21.3089 0
RF12 77.2008 -50.7438 -21.6792 0
RG1 18.0403 -31.5549 -31.7253 2
RG2 20.6806 -32.1125 -27.0954 2
RG3 22.3435 -33.0868 -23.0708 3
RG4 25.4991 -34.1829 -17.9323 2
RG5 27.1293 -35.0813 -14.502 2
RG6 29.7764 -36.1115 -9.93293 3
RG7 31.9218 -37.5484 -5.994 3
RG8 34.569 -38.5786 -1.4249 3
RG9 36.7076 -39.5429 2.57479 3
RG10 39.3615 -41.0458 7.08313 3
RG11 41.5002 -42.01 11.0828 3
RG12 43.1629 -42.9843 15.1074 3
RH1 6.53167 -30.5674 4.16903 3
RH2 11.3359 -31.4887 4.39297 3
RH3 16.5765 -31.8516 4.05851 3
RH4 21.3807 -32.7729 4.28245 3
RH5 26.1781 -33.2217 4.56716 3
RH6 31.4256 -34.0572 4.17194 3
RH7 36.1903 -34.4299 3.86236 3
RH8 40.9619 -35.2753 3.49202 3
RH9 45.7661 -36.1967 3.71596 3
RH10 51.0067 -36.5595 3.3815 3
RH11 55.7782 -37.405 3.01116 3
RH12 60.5757 -37.8537 3.29587 1
RI1 30.3206 12.5818 -7.37539 3
RI2 35.1834 11.9813 -5.90211 1
RI3 39.5771 10.898 -4.46472 2
RI4 43.9708 9.81476 -3.02733 3
RI5 49.3489 8.67555 -1.04542 3
RI6 53.7358 8.06496 0.452734 2
RI7 58.5986 7.46434 1.92601 1
RI8 63.0117 7.25043 4.07921 0
RI9 67.8812 6.17719 5.49172 0
RI10 72.7507 5.10394 6.90423 0
RI11 77.1828 5.75934 9.77324 0
RI12 81.5891 6.01805 11.9872 0
