LA1 -3.49845 -18.8701 -42.717 2
LA2 -8.39391 -18.753 -41.8945 2
LA3 -13.2095 -19.1668 -42.4378 2
LA4 -18.6328 -19.5253 -41.8837 2
LA5 -23.5203 -19.8916 -41.2953 3
LA6 -28.3358 -20.3054 -41.8386 2
LA7 -33.2152 -21.155 -41.4842 2
LA8 -38.1026 -21.5212 -40.8958 2
LA9 -43.4541 -21.9273 -41.4735 2
LA10 -47.8056 -22.3013 -40.8507 1
LA11 -53.229 -22.6598 -40.2966 0
LA12 -58.1084 -23.5094 -39.9422 0
LB1 -16.8651 -20.6103 -44.5125 2
LB2 -20.6324 -23.8921 -45.2597 2
LB3 -23.8557 -27.6651 -46.2066 3
LB4 -27.6949 -30.8994 -45.822 3
LB5 -30.9262 -34.189 -46.5348 3
LB6 -34.6935 -37.4708 -47.2821 2
LB7 -38.5327 -40.7051 -46.8974 2
LB8 -42.3 -43.987 -47.6447 2
LB9 -46.1392 -47.2213 -47.26 2
LB10 -50.4504 -50.012 -47.8076 1
LB11 -53.6898 -52.8183 -48.2863 0
LB12 -57.9931 -56.0924 -49.0679 0
LC1 -8.98393 -43.4362 -55.0326 3
LC2 -11.7432 -47.1693 -54.8133 3
LC3 -15.1022 -51.3305 -53.7307 2
LC4 -17.8614 -55.0637 -53.5114 2
LC5 -21.1566 -58.789 -53.3265 3
LC6 -23.9159 -62.5222 -53.1072 3
LC7 -27.2749 -66.6834 -52.0245 3
LC8 -30.5781 -69.9254 -51.6055 2
LC9 -33.8733 -73.6508 -51.4206 2
LC10 -37.2404 -77.3287 -50.1039 3
LC11 -41.0796 -80.563 -49.7192 2
LC12 -43.8388 -84.2961 -49.5 2
LD1 -24.5193 -21.9678 -34.5771 3
LD2 -23.7907 -22.7123 -29.3173 2
LD3 -23.5343 -23.0132 -24.9897 2
LD4 -23.3417 -23.75 -19.7643 2
LD5 -22.5493 -24.0586 -15.4023 2
LD6 -22.3648 -24.312 -9.94277 3
LD7 -22.1722 -25.0488 -4.71735 3
LD8 -22.4598 -24.8586 -0.189996 3
LD9 -22.8032 -25.5876 5.00105 3
LD10 -23.0907 -25.3975 9.52841 3
LD11 -23.4341 -26.1265 14.7195 3
LD12 -23.7217 -25.9363 19.2468 2
LE1 4.94848 8.42336 -8.81708 2
LE2 0.077126 7.09039 -8.69676 3
LE3 -4.80227 6.24078 -8.34236 3
LE4 -9.67362 4.90781 -8.22203 3
LE5 -14.4811 4.01065 -8.99947 3
LE6 -19.3605 3.16104 -8.64507 3
LE7 -24.2319 1.82806 -8.52475 3
LE8 -29.1112 0.97845 -8.17035 3
LE9 -33.9906 0.128834 -7.81595 2
LE10 -38.862 -1.20414 -7.69563 2
LE11 -43.7414 -2.05375 -7.34123 1
LE12 -48.6127 -3.38672 -7.2209 0
LF1 -14.4077 -2.38374 -3.18738 3
LF2 -18.903 -2.66265 -0.300874 3
LF3 -23.2706 -2.06993 0.790101 2
LF4 -28.2379 -1.90529 2.74448 2
LF5 -32.7332 -2.1842 5.63099 2
LF6 -37.0927 -2.07483 6.48789 1
LF7 -41.5241 -1.91793 8.47664 1
LF8 -46.4834 -2.23665 10.1969 0
LG1 5.33041 -22.4711 11.8565 1
LG2 0.514866 -22.8849 11.3131 2
LG3 -4.30871 -22.8154 11.0038 3
LG4 -9.6602 -23.2214 10.4261 3
LG5 -14.4918 -22.6685 10.3509 2
LG6 -19.3234 -22.1156 10.2756 2
LG7 -24.2189 -21.9985 11.0982 3
LG8 -29.0505 -21.4456 11.0229 2
LG9 -33.946 -21.3285 11.8455 1
LG10 -39.3136 -20.7679 11.7359 0
LG11 -43.6092 -20.2227 11.695 0
LG12 -49.0326 -20.5812 12.2491 0
LH1 -18.5856 -42.8126 2.50865 3
LH2 -22.0808 -43.0594 6.59573 3
LH3 -24.9763 -42.8781 9.81941 3
LH4 -28.4715 -43.1249 13.9065 2
LH5 -31.4308 -43.3795 18.0279 0
LH6 -34.3182 -43.6816 21.0176 0
LH7 -37.2056 -43.9837 24.0072 0
LH8 -40.093 -44.2858 26.9968 0
LI1 -10.3182 -9.61652 6.95885 3
LI2 -11.2136 -9.37109 12.5837 3
LI3 -12.0372 -9.17321 17.0767 3
LI4 -12.8607 -8.97532 21.5696 3
LI5 -13.748 -9.21325 26.9604 1
LI6 -15.1794 -8.9601 32.5509 0
LI7 -15.3951 -8.81748 35.9464 0
LI8 -16.2266 -8.13624 40.6734 0
RA1 22.6672 -17.7512 -39.199 2
RA2 28.0429 -18.7952 -39.3235 2
RA3 32.8106 -19.7839 -38.3505 2
RA4 37.6583 -21.3035 -38.7434 3
RA5 42.498 -22.3398 -38.9022 3
RA6 47.2738 -23.8119 -38.1633 2
RA7 52.1134 -24.8481 -38.3221 3
RA8 56.9451 -25.401 -38.2469 3
RA9 61.7128 -26.3898 -37.2739 2
RA10 66.5444 -26.9427 -37.1987 2
RA11 71.3202 -28.4148 -36.4597 0
RA12 76.624 -29.4112 -35.4524 0
RB1 34.6904 -23.3332 -43.2814 2
RB2 37.8986 -27.1989 -43.8159 3
RB3 41.1067 -31.0645 -44.3504 3
RB4 43.8508 -34.97 -46.0511 3
RB5 46.523 -38.828 -46.62 3
RB6 49.7311 -42.6936 -47.1546 2
RB7 53.0112 -46.6069 -48.8209 3
RB8 56.2113 -49.9892 -49.1214 3
RB9 59.4194 -53.8549 -49.6559 3
RB10 62.5637 -58.1564 -49.2927 2
RB11 66.2997 -61.5464 -49.5587 2
RB12 68.9719 -65.4044 -50.1276 0
RD1 37.5719 -20.075 -20.3312 3
RD2 37.7565 -20.3284 -14.8717 2
RD3 38.0049 -20.1459 -10.31 2
RD4 37.6534 -20.3916 -4.88483 3
RD5 37.9018 -20.2092 -0.323114 3
RD6 38.0864 -20.4626 5.13637 3
RD7 38.3267 -19.7968 9.93216 3
RD8 39.1111 -19.6221 14.5282 2
RD9 39.2956 -19.8755 19.9877 2
RD10 39.544 -19.693 24.5495 1
RD11 39.8004 -19.994 28.8771 1
RD12 40.5129 -19.7717 34.605 0
RE1 10.317 -0.742602 -10.6571 3
RE2 15.1325 -0.328803 -10.1137 3
RE3 19.8762 0.132535 -8.4385 3
RE4 24.6917 0.546334 -7.89513 3
RE5 30.0512 0.469048 -7.55146 3
RE6 34.8029 0.447031 -6.11032 3
RE7 39.6265 0.377474 -5.80102 3
RE8 44.4501 0.307917 -5.49172 3
RE9 49.8096 0.230632 -5.14806 2
RE10 54.5693 -0.274741 -3.94099 2
RE11 59.3929 -0.344298 -3.63169 0
RE12 64.2165 -0.413855 -3.32239 0
RG1 8.27316 -16.9472 9.17798 2
RG2 13.1686 -17.0643 8.35544 2
RG3 18.0002 -17.6172 8.43067 3
RG4 22.8319 -18.1701 8.5059 3
RG5 27.6554 -18.2397 8.8152 3
RG6 32.479 -18.3092 9.1245 3
RG7 37.8466 -18.8699 9.2341 3
RG8 42.6621 -18.4561 9.77747 3
RG9 47.4857 -18.5256 10.0868 3
RG10 52.9091 -18.1671 9.53267 1
RG11 57.7327 -18.2367 9.84197 0
RG12 62.6281 -18.3537 9.01943 0
RI1 29.024 -20.9728 12.0412 3
RI2 32.568 -21.3677 15.4432 3
RI3 36.1679 -20.8433 18.1816 3
RI4 39.7039 -20.7548 21.8176 2
RI5 43.7919 -21.6407 25.0199 0
RI6 47.9357 -21.6075 27.5586 0
RI7 51.4798 -22.0023 30.9606 0
RI8 55.0796 -21.478 33.6989 0
