LF1 -34.2944 -5.78233 -21.6613 2
LF2 -33.49 -6.16092 -17.2511 2
LF3 -33.1389 -6.51688 -11.6928 2
LF4 -32.3344 -6.89548 -7.28256 2
LF5 -32.0888 -7.7032 -1.99121 3
LF6 -31.2844 -8.08179 2.41899 3
LF7 -30.4799 -8.46039 6.82919 3
LF8 -30.2343 -9.26811 12.1205 3
LF9 -29.9535 -9.55287 16.5672 3
LF10 -29.1842 -10.4544 21.8221 3
LF11 -28.9034 -10.7392 26.2688 3
LF12 -28.6578 -11.5469 31.5601 3
LG1 -37.9367 12.3417 -21.5797 2
LG2 -38.074 12.6024 -16.8295 3
LG3 -38.3168 12.4116 -12.3463 3
LG4 -39.013 12.2432 -6.71498 2
LG5 -39.7793 12.1462 -2.19531 2
LG6 -40.0221 11.9552 2.28787 2
LG7 -40.7183 11.787 7.91921 3
LG8 -40.961 11.596 12.4024 3
LG9 -41.7274 11.4989 16.9221 3
LG10 -42.4236 11.3306 22.5534 3
LG11 -42.6663 11.1397 27.0366 2
LG12 -43.4327 11.0425 31.5563 3
LD1 -38.3971 -35.9954 -50.923 3
LD2 -42.0627 -36.4556 -47.8666 2
LD3 -45.6228 -36.4642 -44.5432 3
LD4 -49.2181 -36.9957 -40.3751 3
LD5 -52.8837 -37.456 -37.3186 2
LD6 -56.4438 -37.4645 -33.9952 2
LD7 -60.1094 -37.9248 -30.9388 1
LD8 -63.6695 -37.9333 -27.6153 3
LD9 -67.3351 -38.3936 -24.5589 2
LD10 -71.5595 -39.283 -20.6213 1
LD11 -74.5608 -38.8624 -18.179 0
LD12 -78.1561 -39.3939 -14.0109 0
LE1 -10.076 -30.4671 22.3279 2
LE2 -14.5813 -31.0718 21.8188 2
LE3 -19.2273 -32.6511 21.8874 3
LE4 -24.2914 -33.685 22.2594 3
LE5 -28.9374 -35.2643 22.328 3
LE6 -33.478 -36.3919 22.6636 2
LE7 -38.1592 -38.4942 23.5768 1
LE8 -43.2233 -39.528 23.9488 1
LE9 -47.7639 -40.6556 24.2844 1
LE10 -52.8633 -42.2123 25.5011 2
LE11 -57.5093 -43.7917 25.5697 2
LE12 -62.0498 -44.9193 25.9052 0
LB1 -32.3432 -5.01661 -33.8052 2
LB2 -36.2584 -8.13893 -34.6106 2
LB3 -40.0681 -10.8095 -35.1491 2
LB4 -44.5421 -14.3609 -35.0734 3
LB5 -47.9336 -17.577 -35.9153 3
LB6 -52.2669 -20.1538 -36.4173 3
LB7 -55.6584 -23.3699 -37.2592 3
LB8 -59.9917 -25.9467 -37.7612 3
LC1 -30.9986 -17.8464 -34.3328 2
LC2 -33.972 -21.6082 -35.4782 2
LC3 -37.3988 -25.3472 -35.4755 3
LC4 -40.3722 -29.109 -36.6209 1
LC5 -43.2753 -32.9419 -36.6547 3
LC6 -46.8778 -37.0616 -38.0307 3
LC7 -50.2693 -40.2777 -38.8726 3
LC8 -53.6961 -44.0168 -38.8699 3
LC9 -57.1229 -47.7559 -38.8672 3
LC10 -60.6199 -51.4239 -39.9761 2
LC11 -64.0467 -55.163 -39.9734 1
LC12 -67.9971 -58.8082 -39.9342 0
LA1 -21.5003 8.98247 -33.3229 2
LA2 -26.4238 8.92341 -33.5285 2
LA3 -31.4527 8.41259 -34.0012 2
LA4 -36.4816 7.90177 -34.4738 2
LA5 -41.405 7.84271 -34.6794 3
LA6 -45.9103 7.23805 -35.1885 3
LA7 -50.9392 6.72724 -35.6611 3
LA8 -55.9681 6.21642 -36.1337 3
LJ1 -36.9748 30.1681 -31.868 2
LJ2 -38.4479 25.0789 -31.4336 2
LJ3 -39.8154 20.4415 -30.7322 2
LJ4 -40.6594 15.7104 -30.0673 3
LJ5 -42.0972 11.1442 -30.4775 2
LJ6 -42.9412 6.41295 -29.8126 3
LJ7 -44.3087 1.77558 -29.1111 3
LJ8 -45.7818 -3.31357 -28.6767 3
LJ9 -46.5905 -7.52181 -28.8565 3
LJ10 -48.0635 -12.611 -28.422 3
LJ11 -49.0482 -18.3169 -27.1795 3
LJ12 -50.3805 -22.4313 -27.3227 2
LH1 -13.2312 39.5128 21.5847 2
LH2 -17.5958 39.8828 20.4979 3
LH3 -22.6247 39.3721 20.0253 3
LH4 -27.6184 39.3842 18.708 3
LH5 -32.612 39.3963 17.3907 3
LH6 -37.5355 39.3372 17.1851 3
LH7 -41.9353 39.1844 16.943 3
LH8 -46.8235 39.6482 15.8928 3
LH9 -52.2705 39.683 15.7237 2
LH10 -56.6351 40.053 14.6369 1
LH11 -61.5586 39.994 14.4313 0
LH12 -66.4467 40.4579 13.381 0
LI1 -19.4211 42.8509 -11.2066 3
LI2 -20.3281 41.7791 -6.10926 3
LI3 -21.6181 41.7758 -1.5531 3
LI4 -22.9081 41.7725 3.00306 3
LI5 -23.7098 41.1525 8.3674 3
LI6 -24.4761 41.0554 12.8871 3
LI7 -25.2425 40.9582 17.4067 3
LI8 -26.5677 40.432 22.8076 3
LI9 -26.8105 40.2411 27.2907 2
LI10 -27.5769 40.144 31.8104 1
LI11 -28.3785 39.524 37.1747 2
LI12 -29.6685 39.5206 41.7309 2
RD1 29.7775 -49.9757 -49.7978 3
RD2 32.9226 -49.3031 -45.8442 2
RD3 35.9622 -49.0823 -42.1576 2
RD4 39.0019 -48.8615 -38.471 2
RD5 42.6706 -48.2828 -34.5539 2
RD6 45.64 -47.9908 -31.979 2
RD7 49.2734 -47.935 -27.2173 1
RD8 52.2076 -48.166 -23.7977 2
RD9 55.8061 -47.5161 -20.9923 2
RD10 58.8457 -47.2952 -17.3057 1
RD11 61.8853 -47.0744 -13.6191 1
RD12 65.0304 -46.4018 -9.6655 0
RE1 -1.2161 -32.8221 8.6052 2
RE2 3.25394 -32.7404 9.95897 2
RE3 8.24759 -32.7525 11.2762 3
RE4 12.6824 -33.1938 13.4747 3
RE5 17.7815 -32.7541 15.059 3
RE6 22.2516 -32.6725 16.4127 3
RE7 26.6864 -33.1137 18.6112 2
RE8 31.2618 -32.5802 20.2319 2
RE9 35.6966 -33.0215 22.4304 1
RE10 40.2369 -33.011 24.8958 1
RE11 44.7069 -32.9293 26.2496 2
RE12 49.1417 -33.3705 28.448 1
RF1 33.2735 -4.8876 -15.3384 2
RF2 33.1362 -4.62677 -10.5882 2
RF3 32.9989 -4.36594 -5.838 2
RF4 32.8264 -4.62807 -0.243151 2
RF5 32.1654 -4.27341 4.54353 3
RF6 32.0281 -4.01259 9.29372 3
RF7 31.8908 -3.75176 14.0439 1
RF8 31.1245 -3.84887 18.5636 1
RF9 30.9872 -3.58804 23.3138 2
RF10 30.9201 -3.3984 29.1756 3
RF11 30.7828 -3.13757 33.9258 2
RF12 30.6455 -2.87675 38.676 2
RG1 28.397 4.86843 -17.8761 3
RG2 27.2124 5.31692 -13.0529 3
RG3 26.6922 6.6463 -8.84386 3
RG4 25.6132 7.54655 -3.75368 3
RG5 24.9522 7.9012 1.033 3
RG6 23.7677 8.34969 5.85617 3
RG7 23.2123 9.15611 10.9099 3
RG8 22.0277 9.6046 15.733 3
RG9 20.8432 10.0531 20.5562 3
RG10 19.6587 10.5015 25.3794 3
RG11 19.1385 11.8309 29.5884 3
RG12 17.9539 12.2795 34.4116 3
RA1 15.3598 0.965267 -36.7148 2
RA2 20.0371 -0.402158 -36.1985 2
RA3 25.1325 -2.31518 -35.9858 2
RA4 29.845 -3.15964 -36.3142 2
RA5 34.5223 -4.52706 -35.7979 3
RA6 39.0941 -6.34625 -35.5487 2
RA7 43.7012 -7.64248 -36.1441 2
RA8 48.9021 -9.10373 -35.6644 2
RB1 19.0138 -7.86658 -38.2838 2
RB2 22.7103 -11.4702 -37.9544 2
RB3 26.5124 -14.622 -37.3581 2
RB4 30.2442 -17.7027 -37.8734 3
RB5 34.0462 -20.8545 -37.277 3
RB6 37.7428 -24.4581 -36.9476 3
RB7 41.5801 -27.0869 -37.1959 3
RB8 45.2766 -30.6905 -36.8665 3
RC1 21.3272 -28.8695 -34.3362 2
RC2 24.8481 -32.8537 -35.3855 1
RC3 27.8101 -37.2669 -35.5536 1
RC4 30.3892 -40.6116 -36.2629 3
RC5 33.3513 -45.025 -36.4311 3
RC6 36.454 -48.4635 -37.1769 3
RC7 39.416 -52.8768 -37.3451 2
RC8 42.5188 -56.3154 -38.0909 2
RC9 45.6215 -59.754 -38.8367 2
RC10 48.689 -63.7155 -38.7378 1
RC11 51.6863 -67.6059 -39.7506 0
RC12 54.7538 -71.5674 -39.6518 0
RH1 6.56113 37.7297 14.329 2
RH2 11.4846 37.7887 14.5346 3
RH3 16.5135 38.2996 15.0072 3
RH4 21.4369 38.3586 15.2128 2
RH5 25.872 39.0344 14.6103 3
RH6 30.7954 39.0935 14.8159 3
RH7 35.8243 39.6044 15.2885 3
RH8 40.8532 40.1151 15.7611 2
RH9 45.7767 40.1743 15.9667 0
RH10 50.7001 40.2333 16.1723 0
RH11 55.7643 41.2671 15.8002 0
RH12 60.6877 41.3261 16.0059 0
RI1 8.43218 35.9771 -14.2451 3
RI2 9.3421 36.0502 -9.56789 3
RI3 10.2521 36.1234 -4.89068 3
RI4 11.1267 35.6736 0.631188 3
RI5 12.0367 35.7468 5.3084 3
RI6 12.5284 36.3655 10.2891 3
RI7 13.5438 36.8905 15.2333 3
RI8 13.9301 37.0575 19.947 3
RI9 14.3164 37.2244 24.6607 3
RI10 14.7027 37.3915 29.3744 2
RI11 15.089 37.5585 34.0881 2
RI12 15.4754 37.7254 38.8018 3
RJ1 27.8136 22.0269 -47.0192 2
RJ2 29.5877 16.8265 -46.5367 2
RJ3 30.4201 12.2656 -45.7142 3
RJ4 31.7408 7.08786 -44.0836 3
RJ5 33.0967 2.43309 -43.2976 3
RJ6 34.4527 -2.22167 -42.5116 3
RJ7 35.8439 -6.35348 -42.5703 3
RJ8 37.0943 -11.46 -42.0513 3
RJ9 37.9267 -16.0209 -41.2289 3
RJ10 39.2124 -20.6045 -41.5546 3
RJ11 39.9393 -25.6172 -40.9991 3
RJ12 40.6662 -30.6299 -40.4436 3
