LF1 -23.1965 -19.2397 -1.4135 3
LF2 -21.8337 -19.802 3.7075 2
LF3 -20.7443 -19.8128 7.90132 3
LF4 -19.8347 -20.4476 12.8556 3
LF5 -18.6312 -20.6353 18.2463 2
LF6 -17.7216 -21.2701 23.2006 3
LF7 -16.6322 -21.2809 27.3944 3
LF8 -15.2694 -21.8432 32.5154 3
LF9 -14.18 -21.854 36.7092 3
LF10 -12.8172 -22.4163 41.8302 3
LF11 -12.0669 -22.6765 47.0542 3
LF12 -10.7041 -23.2388 52.1752 2
LG1 4.99025 54.143 27.3315 2
LG2 3.7968 50.576 30.6974 3
LG3 2.76254 46.6344 33.7935 3
LG4 1.27511 42.6203 36.723 3
LG5 -0.0324332 39.2301 38.8919 3
LG6 -0.907512 34.9139 41.7183 3
LG7 -1.78259 30.5976 44.5448 3
LG8 -2.31859 26.5308 46.341 3
LG9 -3.19367 22.2145 49.1674 2
LG10 -3.88886 18.5223 51.2334 2
LG11 -4.60476 13.8315 53.7901 1
LG12 -5.47984 9.51524 56.6165 2
LD1 -6.57289 -56.763 -21.6948 2
LD2 -10.7379 -59.2151 -20.7471 3
LD3 -14.9481 -61.4695 -18.3328 2
LD4 -18.5251 -63.0274 -16.5123 3
LD5 -22.462 -65.8333 -13.1709 2
LD6 -25.925 -67.568 -10.1535 2
LD7 -29.2287 -69.6773 -7.40576 3
LD8 -32.6917 -71.4121 -4.38834 3
LE1 -20.6991 -10.0876 -6.46319 3
LE2 -20.0872 -8.97461 -1.46021 3
LE3 -19.496 -8.86019 4.03351 2
LE4 -19.1781 -8.19434 8.60006 2
LE5 -18.8602 -7.52848 13.1666 2
LE6 -18.269 -7.41407 18.6603 2
LE7 -17.9511 -6.74821 23.2269 2
LE8 -17.8131 -6.70633 28.5539 3
LE9 -17.2012 -5.59333 33.5568 3
LE10 -16.8833 -4.92748 38.1234 3
LE11 -16.5653 -4.26162 42.6899 2
LE12 -16.5865 -3.84513 48.2867 3
LB1 -4.66058 -8.9753 -16.2215 3
LB2 -8.18889 -12.9259 -16.3527 3
LB3 -11.5373 -16.2525 -17.2444 2
LB4 -15.0656 -20.2031 -17.3756 2
LB5 -17.9609 -23.4573 -18.1005 2
LB6 -21.33 -27.7825 -18.5015 2
LB7 -24.2253 -31.0366 -19.2264 3
LB8 -27.4145 -34.7378 -20.3878 3
LB9 -30.7836 -39.063 -20.7888 3
LB10 -33.9729 -42.7643 -21.9501 3
LB11 -37.1621 -46.4655 -23.1115 3
LB12 -40.3513 -50.1668 -24.2729 2
LC1 -7.45058 -32.7428 -14.0283 3
LC2 -10.6398 -36.444 -15.1896 3
LC3 -13.9882 -39.7706 -16.0813 3
LC4 -17.6306 -43.5444 -17.4094 3
LC5 -20.9791 -46.8711 -18.3011 3
LC6 -23.9884 -49.9483 -20.223 3
LC7 -27.1777 -53.6496 -21.3843 3
LC8 -30.5261 -56.9762 -22.276 2
LC9 -33.7153 -60.6774 -23.4374 3
LC10 -37.3577 -64.4512 -24.7655 3
LC11 -40.7061 -67.7779 -25.6572 0
LC12 -43.8747 -70.4805 -27.3093 0
LA1 -0.402594 -6.28347 -10.3755 2
LA2 -5.0001 -7.80959 -10.0853 3
LA3 -10.0508 -9.40825 -9.96181 3
LA4 -14.6483 -10.9344 -9.6716 2
LA5 -19.0659 -11.8365 -10.1419 3
LA6 -24.1166 -13.4352 -10.0184 3
LA7 -29.1673 -15.0338 -9.89487 3
LA8 -33.7648 -16.56 -9.60467 3
LA9 -38.1824 -17.4621 -10.0749 3
LA10 -43.2331 -19.0608 -9.95143 2
LA11 -47.8306 -20.5869 -9.66122 1
LA12 -53.0404 -21.8109 -9.26801 0
LL1 10.8086 -60.839 17.2074 2
LL2 5.77865 -61.4391 16.8401 3
LL3 0.589495 -61.6646 16.7426 3
LL4 -4.14649 -61.8175 16.8118 3
LL5 -8.88247 -61.9704 16.881 3
LL6 -13.7776 -61.7487 17.2199 3
LL7 -19.126 -61.5996 17.392 3
LL8 -23.5887 -62.304 18.3884 3
LL9 -28.6186 -62.9041 18.0212 3
LL10 -33.5345 -63.681 18.8508 3
LL11 -38.7237 -63.9064 18.7533 3
LL12 -43.4596 -64.0594 18.8225 2
LJ1 12.8803 25.4687 24.08 2
LJ2 8.14434 25.3157 24.1492 2
LJ3 3.11438 24.7157 23.7819 2
LJ4 -1.44171 25.1867 23.0907 3
LJ5 -6.63087 24.9612 22.9931 3
LJ6 -11.6401 25.3597 22.1351 3
LJ7 -17.5764 24.6146 21.4345 3
LJ8 -21.6794 25.1582 20.9099 3
LJ9 -25.6231 25.3271 20.1156 3
LJ10 -31.2654 25.0291 19.8514 3
LJ11 -36.4339 25.8023 19.2631 1
LJ12 -41.623 25.5768 19.1656 0
LK1 10.8732 -26.8214 45.1349 2
LK2 5.61506 -27.0678 42.3739 2
LK3 1.71641 -27.0966 40.113 3
LK4 -3.42766 -27.5198 38.5488 3
LK5 -7.77948 -27.6212 36.1212 3
LK6 -12.3112 -28.3465 34.4541 2
LK7 -16.8429 -29.0718 32.7869 3
LK8 -22.2603 -28.9436 30.2956 3
LK9 -25.8856 -29.5239 28.9619 3
LK10 -30.5765 -29.8746 27.5645 3
LK11 -35.3815 -30.0484 24.9702 3
LK12 -40.0724 -30.3991 23.5728 3
LH1 1.96872 12.4604 -4.95473 2
LH2 -0.591576 13.0657 -1.11875 2
LH3 -2.40471 14.1907 3.32038 3
LH4 -4.07937 13.9424 7.98052 3
LH5 -5.00687 14.2138 13.2438 3
LH6 -6.22836 14.0381 18.0707 3
LH7 -6.8375 13.5603 22.7945 3
LH8 -7.60582 13.4572 27.7881 2
LH9 -8.66813 12.9068 32.3453 3
LH10 -9.88962 12.7311 37.1721 3
LH11 -11.291 11.9314 42.7594 2
LH12 -12.1734 12.0051 46.5561 3
LI1 7.87248 30.7476 48.2668 3
LI2 3.32006 29.0237 47.0904 3
LI3 -1.07318 26.9252 45.6443 3
LI4 -5.80549 24.5773 45.2283 3
LI5 -9.74556 22.5513 43.9489 3
LI6 -14.298 20.8275 42.7725 3
LI7 -18.4179 18.1775 42.2535 2
LI8 -22.8112 16.079 40.8074 2
LI9 -26.7512 14.053 39.528 3
LI10 -31.3244 11.3305 38.8423 3
LI11 -35.7176 9.23203 37.3962 3
LI12 -39.8169 7.58066 36.3865 1
RE1 41.3738 -11.1995 -4.52677 3
RE2 41.2178 -11.6048 0.3638 2
RE3 41.0618 -12.01 5.25437 3
RE4 40.9059 -12.4153 10.1449 2
RE5 40.5907 -12.4459 15.3052 2
RE6 40.4347 -12.8512 20.1958 3
RE7 39.8256 -13.329 24.9197 3
RE8 38.8774 -14.0561 30.6737 3
RE9 38.9013 -13.8374 34.8038 3
RE10 38.1123 -14.9392 40.2881 2
RE11 37.7972 -14.9698 45.4484 3
RE12 37.6412 -15.3751 50.339 2
RB1 23.6591 -17.4405 -15.1531 3
RB2 29.1873 -16.9656 -16.0858 3
RB3 34.5357 -17.1148 -16.258 3
RB4 39.2716 -16.9618 -16.3272 3
RB5 44.0076 -16.8089 -16.3963 2
RB6 49.1968 -16.5834 -16.2988 3
RB7 53.9328 -16.4305 -16.368 3
RB8 58.6687 -16.2776 -16.4372 2
RB9 63.8579 -16.0521 -16.3397 2
RB10 69.047 -15.8266 -16.2421 0
RB11 73.9422 -16.0483 -16.581 0
RB12 79.2905 -16.1975 -16.7532 0
