LL1 -61.269 -26.5456 5.67487 2
LL2 -62.5849 -22.4005 14.191 2
LL3 -62.3927 -17.8797 23.6913 2
LL4 -60.7055 -13.6656 32.956 2
LL5 -59.1176 -9.1959 41.2589 2
LL6 -56.8606 -5.8656 50.2299 2
LL7 -51.756 -2.42409 57.8969 2
LL8 -44.0598 -0.587914 64.87 2
RG1 53.8456 -42.5858 39.4521 2
RG2 56.2191 -32.7858 39.7321 2
RG3 60.0742 -23.9748 38.5565 2
RG4 61.7521 -14.4001 35.7288 1
RG5 61.4645 -3.8905 34.3921 2
RG6 58.8429 5.4107 32.975 1
RG7 57.0471 15.5446 30.6541 2
RG8 52.3771 24.2027 27.1977 2
RG9 54.2215 -43.4601 29.8225 2
RG10 58.1757 -34.9047 29.6086 2
RG11 61.8458 -24.9002 27.7295 2
RG12 63.0959 -15.1662 26.0281 2
RG13 62.5523 -6.37317 25.3014 1
RG14 59.3476 3.1295 22.9581 1
RG15 56.1428 12.6322 20.6149 1
RG16 52.056 21.0888 18.0845 1
RG17 55.1243 -44.7493 20.0282 2
RG18 59.4633 -35.8842 18.8171 2
RG19 61.3826 -27.2896 17.7837 2
RG20 62.2479 -17.8653 17.0795 2
RG21 61.4201 -7.62318 14.6876 1
RG22 60.3496 1.58475 14.1256 2
RG23 57.2011 11.3008 12.873 2
RG24 52.6998 20.599 12.6888 1
RG25 54.1341 -46.7238 10.247 2
RG26 57.6044 -38.2225 10.0687 1
RG27 59.7234 -28.1247 7.33453 2
RG28 60.5458 -18.2315 6.75938 1
RG29 61.2558 -8.76498 4.00275 1
RG30 59.1314 1.27266 3.76988 2
RG31 54.1891 10.0478 3.49213 2
RG32 49.3327 17.885 2.95626 2
RG33 43.4768 40.0275 24.0024 2
RG34 48.5449 32.3615 27.6815 2
RG35 52.6021 25.0562 31.5607 2
RG36 55.4353 15.9262 36.121 2
RG37 58.0702 7.30732 38.7579 2
RG38 58.9543 -2.72142 42.2406 2
RG39 59.2123 -12.0797 44.9261 2
RG40 58.5156 -20.8639 48.9026 2
RG41 43.1289 44.2808 32.4475 2
RG42 46.8871 35.728 37.0658 2
RG43 52.0973 27.3374 41.5775 2
RG44 53.7346 19.7616 45.6344 2
RG45 54.5196 9.98846 48.1553 2
RG46 56.2857 1.00583 51.825 2
RG47 56.1027 -8.87553 54.4171 2
RG48 55.3498 -17.8731 57.3028 2
RG49 39.92 47.7406 40.9768 2
RG50 44.7884 38.5714 46.3566 2
RG51 46.9526 30.5808 50.2489 2
RG52 49.6867 21.7063 53.8475 1
RG53 48.9767 12.2398 56.6042 2
RG54 49.2777 2.41257 59.1607 2
RG55 49.5786 -7.4147 61.7172 2
RG56 48.7828 -15.9433 64.7319 1
RG57 34.0221 48.531 49.074 2
RG58 39.1597 41.7607 55.0636 1
RG59 42.8188 33.4634 58.7202 1
RG60 45.0556 23.8525 61.1345 2
RG61 44.8858 14.6535 64.9464 1
RG62 43.1946 4.39646 66.5543 1
RG63 43.8507 -3.96984 69.4624 1
RG64 43.5818 -12.9133 72.3126 2
RIH1 1.95129 9.44295 49.2726 1
RIH2 2.68513 16.2455 56.2039 1
RIH3 3.86 23.5711 63.2287 2
RIH4 5.90363 31.2605 69.2208 2
RIH5 11.7362 37.8046 71.3983 1
RIH6 19.0384 44.6917 67.2762 2
RIH7 25.176 47.4515 61.1376 1
RIH8 30.2894 49.8897 53.9794 1
RPT1 25.6271 -79.0788 22.2658 2
RPT2 32.9116 -72.3724 24.3366 2
RPT3 40.3382 -66.3905 27.2401 2
RPT4 45.558 -58.4936 29.8402 1
RST1 21.3205 -26.494 3.40984 1
RST2 28.2676 -21.0679 -1.06381 1
RST3 36.1958 -14.8512 -4.38873 1
RST4 43.769 -10.0956 -8.06528 2
