AT1 -20.6549 53.9107 41.9337 0
AT2 -24.7773 55.678 32.8857 0
AT3 -32.2413 58.0102 26.8426 0
AT4 -41.2214 58.963 29.6357 1
DH1 -30.6487 30.9839 52.1497 3
DH2 -35.6144 30.636 50.8041 3
DH3 -40.1287 30.1465 50.4744 3
DH4 -45.2051 30.0957 50.2037 3
DP1 -55.145 4.43167 98.6771 1
DP2 -53.1205 8.64809 99.6248 1
DP3 -49.4202 12.2375 99.5119 2
DP4 -45.5989 14.8408 99.2078 2
F1 -12.4677 89.4038 107.66 1
F2 -15.3738 80.4514 111.846 1
F3 -20.5783 73.0577 117.247 1
F4 -24.5582 65.1786 120.572 1
F5 -28.6471 55.8607 120.54 1
F6 -32.174 46.1042 120.448 1
IH1 -15.867 -37.583 91.2646 1
IH2 -19.0612 -32.9585 100.195 2
IH3 -21.2224 -26.6512 106.452 1
IH4 -23.6354 -17.6826 112.207 1
IH5 -25.7768 -9.11228 114.833 1
IH6 -28.5407 0.389796 117.614 1
IO1 -4.00212 -25.1025 29.0196 1
IO2 -3.72753 -34.5188 32.2551 1
IO3 -7.14541 -42.8366 35.5208 2
IO4 -14.85 -45.8143 40.6561 2
IO5 -23.4894 -44.706 45.5401 2
IO6 -31.6877 -43.0503 50.5562 2
IO7 -39.1246 -39.3135 56.0278 2
IO8 -43.3023 -32.5347 61.2543 3
LG1 -56.8741 -14.7586 60.0304 3
LG2 -61.3224 -5.67628 58.5561 2
LG3 -64.4269 3.67028 59.246 1
LG4 -66.0972 14.3621 59.2575 2
LG5 -66.0815 23.7379 59.0923 2
LG6 -63.608 33.1897 60.0894 1
LG7 -60.0206 42.4531 60.085 2
LG8 -55.821 51.4739 59.0423 2
LG9 -56.6255 -13.9482 69.3953 3
LG10 -62.6289 -5.22505 68.7905 2
LG11 -65.5622 3.33136 68.3099 1
LG12 -66.6603 12.8955 69.1463 1
LG13 -65.2607 23.4206 69.282 2
LG14 -62.6765 32.5752 69.2043 1
LG15 -60.2132 42.716 69.3178 1
LG16 -57.1274 51.9251 69.2767 1
LG17 -53.2041 -18.2895 77.8923 2
LG18 -59.3583 -10.1543 80.2254 3
LG19 -63.3552 -1.21361 79.7671 2
LG20 -64.9047 8.49208 79.5875 2
LG21 -64.337 18.1182 78.4796 3
LG22 -62.2144 28.1035 76.5022 2
LG23 -60.704 38.3315 75.563 2
LG24 -58.6316 48.1208 74.565 2
LG25 -49.4444 -17.0985 87.5136 3
LG26 -55.9894 -9.3147 88.7353 2
LG27 -60.0366 -0.569974 89.2563 2
LG28 -61.1449 9.68317 89.2089 2
LG29 -60.527 19.5053 87.1216 2
LG30 -59.3974 28.6928 85.9547 3
LG31 -59.8934 38.7032 84.8691 2
LG32 -59.4466 49.3155 83.9522 2
LG33 -45.3944 2.96557 107.053 2
LG34 -47.3347 12.3198 105.762 1
LG35 -49.1141 21.5729 102.417 2
LG36 -52.5089 30.9599 100.036 2
LG37 -54.9006 40.4557 97.7294 2
LG38 -56.1783 49.7632 94.4207 2
LG39 -56.3925 58.6864 91.0897 2
LG40 -55.9943 67.3669 86.7205 1
LG41 -37.4813 5.8687 113.146 2
LG42 -40.9868 15.5528 111.84 2
LG43 -43.9303 24.7982 110.476 2
LG44 -47.3252 34.1853 108.096 2
LG45 -49.2152 43.7354 105.825 2
LG46 -50.9946 52.9885 102.48 2
LG47 -50.7072 61.9661 99.1856 2
LG48 -49.8074 70.701 94.853 2
LG49 -28.4984 14.8113 123.565 0
LG50 -31.7825 23.9012 120.11 2
LG51 -36.0596 32.1933 117.465 1
LG52 -39.9561 41.5259 115.048 1
LG53 -43.1798 50.1228 111.498 2
LG54 -45.7912 58.477 106.909 2
LG55 -47.3491 67.1359 101.414 2
LG56 -48.345 75.3561 95.8596 2
LG57 -22.3923 20.0165 130.026 0
LG58 -26.6694 28.3086 127.381 1
LG59 -28.8396 37.2103 122.924 1
LG60 -32.2345 46.5973 120.544 1
LG61 -35.8491 54.8427 115.882 1
LG62 -37.9589 63.2512 111.329 1
LG63 -40.0082 71.1667 106.681 1
LG64 -41.6266 80.3187 101.282 1
MT1 -27.1913 24.9144 34.7748 1
MT2 -35.2795 29.9142 33.3179 1
MT3 -43.9196 34.6636 32.8037 1
MT4 -52.6602 39.0211 34.2481 1
OF1 -5.24792 74.969 58.1707 1
OF2 -15.5616 74.9685 59.6834 1
OF3 -25.424 74.8264 62.2121 2
OF4 -35.2462 75.5693 62.8778 1
OF5 -45.0583 75.6231 64.4271 2
OF6 -52.1726 75.5166 71.1885 2
OF7 -56.6982 73.8108 79.8049 1
OF8 -56.6388 71.4125 89.5392 1
SO1 -10.278 -45.9874 55.1518 2
SO2 -15.9378 -46.1268 63.0023 2
SO3 -21.9602 -43.3078 71.4263 2
SO4 -26.9998 -39.002 78.1559 2
SO5 -31.7294 -32.4736 84.3251 2
SO6 -35.9675 -25.2017 89.6472 2
