LA1 -18.469 3.40299 -6.5959 2
LA2 -22.5726 0.834351 -6.53022 2
LA3 -27.0296 -1.57752 -6.47395 2
LA4 -30.9988 -3.83227 -6.22674 2
LA5 -35.6658 -6.66466 -5.28783 2
LA6 -39.7694 -9.2333 -5.22216 3
LA7 -44.0919 -11.3313 -4.98434 3
LA8 -48.4145 -13.4293 -4.74653 2
LA9 -53.0815 -16.2617 -3.80762 2
LA10 -57.4041 -18.3596 -3.5698 2
LA11 -61.7266 -20.4576 -3.33199 1
LA12 -66.3936 -23.29 -2.39308 0
LB1 -21.6862 -5.02153 -10.2423 2
LB2 -25.4186 -9.52932 -8.74624 3
LB3 -28.3186 -13.1456 -7.76035 2
LB4 -31.3531 -17.0757 -6.956 2
LB5 -34.5976 -21.4264 -5.26902 3
LB6 -37.9854 -25.1998 -4.47406 2
LB7 -41.0199 -29.1299 -3.66971 2
LB8 -44.2734 -32.5894 -2.69322 3
LD1 -33.6763 -44.2473 -6.85898 3
LD2 -37.7967 -46.7153 -4.48343 2
LD3 -41.7071 -48.7628 -2.99051 2
LD4 -46.0464 -50.7602 -0.442813 2
LD5 -49.8979 -52.6004 2.29581 1
LD6 -52.6226 -53.9132 3.28796 0
LD7 -56.3985 -55.6468 4.96242 0
LD8 -59.3332 -57.3801 6.8372 0
LF1 -26.9898 18.2946 5.2695 3
LF2 -27.0989 18.3892 10.9534 2
LF3 -26.9981 18.9043 15.7547 2
LF4 -26.8972 19.4194 20.556 3
LF5 -26.4429 19.7778 25.3667 3
LF6 -26.3421 20.2929 30.168 2
LF7 -26.2412 20.808 34.9693 2
LF8 -26.1403 21.3231 39.7706 3
LF9 -25.905 22.1521 44.7535 3
LF10 -26.0142 22.2466 50.4374 3
LF11 -26.1323 23.2324 55.4108 2
LF12 -25.897 24.0614 60.3937 1
LI1 -5.95043 47.2945 16.1619 3
LI2 -11.3678 47.5498 17.2604 3
LI3 -16.4318 47.6484 18.3683 3
LI4 -21.1425 47.5902 19.4857 3
LI5 -25.8531 47.532 20.603 3
LI6 -30.4293 47.7876 21.9018 2
LI7 -35.4933 47.8862 23.0097 2
LI8 -40.9107 48.1415 24.1083 2
LJ1 -7.0849 47.0952 39.5893 3
LJ2 -11.5855 47.4575 39.824 3
LJ3 -17.0029 47.7128 40.9225 2
LJ4 -21.3691 48.389 41.3388 2
LJ5 -26.4331 48.4876 42.4467 2
LJ6 -30.9337 48.8499 42.6814 1
LJ7 -35.2998 49.5261 43.0976 0
LJ8 -40.1449 49.154 44.0333 0
RA1 22.2929 6.70645 -20.248 3
RA2 26.7615 3.46331 -19.5969 2
RA3 30.7832 2.05269 -19.3121 2
RA4 35.6052 -1.34721 -18.6516 3
RA5 39.8459 -3.2285 -18.5388 2
RA6 44.2299 -5.68708 -17.5341 1
RA7 48.4796 -8.45955 -16.7108 1
RA8 52.5013 -9.87017 -16.4259 2
RA9 57.3233 -13.2701 -15.7654 2
RA10 61.6984 -14.8375 -15.4712 1
RA11 66.167 -18.0806 -14.8201 0
RA12 70.6766 -19.3341 -14.3443 0
RB1 31.6808 -8.05792 -14.8519 2
RB2 35.4515 -11.8787 -13.5091 3
RB3 39.2133 -14.8083 -12.8768 2
RB4 42.9752 -17.7379 -12.2445 2
RB5 46.6026 -20.9813 -11.7937 2
RB6 50.7178 -24.0677 -11.152 3
RB7 54.2696 -27.4178 -9.63709 2
RB8 58.3848 -30.5042 -8.99539 3
RB9 62.491 -32.6994 -9.06419 2
RB10 66.2529 -35.6289 -8.43189 0
RB11 70.0147 -38.5585 -7.79959 0
RB12 74.1299 -41.6449 -7.15789 0
RC1 33.8916 -19.5922 -3.95972 2
RC2 37.519 -22.8357 -3.50895 3
RC3 41.1464 -26.0792 -3.05819 3
RC4 44.4294 -30.0571 -1.90633 2
RC5 48.0568 -33.3006 -1.45556 3
RC6 51.5498 -36.8579 -1.18633 3
RC7 54.8327 -40.8358 -0.0344696 3
RC8 58.4601 -44.0793 0.416295 2
RC9 61.8685 -46.8521 1.0392 0
RC10 65.3615 -50.4095 1.30843 0
RC11 68.7789 -54.0735 2.64183 0
RC12 71.8429 -57.5807 3.96583 0
RD1 35.723 -44.7785 0.337718 3
RD2 40.4756 -44.4124 2.776 2
RD3 45.0939 -44.3602 5.03274 3
RD4 49.3587 -44.1513 7.28008 2
RD5 53.6236 -43.9423 9.52743 2
RD6 58.0228 -43.4195 11.9563 1
RD7 62.2877 -43.2105 14.2037 0
RD8 66.9059 -43.1583 16.4604 0
RE1 10.254 -31.6618 31.117 2
RE2 15.2424 -31.867 31.0732 2
RE3 20.2308 -32.0722 31.0295 3
RE4 25.2192 -32.2774 30.9857 3
RE5 30.2076 -32.4826 30.942 3
RE6 35.5494 -32.8445 30.9076 3
RE7 40.7568 -33.5204 30.6918 2
RE8 44.5595 -34.4604 31.1488 2
RE9 49.9013 -34.8223 31.1144 3
RE10 55.2431 -35.1843 31.0801 3
RE11 60.0971 -35.7034 30.8548 1
RE12 64.9511 -36.2225 30.6295 0
RF1 29.3173 23.6647 14.4285 2
RF2 28.7114 24.4933 19.211 3
RF3 28.2399 25.6359 24.175 3
RF4 27.2806 26.6213 28.9481 3
RF5 26.3213 27.6067 33.7212 3
RF6 25.7154 28.4354 38.5038 3
RF7 24.7561 29.4208 43.2769 2
RF8 24.1501 30.2494 48.0594 3
RF9 23.8976 30.9213 52.8513 3
RF10 23.4261 32.0638 57.8153 2
RF11 22.8958 32.9991 61.5337 1
RF12 21.9365 33.9846 66.3068 0
RG1 17.814 43.8053 -12.7019 2
RG2 20.1607 44.5849 -8.37317 2
RG3 23.7277 44.2162 -5.43413 2
RG4 26.4278 44.8389 -1.09602 3
RG5 29.3469 44.991 3.06995 3
RG6 32.4759 45.5637 6.35328 3
RG7 35.5294 46.0297 10.7008 3
RG8 38.5829 46.4957 15.0483 3
RH1 8.64781 69.536 -2.6237 2
RH2 11.4324 69.3742 1.36073 3
RH3 13.8726 68.478 6.04626 3
RH4 16.5228 68.0023 9.84915 3
RH5 19.173 67.5267 13.652 2
RH6 21.7476 66.9443 18.5191 2
RH7 24.3978 66.4687 22.322 1
RH8 27.1825 66.3069 26.3064 1
RI1 7.52497 47.4809 5.86152 2
RI2 12.8668 47.1189 5.82717 3
RI3 17.3674 46.7566 5.59249 3
RI4 22.4812 47.7565 5.01979 3
RI5 27.3263 48.1286 4.08401 3
RI6 32.6681 47.7666 4.04966 3
RI7 37.3031 47.7182 3.99652 3
RI8 42.417 48.718 3.42382 3
RJ1 9.06487 48.8961 35.2265 2
RJ2 12.4717 49.2053 39.5834 3
RJ3 15.9542 49.6212 42.8761 3
RJ4 18.8732 49.7733 47.0421 2
RJ5 22.4901 50.503 50.5163 2
RJ6 25.9726 50.9189 53.8091 0
RJ7 29.8085 51.178 57.1112 0
RJ8 32.9375 51.7506 60.3945 0
