LA1 -15.1058 16.764 -25.9815 2
LA2 -19.877 15.3255 -26.511 2
LA3 -24.1402 13.8208 -26.4709 2
LA4 -29.3873 12.3725 -26.9757 3
LA5 -33.6376 9.92249 -27.0569 3
LA6 -37.9007 8.4178 -27.0168 2
LA7 -42.6332 6.43078 -27.0126 3
LA8 -47.3657 4.44376 -27.0085 2
LA9 -52.0659 2.3809 -26.41 2
LA10 -56.3226 0.403516 -26.4306 2
LA11 -61.5373 -1.12051 -26.3411 2
LA12 -65.7616 -3.17373 -25.7673 0
LB1 -16.725 7.36606 -24.0638 2
LB2 -19.9395 3.36572 -23.1877 2
LB3 -23.6687 -0.0957699 -22.8206 2
LB4 -26.414 -3.61381 -21.9085 3
LB5 -29.6286 -7.61414 -21.0324 3
LB6 -33.3318 -10.6788 -20.0103 3
LB7 -37.0286 -14.2161 -19.0489 3
LB8 -40.2561 -17.2712 -18.0515 3
LB9 -43.9593 -20.3359 -17.0294 3
LB10 -48.1384 -23.4102 -15.9827 2
LB11 -51.3594 -26.9379 -15.0459 2
LB12 -55.0627 -30.0027 -14.0238 2
LC1 -15.5801 -4.50655 -25.0354 2
LC2 -20.3127 -6.49357 -25.0312 2
LC3 -25.0387 -8.95323 -25.0878 2
LC4 -29.2953 -10.9306 -25.1083 2
LC5 -33.578 -13.3048 -25.7838 1
LC6 -37.8282 -15.7548 -25.865 3
LC7 -42.5867 -18.1387 -26.5158 3
LC8 -46.8434 -20.116 -26.5364 3
LC9 -51.0936 -22.566 -26.6176 2
LC10 -55.8521 -24.9498 -27.2684 2
LC11 -60.1088 -26.9272 -27.2889 2
LC12 -64.3654 -28.9046 -27.3095 0
LD1 -8.59644 -23.4288 -26.6187 2
LD2 -10.7944 -25.2742 -23.7058 2
LD3 -13.9053 -27.6873 -20.2098 2
LD4 -16.5533 -29.1455 -16.6171 2
LD5 -19.1752 -30.2069 -12.3695 1
LD6 -22.2731 -31.2779 -8.09724 1
LD7 -24.458 -31.7811 -4.40796 3
LD8 -27.5363 -31.9827 0.579959 3
LD9 -31.1487 -32.5149 4.34327 3
LD10 -33.8095 -33.0278 8.05723 3
LD11 -36.9461 -33.5503 11.7959 3
LD12 -40.0763 -34.5455 15.4738 3
LE1 -29.6231 -19.5237 -25.5812 1
LE2 -32.4265 -23.3626 -25.9184 3
LE3 -35.1911 -27.7502 -25.722 3
LE4 -37.5124 -32.0522 -26.1446 3
LE5 -39.8336 -36.3542 -26.5671 3
LE6 -42.5983 -40.7416 -26.3707 2
LE7 -45.3953 -45.0534 -26.7686 2
LE8 -48.1664 -48.9681 -26.5115 2
LE9 -50.4877 -53.2701 -26.934 1
LE10 -52.7765 -57.648 -26.7623 0
LE11 -56.0558 -61.4966 -27.0748 0
LE12 -57.8429 -65.468 -26.2728 0
LF1 -19.8884 -43.1392 -12.7694 3
LF2 -20.8016 -48.2817 -13.9816 3
LF3 -22.673 -52.9708 -15.0839 3
LF4 -23.5603 -57.7166 -15.6411 3
LF5 -25.8815 -62.0186 -16.0637 2
LF6 -27.277 -66.6981 -17.1906 2
LF7 -29.5982 -71.0001 -17.6131 2
LF8 -31.9518 -75.2262 -18.63 1
LF9 -33.3149 -79.9817 -19.1626 0
LF10 -35.1927 -84.1981 -20.2041 0
LF11 -36.601 -87.9323 -21.2097 0
LF12 -37.0254 -91.7232 -21.6703 0
LG1 -25.6463 -36.9845 -20.151 3
LG2 -29.8642 -39.5103 -19.6379 3
LG3 -34.0821 -42.0362 -19.1248 3
LG4 -38.2936 -45.0347 -18.6724 3
LG5 -42.0292 -48.0236 -18.2446 3
LG6 -46.2471 -50.5494 -17.7315 2
LG7 -50.4586 -53.548 -17.279 2
LG8 -54.2007 -56.0642 -16.7906 0
LG9 -58.4185 -58.59 -16.2775 0
LG10 -62.1478 -62.0515 -15.9103 0
LG11 -66.3332 -64.6532 -14.8029 0
LG12 -67.6962 -67.1212 -14.4379 0
LH1 -1.13219 -23.3062 6.91263 2
LH2 -4.93898 -25.6707 6.21244 3
LH3 -9.70386 -27.582 5.62227 3
LH4 -14.4687 -29.4931 5.0321 3
LH5 -18.7706 -30.4494 4.53858 3
LH6 -23.542 -31.8879 4.00907 3
LH7 -29.7472 -32.8828 3.61426 3
LH8 -33.5992 -34.2262 2.44108 3
LH9 -38.3769 -35.1921 1.97224 3
LH10 -43.1547 -36.158 1.50339 3
LH11 -47.926 -37.5965 0.973883 2
LH12 -52.7297 -38.9592 -0.149939 2
LI1 -27.87 41.6461 -41.4955 2
LI2 -30.1588 37.2683 -41.3237 2
LI3 -32.4153 32.8147 -40.5577 3
LI4 -34.2284 28.4464 -40.4106 3
LI5 -36.4849 23.9927 -39.6445 3
LI6 -38.7349 19.0664 -38.9391 3
LI7 -41.0302 15.1612 -38.7067 3
LI8 -42.8109 10.7172 -37.9653 3
LI9 -45.0609 5.79086 -37.2599 2
LI10 -47.3174 1.33718 -36.4938 2
LI11 -49.6127 -2.56802 -36.2614 2
LI12 -51.8628 -7.49435 -35.556 2
LJ1 -30.2885 -3.74122 -13.839 2
LJ2 -35.0727 -4.23447 -14.2472 2
LJ3 -40.3327 -4.73738 -14.6307 2
LJ4 -45.5992 -4.76764 -14.9535 2
LJ5 -50.3833 -5.2609 -15.3617 3
LJ6 -55.1675 -5.75416 -15.7699 3
LJ7 -60.4276 -6.25706 -16.1534 2
LJ8 -65.2117 -6.75032 -16.5616 1
LJ9 -70.4781 -6.78059 -16.8844 0
LJ10 -75.7317 -7.75613 -17.3286 0
LJ11 -80.0206 -7.37031 -17.0458 0
LJ12 -84.7983 -8.3362 -17.5147 0
RB1 16.8514 7.16381 -30.1582 2
RB2 21.6549 6.23914 -29.932 2
RB3 26.9342 5.32412 -29.7305 2
RB4 31.7377 4.39946 -29.5043 2
RB5 36.5088 3.55062 -29.8724 3
RB6 41.3187 2.15332 -29.7069 3
RB7 46.0962 0.831842 -30.1356 3
RB8 50.8998 -0.0928263 -29.9094 3
RB9 55.7032 -1.01749 -29.6832 2
RB10 60.9501 -1.85668 -30.076 1
RB11 65.7472 -2.30871 -29.7892 0
RB12 72.0105 -3.28027 -29.0427 0
RC1 22.1654 -3.6511 -23.9528 2
RC2 26.9494 -5.44522 -24.4422 2
RC3 31.7334 -7.23933 -24.9317 2
RC4 36.511 -8.5608 -25.3605 3
RC5 41.295 -10.3549 -25.8499 3
RC6 45.5708 -12.0829 -26.909 3
RC7 50.3484 -13.4043 -27.3377 3
RC8 55.0935 -14.6499 -28.3608 2
RC9 59.8711 -15.9715 -28.7896 2
RC10 65.118 -16.8106 -29.1824 0
RC11 69.902 -18.6047 -29.6718 0
RC12 74.6473 -19.8503 -30.6949 0
RD1 32.2023 -13.6192 -27.5886 3
RD2 36.5493 -15.9714 -27.5197 3
RD3 40.8574 -17.7752 -27.9844 3
RD4 45.6802 -20.1178 -27.9402 3
RD5 49.9948 -22.3941 -28.4656 3
RD6 54.3029 -24.1979 -28.9304 2
RD7 59.1257 -26.5405 -28.8862 2
RD8 63.4339 -28.3443 -29.3509 0
RD9 68.2567 -30.6868 -29.3067 0
RD10 72.5648 -32.4906 -29.7715 0
RD11 76.9118 -34.8428 -29.7026 0
RD12 81.2201 -34.3592 -29.2697 0
RE1 27.4913 -29.1355 -23.2545 3
RE2 32.3336 -30.6087 -22.4946 3
RE3 37.6517 -32.0722 -21.7595 3
RE4 42.5004 -34.018 -21.0603 3
RE5 46.8345 -35.4249 -20.87 3
RE6 51.6444 -36.8223 -20.7045 3
RE7 56.4931 -38.768 -20.0053 2
RE8 61.7724 -39.6831 -19.8038 0
RE9 66.1453 -41.6385 -19.0799 0
RE10 71.4634 -43.1019 -18.3448 0
RE11 76.7363 -43.5443 -18.0826 0
RE12 80.1123 -44.498 -17.7823 0
RF1 23.4475 -39.848 -22.584 3
RF2 28.2446 -40.3 -22.2971 3
RF3 33.0222 -41.6215 -22.7259 3
RF4 37.8256 -42.5462 -22.4997 3
RF5 42.6226 -42.9982 -22.2128 2
RF6 47.4326 -44.3955 -22.0473 2
RF7 52.6795 -45.2346 -22.4401 2
RF8 57.4895 -46.632 -22.2746 0
RF9 62.7687 -47.547 -22.073 0
RF10 67.064 -48.4055 -22.4165 0
RF11 72.4145 -49.9448 -21.087 0
RF12 77.1856 -50.7936 -21.4551 0
RG1 18.0426 -31.5656 -31.5306 2
RG2 20.6806 -32.124 -26.8995 3
RG3 22.3411 -33.0986 -22.874 2
RG4 25.4937 -34.1959 -17.7339 2
RG5 27.1218 -35.0947 -14.3027 3
RG6 29.7662 -36.1258 -9.73227 3
RG7 31.9089 -37.5633 -5.79211 3
RG8 34.5534 -38.5944 -1.22166 3
RG9 36.6896 -39.5594 2.77916 3
RG10 39.3405 -41.0631 7.28894 3
RG11 41.4768 -42.028 11.2898 3
RG12 43.1372 -43.0026 15.3153 3
RH1 6.51925 -30.5625 4.35855 3
RH2 11.3227 -31.4871 4.58475 3
RH3 16.5632 -31.8537 4.25261 3
RH4 21.3667 -32.7783 4.47881 3
RH5 26.1637 -33.2304 4.76567 3
RH6 31.4108 -34.0696 4.37288 3
RH7 36.1754 -34.4458 4.06543 3
RH8 40.9466 -35.2946 3.69731 3
RH9 45.75 -36.2193 3.92351 3
RH10 50.9905 -36.5858 3.59138 3
RH11 55.7616 -37.4347 3.22326 2
RH12 60.5587 -37.8866 3.51013 1
RI1 30.3432 12.5677 -7.18469 3
RI2 35.205 11.9641 -5.7092 2
RI3 39.5974 10.878 -4.26969 2
RI4 43.9897 9.79204 -2.83019 3
RI5 49.3661 8.64949 -0.845729 3
RI6 53.7521 8.03616 0.654437 2
RI7 58.6138 7.43245 2.12992 1
RI8 63.0258 7.21591 4.28507 0
RI9 67.8939 6.13958 5.69989 0
RI10 72.7622 5.06323 7.11472 0
RI11 77.1935 5.71614 9.9855 0
RI12 81.5989 5.97224 12.2013 0
