AST1 -17.8581 18.6333 -6.4965 1
AST2 -25.7968 19.1652 -12.3857 1
AST3 -35.1586 20.8152 -15.3044 2
AST4 -43.972 23.6667 -14.2927 2
LA1 -15.9756 4.57813 4.25668 2
LA2 -20.3652 5.54377 5.28833 2
LA3 -24.7548 6.5094 6.31997 2
LA4 -30.1095 8.0031 8.34254 2
LG1 -23.5515 63.7608 60.249 2
LG2 -27.2552 57.1529 65.6904 1
LG3 -29.4751 48.0742 70.2377 1
LG4 -30.7452 39.4424 73.7409 2
LG5 -32.961 28.8463 77.3697 1
LG6 -34.2689 20.1049 78.8762 2
LG7 -36.5342 11.4039 81.4003 1
LG8 -35.8967 0.631371 80.9782 1
LG9 -31.4713 64.3475 55.3581 2
LG10 -33.2107 55.7634 59.8692 1
LG11 -35.9341 47.6525 64.3729 1
LG12 -38.1805 39.0064 67.8953 1
LG13 -41.3955 29.8586 71.4635 2
LG14 -42.2153 21.1243 72.9604 1
LG15 -43.489 11.4626 75.5184 2
LG16 -44.3047 1.21099 76.0969 1
LG17 -37.127 55.164 58.9745 1
LG18 -40.3609 45.9614 61.5444 1
LG19 -42.6186 36.773 64.0951 1
LG20 -45.3832 27.5226 65.6571 1
LG21 -47.1752 17.2567 66.2548 2
LG22 -48.4754 8.02774 67.7879 2
LG23 -51.2324 -1.71011 69.3765 2
LG24 -52.5327 -10.9391 70.9096 1
LG25 -41.6748 53.6314 50.1295 1
LG26 -45.8891 45.9318 53.6371 1
LG27 -48.6348 36.7363 56.1974 1
LG28 -51.3995 27.4859 57.7593 2
LG29 -52.2075 16.7468 58.3644 2
LG30 -53.0385 7.47011 58.8896 2
LG31 -56.7529 -2.22718 61.4958 2
LG32 -58.0532 -11.4561 63.0289 1
LG33 -48.0726 49.3098 44.4776 1
LG34 -50.8449 40.5469 46.013 2
LG35 -53.6019 30.8091 47.6016 2
LG36 -56.8246 22.1487 51.1432 1
LG37 -55.699 11.3833 50.7115 2
LG38 -58.9441 1.63829 52.3097 2
LG39 -61.2018 -7.5501 54.8604 2
LG40 -59.5921 -16.7911 55.3375 2
LG41 -49.2111 48.3146 35.5387 2
LG42 -52.9597 39.5374 37.0933 2
LG43 -55.2439 30.7817 38.619 2
LG44 -58.5002 20.4944 39.2455 1
LG45 -60.2886 11.2583 40.7883 3
LG46 -58.6447 1.09715 42.3169 2
LG47 -58.4653 -9.08541 43.8745 2
LG48 -57.8053 -18.7733 45.3957 2
LG49 -52.5843 36.6685 29.2302 2
LG50 -55.8147 28.4956 32.7452 2
LG51 -59.5255 19.8282 36.2965 2
LG52 -61.2761 10.7017 39.8358 2
LG53 -60.0903 1.13058 43.3441 2
LG54 -61.8521 -8.53818 45.9118 1
LG55 -59.2208 -18.1428 48.3929 2
LG56 -59.507 -27.2478 51.9034 1
LG57 -50.7747 33.2238 19.3683 2
LG58 -56.9149 25.063 23.9394 1
LG59 -59.1726 15.8746 26.4901 1
LG60 -59.9469 6.76238 30.0102 2
LG61 -61.7164 -2.41889 32.5513 2
LG62 -61.0187 -11.9972 36.0692 1
LG63 -58.8984 -20.1464 38.48 2
LG64 -57.7203 -29.23 41.9617 2
LH1 -17.0907 -5.13237 14.8279 2
LH2 -20.5724 -2.31215 13.7372 2
LH3 -24.0617 0.995568 12.6198 2
LH4 -27.5434 3.81579 11.5291 2
LOF1 14.7716 37.7515 2.85517 1
LOF2 10.8813 39.2666 4.84888 2
LOF3 6.99103 40.7817 6.84259 2
LOF4 2.61263 42.2896 8.84592 2
MST1 -45.4363 -26.0327 -1.51866 2
MST2 -50.4594 -15.8118 -0.983343 2
MST3 -54.9714 -7.04621 -0.377761 1
MST4 -58.9952 1.72647 0.218202 2
PST1 -28.6986 -33.5353 -0.421374 2
PST2 -38.0414 -31.8305 -2.34174 2
PST3 -46.8737 -29.0339 -2.32834 2
PST4 -55.1195 -27.4733 1.74859 2
