ASpD1 -30.3459 26.1524 87.2572 3
ASpD2 -31.9759 26.3769 89.4336 3
ASpD3 -33.5241 25.9065 91.3636 3
ASpD4 -36.6206 24.9656 95.2235 3
CAN1 -52.2489 19.6125 118.538 0
CAN2 -33.3974 16.3804 128.328 0
CAN3 -53.6135 -24.29 92.2407 1
CAN4 -32.5734 -32.1579 104.664 1
NC11 -24.0376 16.9338 84.0782 3
NC12 -26.3555 15.7185 87.8536 3
NC13 -28.6004 14.8274 89.6217 3
NC14 -30.9184 13.6121 93.3971 3
NC21 -55.7235 26.5531 93.339 2
NC22 -55.0503 25.2827 97.1459 2
NC23 -54.3449 24.6841 99.0687 2
NC24 -52.8933 23.1393 102.791 2
PIfD1 -27.3485 12.4214 84.5369 3
PIfD2 -30.7319 10.7489 88.1311 3
PIfD3 -33.7553 10.1322 89.9838 3
PIfD4 -36.7377 9.168 91.7132 3
