LA1 -19.3231 22.4869 -21.6255 2
LA2 -24.6806 22.4876 -22.2443 2
LA3 -29.6309 21.7345 -22.1531 2
LA4 -34.0114 22.0099 -22.3694 3
LA5 -39.369 22.0106 -22.9882 3
LA6 -44.24 21.9807 -23.583 3
LA7 -49.1866 21.5634 -23.1373 2
LA8 -53.5708 21.5029 -23.708 3
LA9 -58.9247 21.8395 -23.9724 2
LA10 -63.7957 21.8096 -24.5672 1
LB1 -25.6796 9.44333 -18.6192 2
LB2 -29.7537 6.22663 -19.566 2
LB3 -33.8279 3.01003 -20.5127 3
LB4 -37.3323 0.821768 -21.7671 2
LB5 -41.4065 -2.39483 -22.7138 3
LB6 -45.4807 -5.61153 -23.6606 3
LB7 -48.9851 -7.79969 -24.9149 2
LB8 -53.0593 -11.0164 -25.8617 2
LB9 -57.1335 -14.2331 -26.8084 1
LB10 -61.6907 -17.0833 -27.4248 1
LC1 -20.2681 -9.60478 -23.4968 2
LC2 -24.3351 -12.1498 -23.7347 2
LC3 -28.4777 -15.0822 -22.9321 2
LC4 -32.0579 -17.6578 -23.146 2
LC5 -36.2042 -20.9259 -22.6978 3
LC6 -40.2711 -23.4709 -22.9357 3
LC7 -43.9342 -27.1055 -22.8179 2
LC8 -48.0048 -29.9863 -23.4102 3
LC9 -52.0717 -32.5313 -23.6481 3
LC10 -55.7349 -36.166 -23.5303 2
LD1 -29.8912 -34.7094 -29.2095 2
LD2 -33.5544 -38.3441 -29.0918 2
LD3 -37.6214 -40.889 -29.3296 2
LD4 -41.2845 -44.5237 -29.2119 2
LD5 -44.8647 -47.0992 -29.4257 2
LD6 -48.5242 -50.398 -28.9535 1
LD7 -52.1874 -54.0326 -28.8357 0
LD8 -56.824 -57.6061 -28.766 0
LE1 -40.8113 31.7344 -1.24388 2
LE2 -41.6009 30.2155 2.89406 2
LE3 -42.9494 28.6757 8.4029 3
LE4 -43.7355 27.4926 12.8953 3
LE5 -45.0082 26.3401 17.3636 2
LE6 -45.7907 25.4929 22.2104 3
LE7 -47.0634 24.3404 26.6787 2
LE8 -48.3362 23.188 31.1471 2
LE9 -49.6053 22.3713 35.9699 2
LE10 -50.8745 21.5547 40.7926 3
LE11 -52.1437 20.738 45.6154 1
LE12 -53.42 19.2497 49.7293 0
LF1 -15.0215 45.5732 -9.91023 3
LF2 -16.6944 45.8462 -5.44312 3
LF3 -18.4503 45.0602 -0.644371 3
LF4 -20.2063 44.2742 4.15436 3
LF5 -22.3695 44.2419 8.243 3
LF6 -24.1255 43.4558 13.0417 3
LF7 -26.2887 43.4237 17.1304 3
LF8 -28.0445 42.6376 21.9291 3
LG1 -10.3953 84.2665 5.17616 2
LG2 -11.7546 81.7191 9.62169 2
LG3 -12.548 79.8645 13.4052 2
LG4 -13.4204 77.2865 17.8748 3
LG5 -14.293 74.7086 22.3443 3
LG6 -15.0864 72.8538 26.1278 3
LG7 -15.959 70.2759 30.5974 2
LG8 -16.2618 68.7264 34.7594 2
LH1 -14.9675 51.8985 6.96694 3
LH2 -19.8312 52.5403 7.08103 3
LH3 -24.7778 52.1231 7.52674 3
LH4 -29.6451 52.4289 7.28638 3
LH5 -34.5917 52.0117 7.7321 2
LH6 -39.5383 51.5945 8.17782 2
LH7 -44.402 52.2362 8.2919 2
LH8 -49.3523 51.4831 8.38318 3
LJ1 -7.37593 -39.2068 5.09319 2
LJ2 -12.3297 -40.2957 4.83004 2
LJ3 -17.2006 -40.3256 4.23527 3
LJ4 -22.6376 -41.0481 4.30251 3
LJ5 -27.0254 -41.4445 3.37732 3
LJ6 -31.8963 -41.4743 2.78255 3
LJ7 -36.8501 -42.5633 2.5194 3
LJ8 -41.7246 -42.929 1.57019 3
RA1 19.9721 15.8717 -12.394 2
RA2 24.8394 15.5658 -12.1537 2
RA3 29.7067 15.2598 -11.9133 2
RA4 34.6497 15.3412 -12.7135 2
RA5 39.5207 15.3711 -12.1187 3
RA6 44.3842 14.7294 -12.2328 3
RA7 49.3345 15.4825 -12.3241 3
RA8 54.2018 15.1765 -12.0837 2
RA9 59.4765 14.1168 -11.1333 2
RA10 64.3474 14.1467 -10.5385 3
RB1 27.72 6.31068 -12.8311 2
RB2 32.6594 6.0563 -13.9857 2
RB3 37.5159 4.74283 -14.8086 3
RB4 42.3002 3.37788 -14.2367 2
RB5 47.1603 2.40025 -14.7052 3
RB6 52.0204 1.42272 -15.1737 2
RB7 56.8805 0.445084 -15.6422 2
RB8 61.7405 -0.532549 -16.1107 2
RB9 66.5213 -2.23333 -15.8932 2
RB10 71.385 -2.87513 -16.0073 1
RB11 76.1657 -4.57591 -15.7897 0
RB12 81.0258 -5.55354 -16.2582 0
RC1 26.9589 -9.94125 -8.18706 2
RC2 31.7433 -11.3063 -7.61509 2
RC3 36.0337 -13.3124 -7.77601 3
RC4 40.8145 -15.0131 -7.55846 3
RC5 45.0291 -17.4065 -6.67889 3
RC6 49.8099 -19.1074 -6.46135 3
RC7 54.1038 -20.7776 -6.26784 2
RC8 58.8053 -23.2016 -5.36422 3
RC9 63.0992 -24.8718 -5.17071 3
RC10 67.8837 -26.2368 -4.59874 1
RC11 72.5851 -28.6609 -3.69514 0
RC12 77.3694 -30.0258 -3.12316 0
RD1 28.3612 -32.8261 -16.1152 2
RD2 31.5303 -35.2099 -13.8888 2
RD3 35.1067 -38.3476 -10.9523 3
RD4 38.7626 -40.7619 -8.70181 3
RD5 41.9317 -43.1457 -6.47539 3
RD6 45.5875 -45.5601 -4.22493 2
RD7 49.2434 -47.9744 -1.97446 2
RD8 52.333 -51.0814 0.938024 2
RE1 33.0201 26.3094 4.4904 3
RE2 31.257 24.8516 8.58027 3
RE3 29.4939 23.3939 12.6701 3
RE4 28.2247 22.5773 17.4929 3
RE5 26.4616 21.1196 21.5828 3
RE6 24.7058 20.3335 26.3815 3
RE7 22.9426 18.8758 30.4714 3
RE8 21.1831 17.754 34.9157 3
RF1 11.4312 40.9977 -5.84407 2
RF2 12.1883 40.7819 -1.61121 3
RF3 12.8661 39.8429 3.3077 2
RF4 13.5474 39.2398 8.58104 2
RF5 14.3046 39.0239 12.8139 2
RF6 14.9823 38.0849 17.7328 2
RF7 15.6601 37.1459 22.6517 3
RF8 16.4171 36.9301 26.8845 3
RG1 10.6854 78.3483 7.20578 3
RG2 10.779 75.0376 11.0146 3
RG3 11.4423 72.7553 14.5157 3
RG4 12.0227 69.4139 18.3485 3
RG5 12.1164 66.103 22.1573 3
RG6 12.6968 62.7617 25.9901 3
RG7 12.7904 59.4509 29.7989 3
RG8 12.8841 56.1401 33.6077 3
RH1 2.64479 47.1505 11.2865 3
RH2 8.00964 47.8214 12.6142 3
RH3 12.8805 47.8514 13.209 3
RH4 17.2683 48.2477 14.1342 3
RH5 22.2258 49.6725 14.7518 3
RH6 27.021 49.3149 16.387 2
RH7 31.8954 49.6807 17.3362 3
RH8 36.7664 49.7106 17.931 3
RI1 3.59945 7.76887 31.1022 3
RI2 8.07017 9.22422 31.6957 3
RI3 12.9483 9.92578 32.9994 3
RI4 17.9021 11.0147 33.2625 3
RI5 22.8632 12.7753 34.2346 3
RI6 27.2509 13.1716 35.1597 3
RI7 32.212 14.9322 36.1317 3
RI8 36.6034 15.6644 37.4114 3
RJ1 6.67065 -38.5219 19.1002 2
RJ2 11.1378 -37.4024 19.3394 2
RJ3 16.0123 -37.0367 20.2886 3
RJ4 20.9698 -35.6119 20.9062 3
RJ5 25.4369 -34.4924 21.1453 3
RJ6 30.3113 -34.1267 22.0945 2
RJ7 35.2652 -33.0378 22.3576 3
RJ8 40.219 -31.9489 22.6208 3
