AF1 14.087 81.1522 24.4706 1
AF2 19.8797 76.0002 30.2471 1
AF3 26.1181 69.5076 35.1931 1
AF4 30.3355 61.8293 39.2577 1
AF5 33.9725 52.7899 42.4817 1
AF6 35.9965 43.2596 43.7317 2
AST1 21.4235 19.8523 -33.1 1
AST2 30.7208 17.7448 -34.7287 1
AST3 40.1971 15.4131 -33.3014 2
AST4 47.3611 13.2667 -26.8855 2
DA1 16.1972 3.44123 -11.8995 2
DA2 21.1173 3.25915 -10.8058 2
DA3 26.0375 3.07698 -9.71211 2
DA4 30.5434 3.09024 -8.64873 2
DEC1 18.4943 9.13979 -6.55298 2
DEC2 23.2229 9.30938 -7.52348 2
DEC3 27.9516 9.47897 -8.49399 2
DEC4 32.6802 9.64855 -9.46449 3
DH1 30.346 1.02596 -5.36109 2
DH2 35.674 1.53874 -5.35984 3
DH3 40.3965 0.945407 -4.21579 3
DH4 45.1126 1.24246 -4.19453 2
DHAA1 25.5767 -29.129 -2.55485 3
DHAA2 30.497 -29.3111 -1.46116 3
DHAA3 35.4171 -29.4933 -0.367449 3
DHAA4 40.1396 -30.0865 0.776582 3
DHI1 28.9434 -0.834506 -5.13971 2
DHI2 33.4807 -1.96638 -4.9371 2
DHI3 38.2157 -2.68708 -4.78483 3
DHI4 43.1358 -2.86916 -3.69113 3
DHT1 23.9866 -27.4247 9.30572 1
DHT2 29.1357 -28.3409 9.48833 1
DHT3 33.6919 -30.4905 9.82195 3
DHT4 38.4269 -31.2112 9.97422 3
G1 41.8227 14.1234 -29.082 2
G2 47.468 6.39731 -23.9849 2
G3 52.7052 -0.370481 -21.0327 2
G4 56.9102 -7.92147 -15.9763 2
G5 59.6624 -15.1699 -9.96874 2
G6 62.8413 -22.7412 -4.92264 2
G7 60.4507 -29.9638 2.02507 2
G8 57.4607 -37.5296 8.00103 2
G9 44.9169 20.5763 -22.814 2
G10 50.3456 13.4568 -17.7976 3
G11 55.1625 6.12155 -12.7612 3
G12 58.7557 -1.64516 -7.68478 2
G13 62.1197 -8.67791 -1.69723 2
G14 63.2653 -17.3076 3.45924 2
G15 63.3535 -24.8125 9.46616 2
G16 59.7392 -32.4665 16.4539 1
G17 41.2173 31.906 -24.3164 2
G18 46.6147 25.9317 -18.4392 3
G19 51.1712 20.4756 -11.631 2
G20 55.3449 14.0698 -5.71378 2
G21 58.4863 6.88085 2.30762 3
G22 60.6203 0.306956 7.2124 2
G23 61.1102 -7.26587 14.2414 2
G24 61.1859 -14.6433 21.2401 2
G25 39.7805 38.6005 -17.1283 2
G26 44.9678 32.3423 -10.209 2
G27 49.9509 26.5635 -4.36217 2
G28 54.52 20.98 1.45433 2
G29 57.8715 14.0748 8.43363 2
G30 59.9994 6.73804 15.4529 2
G31 59.89 -1.17798 21.5102 2
G32 57.9136 -8.59603 28.4882 2
G33 48.4106 48.2999 3.9168 2
G34 52.443 40.0829 7.04001 2
G35 55.0414 31.1507 11.2454 2
G36 57.2256 22.4139 15.4204 2
G37 59.8364 13.3542 18.634 1
G38 61.2111 3.99052 22.8793 2
G39 60.1194 -5.21838 27.0737 1
G40 58.8425 -14.9659 30.3267 2
G41 48.0439 52.0889 12.5 2
G42 52.6757 44.2151 16.595 2
G43 55.4717 35.694 20.75 2
G44 56.6423 26.8095 23.923 1
G45 59.0431 17.4661 28.1786 1
G46 58.7922 7.73891 31.4419 2
G47 57.7006 -1.47009 35.6363 2
G48 54.7669 -10.4359 38.768 2
G49 42.5036 52.0893 32.5962 2
G50 46.3508 43.3338 34.778 2
G51 50.0128 34.0395 36.0183 2
G52 53.6747 24.7453 37.2587 1
G53 56.1129 15.0196 38.5391 1
G54 57.5375 5.14617 38.8174 1
G55 57.7509 -5.2862 38.1439 2
G56 56.9194 -14.7211 37.3291 2
G57 37.7064 51.794 40.6401 1
G58 40.3548 42.352 40.8783 2
G59 43.8066 32.7741 43.1608 2
G60 48.8774 24.45 45.3026 1
G61 51.3156 14.7243 46.583 2
G62 53.3522 5.06663 46.8412 1
G63 53.1388 -5.04293 47.1292 1
G64 52.5363 -15.2119 45.4034 2
MST1 21.2258 19.4411 -33.0497 1
MST2 29.1707 13.3103 -35.1867 1
MST3 38.054 9.74506 -33.6084 1
MST4 46.4667 7.77529 -29.2161 1
O1 6.18334 -47.0666 21.6882 2
O2 8.85671 -56.7634 19.9429 2
O3 12.5373 -65.4222 18.077 2
O4 20.2657 -70.9464 15.8593 2
O5 29.1236 -70.9504 12.9465 2
O6 37.7084 -67.2945 9.56004 1
OF1 13.7148 57.1765 -13.7938 2
OF2 22.2562 58.7986 -8.85307 2
OF3 31.6196 60.9201 -4.97447 2
OF4 40.1735 62.4147 -1.02551 2
OF5 45.025 62.1069 7.14158 2
OF6 46.014 59.2031 16.6018 2
P1 5.60593 -38.6017 21.6015 2
P2 6.33737 -47.036 26.7277 1
P3 8.89192 -54.6956 32.7856 2
P4 14.1041 -61.2086 37.7213 2
P5 22.3004 -62.5717 42.0329 2
P6 30.8227 -58.2787 43.6053 1
P7 37.8608 -50.8848 43.7523 1
P8 43.2546 -42.8366 42.7861 1
PST1 15.0143 -9.74181 -11.2288 1
PST2 24.1326 -11.625 -15.9135 2
PST3 33.6525 -13.5762 -19.576 2
PST4 43.5303 -14.3228 -20.3639 1
