LA1 -25.4821 -10.7463 24.1283 2
LA2 -30.4775 -10.9077 23.8585 2
LA3 -35.4621 -11.7022 22.6375 3
LA4 -40.4575 -11.8636 22.3677 3
LA5 -45.4986 -12.5741 22.1416 3
LA6 -50.4481 -12.1864 21.828 2
LA7 -55.4435 -12.3478 21.5581 2
LA8 -59.8888 -12.5523 21.3231 1
LB1 -24.3975 -36.2591 19.3088 3
LB2 -29.0825 -38.5759 20.2438 1
LB3 -33.161 -41.0198 20.2188 1
LB4 -37.8002 -42.7875 21.11 0
LB5 -42.4852 -45.1043 22.045 0
LB6 -47.068 -46.9561 21.9413 0
LB7 -51.203 -49.316 22.9112 0
LB8 -55.338 -51.6758 23.881 0
LB9 -60.023 -53.9926 24.816 0
LB10 -64.708 -56.3094 25.751 0
LB11 -69.2907 -58.1612 25.6473 0
LB12 -73.8384 -58.8307 26.451 0
LC1 -29.6579 -50.5074 58.4101 1
LC2 -34.3322 -53.4573 58.394 1
LC3 -38.4673 -55.8172 59.3639 1
LC4 -42.5458 -58.2611 59.3388 0
LC5 -47.1744 -60.662 59.279 0
LC6 -51.3094 -63.0219 60.2488 0
LC7 -56.5336 -65.9287 60.1979 0
LC8 -59.4665 -67.9097 60.1988 0
LD1 -36.3067 -46.989 53.7149 1
LD2 -41.4959 -48.7136 54.5713 2
LD3 -46.0435 -49.3832 55.3749 1
LD4 -50.5804 -50.6858 55.2275 0
LD5 -55.7238 -51.8613 56.04 0
LD6 -60.7649 -52.5718 55.814 0
LD7 -66.9517 -53.7453 55.562 0
LD8 -71.5451 -54.9639 56.4094 0
LE1 -33.4243 -28.7422 48.3165 3
LE2 -38.007 -30.5939 48.2129 3
LE3 -42.5898 -32.4457 48.1092 3
LE4 -47.1725 -34.2974 48.0055 2
LE5 -51.2618 -36.1082 48.9316 2
LE6 -56.3944 -37.9169 48.7931 0
LE7 -60.4272 -39.8117 48.7243 0
LE8 -65.01 -41.6634 48.6206 0
LF1 -3.14369 -23.4377 76.7263 2
LF2 -6.37264 -27.4469 78.8921 1
LF3 -9.51002 -30.358 80.9703 2
LF4 -12.6474 -33.2691 83.0485 1
LF5 -15.7848 -36.1802 85.1266 1
LF6 -18.9786 -39.0073 88.1997 1
LF7 -22.0702 -41.3693 90.2341 1
LF8 -25.2183 -43.6472 93.2633 0
LG1 -7.28852 -28.4102 65.8543 1
LG2 -11.8926 -28.9957 67.6528 1
LG3 -16.9444 -29.073 68.3778 3
LG4 -21.9962 -29.1504 69.1028 2
LG5 -27.048 -29.2278 69.8278 2
LG6 -31.4934 -29.4322 69.5928 3
LG7 -36.5452 -29.5096 70.3178 2
LG8 -41.5512 -29.0378 70.9991 2
LG9 -46.603 -29.1152 71.7241 1
LG10 -51.0484 -29.3197 71.4891 1
LG11 -56.6501 -29.354 72.1792 0
LG12 -62.2518 -29.3882 72.8694 0
LH1 -2.87411 59.5837 43.5945 3
LH2 -7.91523 58.8732 43.3684 3
LH3 -12.4064 58.1197 43.1772 3
LH4 -17.4475 57.4092 42.9511 3
LH5 -22.0409 56.1906 43.7985 3
LH6 -27.5862 56.0722 43.4938 3
LH7 -32.6273 55.3618 43.2677 2
LH8 -37.1643 54.0591 43.1203 2
LH9 -42.2054 53.3486 42.8942 2
LH10 -47.303 52.7222 43.663 1
LH11 -51.8399 51.4195 43.5156 0
LH12 -56.8811 50.709 43.2895 0
LI1 -1.36796 61.6626 22.3959 2
LI2 -4.42445 60.4828 25.3376 3
LI3 -8.08734 59.4301 29.2393 3
LI4 -11.2003 58.3344 33.1758 3
LI5 -14.211 57.7037 36.0737 3
LI6 -17.8739 56.6511 39.9754 3
LI8 -22.0409 56.1906 43.7985 3
LI9 -24.5475 54.9677 46.775 3
LI10 -28.1081 54.3801 49.6381 3
LI11 -31.6794 54.4256 53.4522 3
LI12 -35.2401 53.838 56.3153 2
RI1 22.0804 45.4516 18.0598 2
RI2 24.0086 45.0663 22.2224 3
RI3 26.4867 44.638 26.4199 3
RI4 28.9084 44.2937 31.6122 3
RI5 30.8366 43.9085 35.7749 3
RI6 33.3605 44.0292 39.9286 3
RI7 35.8386 43.6009 44.126 3
RI8 38.3167 43.1726 48.3235 3
RI9 40.7949 42.7442 52.521 3
RI10 43.273 42.3159 56.7185 3
RI11 45.6947 41.9716 61.9108 3
RI12 48.1728 41.5433 66.1083 3
