LA1 -11.2689 0.908186 -17.9708 2
LA2 -15.6459 0.621562 -18.238 2
LA3 -20.0713 0.0664532 -17.4264 2
LA4 -24.4918 0.152987 -17.3817 2
LA5 -28.9171 -0.402122 -16.57 2
LA6 -33.3376 -0.315588 -16.5253 3
LA7 -37.7194 -1.24385 -16.0256 3
LA8 -42.1399 -1.15732 -15.9809 3
LA9 -46.5604 -1.07079 -15.9362 2
LA10 -50.9422 -1.99905 -15.4364 3
LA11 -55.3628 -1.91252 -15.3917 2
LB1 -16.9793 -1.23509 -18.4958 2
LB2 -20.7927 -3.51947 -17.8232 2
LB3 -24.606 -5.80384 -17.1505 2
LB4 -28.9009 -7.47842 -17.2746 1
LB5 -32.7143 -9.7628 -16.6019 1
LB6 -36.5228 -11.4055 -16.6962 3
LB7 -40.2927 -14.0631 -16.3355 3
LB8 -44.106 -16.3474 -15.6629 3
LB9 -48.3574 -18.3952 -16.0988 3
LB10 -51.6844 -20.6477 -15.3964 3
LB11 -55.9358 -22.6954 -15.8324 2
LC1 -16.5039 -21.1306 -12.9723 1
LC2 -20.2255 -23.5197 -13.6905 3
LC3 -24.4335 -25.9406 -14.4383 3
LC4 -28.155 -28.3296 -15.1564 2
LC5 -31.9201 -30.3455 -15.5627 3
LC6 -35.6417 -32.7346 -16.2808 3
LC7 -39.3633 -35.1236 -16.999 3
LC8 -43.1283 -37.1395 -17.4052 2
LC9 -46.8934 -39.1554 -17.8114 3
LC10 -50.615 -41.5444 -18.5296 2
LC11 -54.3801 -43.5603 -18.9358 2
LD1 -28.6793 25.0907 -31.7483 1
LD2 -29.9402 20.5628 -30.3289 2
LD3 -31.1527 16.3034 -29.9884 2
LD4 -32.4088 12.4171 -29.3361 3
LD5 -33.6696 7.88923 -27.9167 3
LD6 -34.9257 4.00298 -27.2643 3
LD7 -35.7002 -0.493072 -25.8152 3
LD8 -36.9128 -4.75248 -25.4747 2
LD9 -38.1688 -8.63874 -24.8223 2
LD10 -38.8951 -12.8663 -24.4521 2
LD11 -39.6261 -17.7355 -23.315 2
LE1 -2.43454 -46.437 24.6162 2
LE2 -5.57322 -48.2572 21.77 2
LE3 -9.85849 -48.6485 20.112 2
LE4 -13.6139 -49.3811 18.1718 3
LE5 -17.9475 -50.0409 17.5926 3
LE6 -22.3197 -49.6859 16.5584 3
LE7 -27.1831 -50.0044 16.2615 3
LE8 -31.5166 -50.6641 15.6824 3
LE9 -35.8984 -51.5924 16.1822 2
LE10 -40.232 -52.2522 15.6031 2
LE11 -44.5704 -53.5536 15.7909 2
LF1 -21.5251 -42.3822 -20.3519 3
LF2 -26.3884 -42.7007 -20.6488 3
LF3 -30.9055 -43.1511 -18.4463 3
LF4 -35.4178 -42.9599 -17.0109 2
LF5 -39.5355 -42.6322 -14.1549 2
LF6 -43.6145 -43.3193 -10.8439 3
LF7 -47.2458 -42.9597 -7.95824 3
LF8 -51.8547 -43.3055 -4.36499 3
LF9 -55.9289 -43.3509 -1.82094 2
LF10 -60.0466 -43.0232 1.03502 2
LG1 -37.2473 -9.28486 -7.10391 2
LG2 -37.5709 -9.23932 -1.85265 2
LG3 -37.851 -9.56695 3.08671 2
LG4 -37.5964 -9.59424 6.97687 2
LG5 -37.8717 -9.28021 11.1492 2
LG6 -37.6655 -9.57599 16.1183 2
LG7 -37.8973 -9.63512 19.9788 3
LG8 -38.1774 -9.96275 24.9181 3
LG9 -37.9663 -9.61688 29.1202 2
LG10 -37.7601 -9.91265 34.0892 2
LG11 -38.0354 -9.59863 38.2616 3
LH1 -39.5874 11.9486 -7.60842 1
LH2 -37.9173 12.39 -3.31729 2
LH3 -36.6901 12.4264 0.632254 2
LH4 -35.5064 12.836 4.8937 2
LH5 -34.3275 12.6039 9.92213 2
LH6 -33.1438 13.0135 14.1836 2
LH7 -31.4303 13.0817 18.1628 3
LH8 -30.2465 13.4913 22.4242 3
LH9 -29.0193 13.5277 26.3738 3
LH10 -27.8356 13.9373 30.6352 3
LH11 -26.6084 13.9737 34.5848 3
LI1 -12.7056 28.3715 -15.8655 2
LI2 -13.9101 28.2487 -12.0644 2
LI3 -15.6492 27.8255 -7.21416 3
LI4 -16.8537 27.7027 -3.41307 3
LI5 -18.588 27.9212 0.670221 3
LI6 -19.8407 27.5299 5.5502 3
LI7 -21.0452 27.4071 9.35128 3
LI8 -22.7843 26.9839 14.2016 3
LI9 -24.0323 27.2342 18.3146 3
LI10 -25.2803 27.4845 22.4275 3
LI11 -27.0194 27.0614 27.2778 3
LJ1 -1.70779 31.7253 9.17366 2
LJ2 -6.08482 31.4387 8.90644 2
LJ3 -10.5053 31.5252 8.95112 3
LJ4 -14.8823 31.2386 8.6839 3
LJ5 -19.2594 30.952 8.41668 3
LJ6 -24.1614 31.6483 7.66469 3
LJ7 -28.5384 31.3617 7.39747 3
LJ8 -32.9155 31.0751 7.13025 3
LJ9 -37.2877 31.4301 6.09604 3
LJ10 -41.6647 31.1435 5.82882 3
LJ11 -46.5715 31.1982 5.84381 2
RA1 11.1607 -2.22301 -12.6269 2
RA2 15.5425 -1.29474 -13.1267 2
RA3 19.963 -1.38128 -13.1714 2
RA4 24.3448 -0.453011 -13.6711 2
RA5 28.7701 0.102098 -14.4828 2
RA6 33.152 1.03036 -14.9826 3
RA7 37.0861 0.911983 -15.0569 3
RA8 41.5115 1.46709 -15.8686 3
RA9 45.8933 2.39536 -16.3684 3
RA10 50.8049 2.98231 -17.1504 3
RA11 54.7004 3.87873 -17.6798 2
RB1 13.2412 -2.57345 -14.2108 2
RB2 15.8324 -5.83177 -13.009 2
RB3 18.9582 -8.78976 -12.8564 2
RB4 22.0357 -12.0162 -11.6249 2
RB5 25.2002 -15.989 -11.0172 2
RB6 27.7961 -18.6057 -10.5823 2
RB7 30.4743 -22.6103 -10.0043 2
RB8 33.6 -25.5683 -9.8517 3
RB9 36.283 -28.9313 -10.0407 3
RB10 38.9176 -32.5628 -9.15075 3
RB11 42.0869 -35.8939 -9.31003 3
RC1 14.9165 -29.1357 -5.13042 3
RC2 17.6429 -32.8719 -5.6313 3
RC3 19.8395 -36.2667 -5.84996 3
RC4 22.0313 -40.3032 -5.30163 2
RC5 24.2714 -44.0712 -5.83219 3
RC6 26.4632 -48.1077 -5.28386 3
RC7 28.7032 -51.8757 -5.81442 3
RC8 30.895 -55.9122 -5.2661 3
RC9 32.6487 -59.712 -5.82635 3
RC10 34.8405 -63.7485 -5.27802 3
RC11 37.0806 -67.5165 -5.80858 2
RD1 -5.30355 21.4272 14.8778 3
RD2 -0.93133 21.0722 15.912 3
RD3 2.95455 20.6854 16.9165 3
RD4 7.28329 20.7035 18.2626 3
RD5 11.6555 20.3485 19.2968 3
RD6 16.0277 19.9935 20.331 3
RD7 19.9088 18.965 22.1026 3
RD8 24.281 18.6099 23.1368 3
RD9 28.6967 17.8818 23.8591 3
RD10 32.5778 16.8533 25.6306 3
RD11 36.9452 15.8566 27.4318 3
RE1 30.0926 -2.61916 -1.10547 2
RE2 29.7352 -0.917186 2.92371 2
RE3 29.3777 0.784791 6.9529 3
RE4 28.5291 1.81328 11.7194 3
RE5 28.2152 3.1421 15.4367 2
RE6 27.8529 4.20244 20.2328 3
RE7 27.0092 5.87257 24.2323 3
RE8 26.6904 6.55974 28.7166 3
RE9 26.333 8.26172 32.7458 3
RE10 26.0142 8.9489 37.23 3
RE11 25.652 10.0092 42.0262 3
RF1 14.0914 24.2437 -8.72042 3
RF2 14.2589 24.9627 -4.20646 3
RF3 13.9402 25.6499 0.277808 3
RF4 14.1077 26.3689 4.79177 3
RF5 14.2753 27.0879 9.30573 3
RF6 13.9566 27.7751 13.79 3
RF7 14.6105 28.526 18.3337 3
RF8 14.3352 28.84 22.506 3
RF9 14.4593 29.9322 27.3319 3
RF10 14.6316 31.2929 31.0789 3
RF11 14.8427 31.6387 35.2809 2
