LA1 -31.5867 12.1084 -11.7913 2
LA2 -31.3432 12.7204 -7.15164 2
LA3 -30.5449 12.4969 -1.82567 2
LA4 -29.8142 13.1245 2.78639 3
LA5 -29.0835 13.752 7.39846 3
LA6 -28.2853 13.5286 12.7244 3
LA7 -28.0388 13.6943 17.1659 3
LA8 -27.2435 13.9171 22.6901 3
LB1 -17.9717 -20.1966 -31.4769 2
LB2 -21.3585 -23.8752 -32.8694 2
LB3 -24.6837 -27.5122 -33.1516 2
LB4 -27.5833 -31.1752 -34.5718 2
LB5 -30.4183 -35.243 -35.0798 3
LB6 -33.8081 -38.4753 -36.2741 2
LB7 -37.1303 -42.5586 -36.7545 2
LB8 -40.0299 -46.2216 -38.1747 3
RA1 16.2354 9.91658 -32.5959 2
RA2 20.4855 11.7584 -34.2722 2
RA3 24.7385 13.154 -36.1468 2
RA4 29.5435 14.1603 -37.1369 3
RA5 33.7936 16.0021 -38.8132 3
RA6 38.5369 16.967 -40.9136 3
RA7 42.8516 18.404 -41.6778 3
RA8 47.5889 20.2614 -43.3818 2
RB1 26.9472 2.1849 -37.882 2
RB2 31.7581 2.29879 -39.2685 2
RB3 36.5014 3.26369 -41.3689 3
RB4 40.8221 3.80828 -42.5296 2
RB5 45.5684 4.32695 -44.8282 2
RB6 49.8245 5.27631 -46.901 2
RB7 54.6294 6.28265 -47.8911 1
RB8 58.8855 7.23202 -49.9639 0
RC1 28.725 -16.0695 -34.0489 2
RC2 33.1809 -17.2269 -33.7818 2
RC3 38.0594 -17.964 -34.4544 3
RC4 43.0025 -19.1058 -34.2149 3
RC5 47.3937 -19.8585 -34.8599 3
RC6 52.2722 -20.5956 -35.5325 2
RC7 57.2153 -21.7375 -35.293 2
RC8 62.0968 -22.9208 -36.1638 1
RD1 39.86 -36.1627 -4.28625 3
RD2 45.2228 -36.438 -4.78825 3
RD3 50.1659 -37.5799 -4.54873 3
RD4 55.0444 -38.317 -5.22135 3
RD5 59.5003 -39.4744 -4.95421 3
RD6 64.866 -40.196 -5.65444 2
RD7 69.8062 -40.8916 -5.21669 1
RD8 74.1944 -41.198 -5.66346 0
RE1 38.0596 1.6225 -14.7992 2
RE2 39.3481 0.968359 -9.69909 2
RE3 40.1494 0.298678 -4.57135 2
RE4 40.8861 0.0337741 -0.355746 2
RE5 41.6873 -0.635906 4.77199 3
RE6 42.424 -0.90081 8.9876 3
RE7 42.7351 -1.1398 14.3412 3
RE8 43.0461 -1.3788 19.6948 3
RF1 38.4036 21.8482 -14.6187 2
RF2 38.7146 21.6092 -9.26512 2
RF3 38.9611 21.775 -4.82367 2
RF4 39.2751 21.0898 0.331679 3
RF5 39.5861 20.8508 5.68526 3
RF6 39.8326 21.0166 10.1267 3
RF7 40.6309 20.7931 15.4527 2
RF8 40.8773 20.9589 19.8941 3
RFL1 39.1529 63.5496 -3.84036 2
RFL2 41.649 54.7028 -7.94306 2
RFL3 44.0805 46.2608 -12.9579 2
RFL4 46.9992 37.8344 -18.0003 1
RFL5 50.3376 30.2744 -23.7843 2
RFL6 53.2534 22.2942 -28.6285 2
RG1 6.62846 22.4659 20.7959 2
RG2 10.3793 26.0771 19.9401 2
RG3 14.1948 29.2835 19.9964 3
RG4 17.52 32.9206 20.2786 3
RG5 21.3355 36.1269 20.3349 2
RG6 25.151 39.3333 20.3912 2
RG7 28.9664 42.5397 20.4476 2
RG8 32.2947 45.7306 20.5315 2
RH1 10.2537 29.8102 -23.3441 2
RH2 11.8854 32.2122 -19.1047 3
RH3 13.5816 34.2095 -13.9532 3
RH4 15.1516 36.5701 -10.8242 3
RH5 16.7832 38.9721 -6.58475 3
RH6 18.4149 41.3742 -2.34536 3
RH7 20.0495 43.33 1.69581 3
RH8 22.1713 45.3014 5.70936 3
RP1 60.7426 -49.3963 11.3851 1
RP2 65.0158 -42.9206 4.08918 1
RP3 67.3986 -36.0194 -1.78771 2
RP4 68.1934 -28.8015 -9.60426 1
RP5 67.5881 -21.5887 -16.2276 1
RP6 66.0112 -14.8533 -22.9939 2
RST1 19.1237 12.9475 -48.9968 1
RST2 27.4459 7.4107 -52.0432 1
RST3 36.3636 4.20343 -51.9054 1
RST4 45.8242 1.94559 -50.2884 1
RX1 15.7896 -51.6706 2.59625 3
RX2 21.1524 -51.9459 2.09426 3
RX3 25.9633 -51.832 0.707741 3
RX4 30.8418 -52.5691 0.0351272 3
RX5 35.6527 -52.4552 -1.35139 3
RX6 40.5282 -52.7461 -1.82577 3
RX7 45.3391 -52.6322 -3.21229 3
RX8 50.2146 -52.9231 -3.68667 3
RY1 22.1894 -34.7039 4.19061 3
RY2 27.0619 -34.5485 3.91446 3
RY3 31.999 -34.798 4.55044 3
RY4 37.4234 -35.0319 5.1588 3
RY5 41.8087 -34.8921 4.91027 3
RY6 46.7488 -35.5877 5.34802 3
RY7 51.6213 -35.4324 5.07187 3
RY8 57.0487 -36.1125 5.482 2
RZ1 10.9829 66.4314 -7.14439 2
RZ2 11.7782 66.6542 -1.62019 3
RZ3 12.0247 66.82 2.82126 3
RZ4 12.82 67.0428 8.34546 3
RZ5 13.0664 67.2085 12.7869 3
RZ6 13.8647 66.9851 18.1129 2
RZ7 14.1787 66.2999 23.2682 2
RZ8 14.4281 66.0194 27.5114 1
