LA1 -19.7789 24.2184 -8.15733 2
LA2 -24.4903 23.2567 -8.49096 2
LA3 -29.6713 22.2589 -8.78513 2
LA4 -34.4946 22.064 -9.75082 3
LA5 -39.206 21.1023 -10.0844 3
LA6 -43.9175 20.1405 -10.4181 3
LA7 -48.629 19.1787 -10.7517 3
LA8 -53.81 18.1811 -11.0459 3
LA9 -58.5214 17.2193 -11.3795 3
LA10 -63.695 16.5229 -11.3095 2
LA11 -68.2947 14.7944 -11.0111 0
LA12 -73.0061 13.8326 -11.3447 0
LB1 -19.5341 18.303 -10.6308 2
LB2 -24.0296 15.5063 -10.0645 2
LB3 -28.1748 13.2112 -10.5338 2
LB4 -32.6778 10.1133 -10.3316 2
LB5 -36.8154 8.11943 -10.4367 3
LB6 -41.4301 5.78836 -10.8666 3
LB7 -45.4636 2.72641 -10.7039 3
LB8 -50.0708 0.696587 -10.7696 3
LB9 -54.6781 -1.33323 -10.8353 2
LB10 -58.8231 -3.62837 -11.3046 2
LB11 -63.438 -5.95943 -11.7344 2
LB12 -68.0452 -7.98925 -11.8001 0
LC1 -22.6826 5.71915 -14.2659 2
LC2 -27.4091 4.15491 -15.3278 2
LC3 -32.0164 2.12509 -15.3935 2
LC4 -36.7354 0.862087 -16.0913 2
LC5 -40.8805 -1.43305 -16.5606 2
LC6 -45.5995 -2.69605 -17.2583 2
LC7 -50.3261 -4.2603 -18.3203 3
LC8 -54.9333 -6.29012 -18.386 2
LC9 -59.1902 -7.81843 -19.4873 1
LC10 -63.8051 -10.1495 -19.9172 0
LC11 -68.5241 -11.4125 -20.615 0
LC12 -73.1313 -13.4423 -20.6807 0
LD1 -34.2067 21.4683 -29.51 2
LD2 -39.2457 20.9089 -27.7155 2
LD3 -43.4422 21.7905 -25.9038 3
LD4 -48.1083 22.6362 -24.0526 2
LD5 -52.6627 22.7151 -21.5693 2
LD6 -56.8516 23.898 -19.3934 2
LD7 -61.0405 25.0809 -17.2176 0
LD8 -65.5873 25.4611 -14.3702 0
LE1 -42.9442 -11.7336 6.11454 3
LE2 -47.7749 -12.2297 4.78472 2
LE3 -52.5981 -12.4247 3.81903 2
LE4 -57.4214 -12.6196 2.85334 2
LE5 -62.2521 -13.1158 1.52351 2
LE6 -67.0829 -13.612 0.193683 2
LE7 -71.9137 -14.1082 -1.13615 0
LE8 -76.2673 -14.2672 -2.1413 0
LE9 -80.1664 -14.9928 -3.9142 0
LE10 -86.2791 -15.7611 -3.76529 0
LE11 -91.5871 -16.5944 -5.41979 0
LE12 -91.7064 -16.1288 -6.41599 0
LF1 -45.73 26.2203 -26.4534 2
LF2 -50.0307 28.17 -24.9096 2
LF3 -54.2273 29.0517 -23.0979 2
LF4 -58.4087 30.5358 -20.5579 0
LF5 -62.59 32.02 -18.0179 0
LF6 -66.19 32.7732 -14.8853 0
LF7 -70.2596 33.4906 -11.7132 0
LF8 -73.9713 35.0107 -9.21265 0
LG1 -30.1885 -5.55166 5.03027 3
LG2 -34.3625 -1.56681 4.2743 3
LG3 -37.955 1.68715 4.11094 3
LG4 -41.5401 5.24236 4.3117 3
LG5 -45.0208 7.7295 4.78039 3
LG6 -48.6134 10.9835 4.61702 3
LG7 -52.6755 14.2015 4.49312 3
LG8 -56.7301 17.7208 4.73335 2
LG9 -60.7923 20.9388 4.60945 1
LG10 -64.3848 24.1928 4.44608 0
LG11 -68.447 27.4108 4.32217 0
LG12 -72.5016 30.9301 4.56241 0
LH1 -32.8438 29.6123 5.44333 3
LH2 -36.8243 28.6591 8.15505 2
LH3 -40.693 26.9391 11.4988 2
LH4 -44.6659 26.287 14.5747 3
LH5 -48.1768 25.3698 17.2469 3
LH6 -52.0455 23.6497 20.5907 2
LH7 -56.4881 22.9618 23.706 1
LH8 -60.0065 21.7433 26.0141 0
LI1 -31.5131 7.33871 6.66397 3
LI2 -30.4544 4.74555 11.2414 3
LI3 -29.4998 3.22044 15.5508 3
LI4 -27.9639 0.964449 20.4529 3
LI5 -27.017 -0.861901 24.3982 3
LI6 -26.0625 -2.387 28.7077 3
LI7 -24.5265 -4.643 33.6097 3
LI8 -23.5796 -6.46935 37.555 3
LI9 -22.6327 -8.2957 41.5004 3
LI10 -21.6781 -9.82081 45.8098 3
LI11 -20.1347 -11.7755 51.076 2
LI12 -19.1802 -13.3007 55.3855 2
LJ1 2.54843 42.9069 31.1349 2
LJ2 -2.60999 42.8129 31.9332 3
LJ3 -7.19456 41.6869 32.9599 3
LJ4 -12.353 41.5929 33.7581 3
LJ5 -16.9299 40.7681 35.149 3
LJ6 -21.6188 40.71 35.9077 3
LJ7 -26.6654 39.8493 37.3381 3
LJ8 -31.3542 39.7913 38.0968 3
LJ9 -36.4008 38.9306 39.5271 3
LJ10 -41.0897 38.8726 40.2859 2
LJ11 -45.6667 38.0478 41.6768 1
LJ12 -50.8251 37.9538 42.475 1
RB1 12.28 15.926 -19.1406 2
RB2 16.6925 13.2094 -20.0524 2
RB3 21.105 10.4929 -20.9641 3
RB4 25.0554 8.04166 -21.4723 2
RB5 29.4679 5.32512 -22.3841 2
RB6 33.2914 3.03823 -24.2525 2
RB7 37.2342 0.285762 -25.1248 2
RB8 41.6467 -2.43078 -26.0366 2
RB9 45.582 -5.48449 -27.273 2
RB10 49.8902 -7.13296 -28.4527 2
RB11 54.2952 -10.1508 -29.7286 1
RB12 58.2456 -12.6019 -30.2367 0
RD1 20.3663 12.3826 -28.0337 2
RD2 24.7864 9.96726 -28.5814 2
RD3 29.2139 7.85322 -28.7648 2
RD4 34.1187 6.07634 -28.6236 2
RD5 38.569 4.86604 -27.7147 2
RD6 43.4965 3.99292 -26.4811 2
RD7 47.4846 3.04793 -25.1686 3
RD8 52.4121 2.17481 -23.935 2
RD9 57.3395 1.30168 -22.7013 2
RD10 62.267 0.428553 -21.4677 0
RD11 67.2019 -0.14333 -19.87 0
RD12 72.1294 -1.01645 -18.6364 0
