LA1 -18.0904 14.4104 -2.61286 1
LA2 -22.0167 11.2838 -2.09727 2
LA3 -26.3854 8.50791 -2.54062 3
LA4 -29.5888 4.64368 -2.37979 3
LA5 -33.3603 1.55193 -2.96569 3
LA6 -37.0354 -2.41777 -2.87448 3
LA7 -40.9324 -5.08806 -3.2482 2
LA8 -44.8586 -8.21481 -2.73263 2
LA9 -48.7557 -10.8851 -3.10635 3
LA10 -52.5564 -14.4333 -2.80296 3
LB1 -25.033 3.41541 -3.98523 1
LB2 -28.1108 -0.870179 -4.03656 1
LB3 -31.7567 -4.38341 -4.83464 3
LB4 -34.9601 -8.24754 -4.6738 3
LB5 -37.5662 -12.4277 -4.65553 3
LB6 -40.7405 -15.8353 -5.38398 3
LB7 -44.4155 -19.805 -5.29276 3
LB8 -47.6189 -23.6691 -5.13192 3
LB9 -51.294 -27.6388 -5.0407 3
LB10 -54.623 -31.0815 -4.66769 2
LC1 -20.6821 -9.99915 -2.85559 2
LC2 -23.1627 -14.6007 -3.04948 2
LC3 -25.2973 -18.6752 -2.96158 1
LC4 -27.461 -23.2062 -1.9844 3
LC5 -29.9124 -27.3514 -3.0676 3
LC6 -32.5185 -31.5315 -3.04931 3
LC7 -35.5964 -35.8171 -3.10066 3
LC8 -38.6742 -40.1027 -3.15199 3
LC9 -41.2803 -44.2828 -3.13371 2
LC10 -43.8865 -48.4629 -3.11544 2
LD1 -26.5693 8.01657 -0.549843 2
LD2 -25.9193 5.91136 8.51139 2
LD3 -24.9231 4.33319 17.8544 2
LD4 -24.4279 2.19318 28.0172 3
LD5 -22.9602 0.720467 37.4298 3
LD6 -21.9641 -0.85772 46.7728 2
LD7 -20.5255 -2.78679 57.0748 3
LD8 -20.1267 -4.04897 66.5604 3
LE1 -10.1709 50.3464 22.836 2
LE2 -14.8872 49.2913 22.1399 2
LE3 -19.6036 48.2363 21.4438 3
LE4 -24.1943 46.7597 20.5355 3
LE5 -28.9107 45.7046 19.8394 3
LE6 -34.0987 44.544 19.0736 3
LE7 -38.815 43.4889 18.3775 3
LE8 -43.5314 42.4338 17.6813 2
LE9 -48.7194 41.2732 16.9156 2
LE10 -53.4358 40.2181 16.2195 1
RA1 15.1467 9.25753 -0.794037 2
RA2 20.1435 9.92605 -1.41156 1
RA3 25.0146 11.0161 -1.8169 1
RA4 29.4141 12.0007 -2.29185 2
RA5 34.2852 13.0907 -2.69721 2
RA6 39.1563 14.1806 -3.10256 3
RA7 44.1822 15.3056 -4.60938 3
RA8 49.0533 16.3957 -5.01472 2
RA9 53.9244 17.4857 -5.42008 2
RA10 58.7955 18.5758 -5.82542 1
RB1 18.2544 2.76015 -5.15106 2
RB2 22.9432 1.11111 -3.59463 2
RB3 27.1604 -0.643367 -2.1078 3
RB4 31.8492 -2.2924 -0.551376 3
RB5 36.4123 -3.51997 1.21722 3
RB6 40.6296 -5.27455 2.70403 3
RB7 45.3184 -6.92352 4.26047 3
RB8 49.5355 -8.67805 5.74728 2
RB9 54.2243 -10.3271 7.30371 2
RB10 59.3848 -11.8706 8.92975 2
RC1 19.239 -3.31492 -2.6141 3
RC2 27.3872 -8.68587 -1.72986 2
RC3 35.0346 -14.6188 -0.025931 2
RC4 43.1537 -20.4461 1.74761 3
RC5 51.3019 -25.817 2.63186 3
RC6 59.9218 -31.0826 3.5857 0
RC7 64.6414 -34.5229 4.22382 0
RC8 68.0408 -36.9099 5.35924 0
RD1 28.3836 30.6514 7.2459 2
RD2 28.2483 23.8747 15.0085 3
RD3 28.3336 18.0464 23.265 2
RD4 28.5735 12.2531 30.42 3
RD5 28.9099 5.58194 38.2521 3
RD6 29.1206 -0.667754 46.2965 3
RD7 29.8031 -6.81197 54.4104 2
RD8 29.8883 -12.6402 62.6669 3
RE1 -4.64098 47.5378 20.4515 2
RE2 4.6677 47.8218 22.027 3
RE3 14.3225 48.6326 23.8842 3
RE4 24.3233 49.9705 26.0232 3
RE5 33.8524 51.2029 28.0925 3
RE6 43.5363 52.4701 29.0605 1
RE7 53.1619 52.8247 31.807 0
RE8 61.653 52.4761 33.031 0
RF1 6.84078 -22.7335 28.6194 3
RF2 16.6811 -23.6791 28.4568 3
RF3 26.5214 -24.6246 28.2942 3
RF4 36.0447 -25.6407 26.9606 3
RF5 46.0106 -27.0076 26.5859 2
RF6 56.2261 -26.9698 25.8158 2
RF7 65.4983 -27.1429 24.9065 0
RF8 72.0064 -27.0357 25.1749 0
RG1 29.1264 -8.29804 3.02411 2
RG2 38.371 -11.1753 2.9751 3
RG3 48.2129 -14.3686 2.78353 2
RG4 57.4284 -17.7023 3.62383 2
RG5 63.6868 -18.9998 4.28762 1
RG6 67.1155 -20.9304 4.53373 0
RG7 74.0004 -22.0875 4.16567 0
RG8 77.1795 -25.423 4.80713 0
RH1 27.9389 -27.8964 -0.325833 3
RH2 30.7761 -27.2626 3.46589 3
RH3 33.7389 -27.0503 7.04542 3
RH4 36.5761 -26.4166 10.8371 3
RH5 40.0105 -26.0987 14.4863 3
RH6 42.9441 -26.3428 18.9551 3
RH7 46.3785 -26.025 22.6043 3
RH8 49.8129 -25.7072 26.2535 2
RH9 52.9013 -25.9163 29.6208 3
RH10 56.3357 -25.5985 33.27 1
RI1 11.7661 36.8266 0.874297 3
RI2 14.0806 36.4428 9.74904 3
RI3 15.7689 35.9186 19.6557 3
RI4 17.9286 35.4998 29.6319 2
RI5 19.646 35.4319 38.6492 3
RI6 21.9313 34.5918 48.4132 3
RI7 24.2167 33.7516 58.1773 1
RI8 25.7136 32.7353 66.7006 0
