LF1 -17.7203 72.9262 9.53543 3
LF2 -22.6473 72.5971 9.69025 3
LF3 -27.5744 72.268 9.84507 3
LF4 -32.5015 71.9389 9.99988 3
LF5 -37.9322 71.1508 10.2841 3
LF6 -42.3678 70.8072 10.4361 2
LF7 -47.3071 70.0046 10.7174 2
LF8 -52.7379 69.2165 11.0016 2
LF9 -57.6649 68.8875 11.1565 2
LF10 -62.6042 68.0849 11.4378 2
LF11 -67.5435 67.2823 11.7192 1
LF12 -72.4827 66.4797 12.0006 0
LG1 -18.8294 45.7216 28.1643 2
LG2 -23.7199 46.813 27.9394 3
LG3 -28.1188 47.8899 27.7117 3
LG4 -33.0093 48.9813 27.4869 3
LG5 -37.9024 50.2658 26.1785 3
LG6 -42.7929 51.3571 25.9537 3
LG7 -47.6833 52.4485 25.7288 3
LG8 -52.0579 54.4724 25.248 3
LG9 -56.9632 55.2834 24.0662 2
LG10 -61.8414 56.8483 23.7148 3
LG11 -66.7197 58.4132 23.3634 2
LG12 -71.5979 59.978 23.012 0
LD1 -33.2112 15.3953 -6.88837 2
LD2 -37.2042 13.1434 -6.23297 2
LD3 -41.6885 10.906 -5.57475 2
LD4 -45.6962 8.37362 -5.87628 3
LD5 -49.7013 5.64819 -5.09433 3
LD6 -54.2128 2.65682 -5.26648 3
LD7 -58.2057 0.404887 -4.61108 3
LD8 -62.7172 -2.58649 -4.78324 3
LD9 -66.71 -4.83842 -4.12784 3
LD10 -71.2215 -7.8298 -4.29999 3
LD11 -75.2143 -10.0817 -3.64459 2
LD12 -79.7258 -13.0731 -3.81675 0
LE1 -44.2223 44.4132 -8.29276 2
LE2 -44.1602 45.3417 -3.38153 3
LE3 -44.5775 46.7581 1.40597 3
LE4 -44.5277 47.2131 6.44376 3
LE5 -44.4656 48.1416 11.355 3
LE6 -44.4184 48.7897 15.3093 2
LE7 -44.8478 49.7326 20.2234 3
LE8 -45.2774 50.6754 25.1374 3
LE9 -45.7068 51.6183 30.0515 1
LE10 -46.1362 52.5613 34.9655 3
LE11 -46.5657 53.5042 39.8796 3
LE12 -46.9952 54.4471 44.7936 2
LB1 -26.0924 43.8102 -15.6021 1
LB2 -30.5917 41.2923 -15.9008 2
LB3 -35.0761 39.0548 -15.2426 2
LB4 -39.563 37.0103 -15.6678 2
LB5 -44.0623 34.4925 -15.9666 2
LB6 -48.5466 32.255 -15.3083 3
LB7 -53.0337 30.2106 -15.7336 3
LB8 -57.5329 27.6927 -16.0323 3
LB9 -62.0051 25.9287 -15.5007 3
LB10 -66.0129 23.3963 -15.8022 3
LB11 -70.485 21.6324 -15.2705 3
LB12 -74.9965 18.641 -15.4427 2
LC1 -33.3509 32.019 -21.6438 2
LC2 -37.3534 29.1005 -19.7783 2
LC3 -41.3584 26.375 -18.9964 2
LC4 -45.3513 24.1231 -18.341 2
LC5 -49.3538 21.2046 -16.4755 3
LC6 -53.3589 18.4791 -15.6936 2
LC7 -57.364 15.7537 -14.9116 3
LC8 -61.3664 12.8352 -13.0462 3
LC9 -65.3716 10.1098 -12.2642 3
LC10 -69.3767 7.38436 -11.4823 2
LC11 -73.8733 4.67338 -10.6975 2
LC12 -78.3699 1.96239 -9.91269 1
LA1 -42.6844 67.9901 -21.8311 1
LA2 -44.2834 63.4915 -21.6405 2
LA3 -46.3862 58.534 -21.3206 3
LA4 -47.9705 54.316 -20.1731 3
LA5 -49.5818 49.344 -19.856 3
LA6 -51.181 44.8454 -19.6654 3
LA7 -52.7774 40.1538 -18.3913 3
LA8 -54.3766 35.6554 -18.2008 3
LA9 -55.9608 31.4373 -17.0533 3
LA10 -57.5574 26.7457 -15.7792 3
LA11 -59.1687 21.7738 -15.4621 3
LA12 -60.78 16.8018 -15.145 3
LN1 -38.189 26.5635 9.80578 3
LN2 -38.6306 27.033 14.8464 3
LN3 -39.0724 27.5024 19.887 3
LN4 -39.0225 27.9574 24.9248 3
LN5 -39.4519 28.9003 29.8389 3
LN6 -39.9084 29.0894 33.9225 3
LN7 -39.8464 30.0178 38.8338 3
LN8 -40.2759 30.9608 43.7478 3
LN9 -40.7053 31.9037 48.6619 3
LN10 -40.6311 33.3056 53.4466 3
LN11 -40.5691 34.2341 58.3578 3
LN12 -40.507 35.1626 63.269 2
LO1 -42.5518 33.1848 -6.35016 2
LO2 -41.4946 34.5579 -1.57114 2
LO3 -39.9581 35.443 3.33162 2
LO4 -38.9009 36.8161 8.11064 2
LO5 -37.8437 38.1892 12.8897 2
LO6 -37.278 39.5767 17.6715 3
LO7 -35.7293 40.9354 22.4477 3
LO8 -35.1635 42.3229 27.2296 3
LO9 -34.1185 43.2225 32.1351 3
LO10 -33.0762 44.3152 35.9572 3
LO11 -32.019 45.6883 40.7363 3
LL1 -20.188 62.8382 46.3173 3
LL2 -25.0977 62.5965 48.5125 3
LL3 -29.555 61.1129 50.0011 3
LL4 -34.4767 60.3976 52.323 3
LM1 -49.3935 -14.6668 -20.3154 2
LM2 -54.7851 -14.2275 -19.3274 2
LM3 -59.1788 -13.5368 -17.3881 1
LM4 -63.0688 -12.387 -15.5781 2
LM5 -67.4598 -11.8893 -12.5553 3
LM6 -71.362 -11.213 -10.6189 2
LM7 -75.726 -9.96149 -6.76569 1
LM8 -79.6133 -9.0048 -3.87228 0
LM9 -83.024 -8.34293 -1.93863 0
LM10 -86.4199 -7.40067 0.951958 0
LM11 -90.7839 -6.14915 4.80513 0
LM12 -95.1357 -4.42413 8.53174 0
LJ1 -20.9412 71.0368 -19.844 2
LJ2 -21.8743 71.5207 -14.8005 1
LJ3 -22.8074 72.0045 -9.7571 3
LJ4 -23.7406 72.4885 -4.71365 3
LJ5 -24.6737 72.9723 0.329788 3
LJ6 -25.1154 73.4417 5.37041 3
LJ7 -26.0511 74.1187 9.33035 3
LJ8 -26.9843 74.6025 14.3738 3
LJ9 -27.9052 75.5598 19.2907 3
LJ10 -28.8261 76.5173 24.2076 3
LJ11 -29.762 77.1942 28.1675 3
LJ12 -30.6951 77.678 33.211 2
LK1 -13.363 88.1369 9.54382 2
LK2 -17.7811 87.8807 11.7362 3
LK3 -21.7076 87.6101 13.9258 3
LK4 -26.1109 87.6342 17.0752 3
LK5 -30.529 87.3779 19.2676 3
LK6 -34.947 87.1217 21.46 3
LK7 -38.8588 87.1314 24.6065 1
LK8 -43.2769 86.8752 26.799 2
LK9 -47.6949 86.6189 28.9914 2
LK10 -52.1253 85.8893 31.3104 2
LK11 -56.0519 85.6186 33.5 0
LK12 -60.9466 85.6571 36.6521 0
LH1 -20.2718 -3.14843 16.4615 3
LH2 -25.1718 -2.72364 17.4467 3
LH3 -29.5924 -2.78678 18.5556 3
LH4 -34.4776 -2.08161 20.4978 3
LH5 -39.3899 -2.1303 21.6095 3
LH6 -43.7984 -1.71996 22.5919 3
LH7 -48.6958 -1.48827 24.6606 3
LH8 -53.5958 -1.06347 25.6458 3
LH9 -58.508 -1.11218 26.7575 2
LH10 -63.4054 -0.880483 28.8262 1
LH11 -67.8261 -0.943626 29.9351 1
LH12 -73.2176 -0.504395 30.9231 1
RE1 17.3705 47.5178 -5.83071 3
RE2 16.9167 47.5136 -0.663536 3
RE3 16.9421 47.0217 4.62737 3
RE4 16.4882 47.0176 9.79455 3
RE5 16.0318 47.2067 13.8782 2
RE6 15.5779 47.2026 19.0454 3
RE7 15.124 47.1985 24.2126 3
RE8 14.6675 47.3876 28.2963 3
RE9 14.7052 47.369 33.4606 3
RE10 14.2634 47.8385 38.5012 3
RE11 14.3011 47.82 43.6656 3
RF1 -8.91016 71.2459 9.86424 3
RF2 -3.98045 71.3819 10.7929 3
RF3 0.94926 71.5179 11.7216 3
RF4 5.86677 71.1803 12.7768 3
RF5 10.7694 70.5624 12.8751 3
RF6 16.1784 70.2105 13.9275 3
RF7 20.6044 69.8874 14.9856 3
RF8 26.0108 69.7286 14.9545 3
RF9 30.4369 69.4056 16.0126 3
RF10 35.8458 69.0536 17.065 3
RF11 40.257 68.4502 17.1661 2
RF12 45.1745 68.1127 18.2214 1
RG1 -9.30577 35.0346 25.7277 3
RG2 -4.4031 34.4166 25.826 3
RG3 0.499554 33.7987 25.9243 3
RG4 5.39001 32.7074 26.1491 3
RG5 10.2927 32.0895 26.2474 3
RG6 15.1953 31.4717 26.3457 3
RG7 20.5773 30.3658 26.5678 3
RG8 25.4651 29.4676 25.7091 3
RG9 30.3556 28.3761 25.934 3
RG10 34.7667 27.7727 26.0351 2
RG11 40.1486 26.6669 26.2572 1
RG12 44.5328 25.3095 25.5279 1
LR1 -32.982 67.0572 29.8853 3
LR2 -36.8693 68.0138 32.7787 2
LR3 -40.7418 69.2509 36.629 2
LR4 -44.1499 69.7197 39.6462 1
RA1 16.5882 61.545 -31.2361 1
RA2 17.4492 56.7812 -29.9762 2
RA3 18.3101 52.0174 -28.7163 2
RA4 18.6944 47.5484 -26.4966 3
RA5 19.5554 42.7847 -25.2367 3
RA6 19.9249 38.0354 -23.9739 3
RA7 20.7858 33.2716 -22.714 3
RA8 21.143 28.0488 -21.3247 3
RA9 21.5125 23.2994 -20.0619 3
RA10 22.3883 18.816 -17.845 3
RA11 22.743 13.7863 -17.5392 3
RA12 23.6039 9.02249 -16.2793 2
RB1 1.70958 35.3239 -15.7787 2
RB2 6.06929 33.0196 -16.2548 2
RB3 10.4439 30.9958 -15.774 2
RB4 15.2977 28.4839 -15.1695 2
RB5 19.6723 26.4599 -14.6887 2
RB6 24.032 24.1556 -15.1648 2
RB7 28.4066 22.1318 -14.684 3
RB8 32.7812 20.1079 -14.2032 3
RB9 37.662 18.3498 -12.7683 3
RB10 42.0366 16.326 -12.2875 3
RB11 46.9026 14.2876 -11.8095 1
RB12 51.2772 12.2636 -11.3287 1
RC1 11.2269 26.4621 -25.9263 2
RC2 14.066 22.114 -24.8042 2
RC3 16.9173 18.2394 -23.8087 2
RC4 19.7835 14.6453 -21.8562 3
RC5 22.6496 11.0511 -19.9038 3
RC6 25.5158 7.45697 -17.9513 2
RC7 28.8734 3.84837 -16.0017 3
RC8 31.7246 -0.0261916 -15.0062 2
RC9 35.0823 -3.6348 -13.0566 3
RC10 37.9458 -7.03587 -12.1876 3
RC11 40.7971 -10.9104 -11.1921 2
RC12 44.1548 -14.5191 -9.2425 1
RL1 1.627 52.843 40.433 3
RL2 6.02862 51.5729 41.7442 3
RL3 10.934 50.762 42.926 2
RL4 15.3477 49.9654 44.1106 3
RJ1 1.71702 70.8275 -14.9362 2
RJ2 3.25352 71.7127 -10.0334 3
RJ3 4.77781 72.1244 -5.00411 3
RJ4 6.31431 73.0096 -0.101354 3
RJ5 7.35932 73.9092 4.80423 3
RJ6 8.88096 74.5139 8.75005 3
RJ7 10.4174 75.3991 13.6528 3
RJ8 11.4746 76.7722 18.4318 3
RJ9 12.9963 77.377 22.3776 3
RJ10 14.0413 78.2765 27.2832 2
RJ11 15.5778 79.1617 32.186 2
RJ12 16.635 80.5348 36.965 1
RK1 -7.75491 72.2829 29.1794 2
RK2 -2.87929 70.9112 28.4473 2
RK3 2.01116 69.8199 28.6722 3
RK4 6.88677 68.4481 27.9401 3
RK5 11.7772 67.3567 28.1649 3
RK6 16.6677 66.2653 28.3898 3
RK7 21.5581 65.174 28.6147 3
RK8 26.4608 64.5561 28.713 2
RK9 31.3486 63.6578 27.8543 2
RK10 36.2391 62.5664 28.0792 1
RK11 41.621 61.4606 28.3012 1
RK12 46.0051 60.1033 27.572 1
LP1 -19.2158 85.0275 27.9971 3
LP2 -24.1307 85.172 28.0254 3
LP3 -29.5519 85.0504 27.0995 3
LP4 -34.4668 85.1948 27.1278 3
LP5 -39.3694 85.8127 27.0295 2
LP6 -44.2843 85.9571 27.0577 2
LP7 -49.2114 85.6281 27.2126 2
LP8 -54.1411 85.4921 26.2839 2
LP9 -59.5352 86.1243 26.1884 0
LP10 -63.9586 86.2543 26.2138 0
LP11 -69.3649 86.4131 26.2449 0
LP12 -74.7712 86.572 26.276 0
