LAT1 -17.0315 27.3455 -20.4663 1
LAT2 -19.4053 31.4545 -28.5617 1
LAT3 -25.1376 35.5346 -36.7325 2
LAT4 -33.9085 35.8259 -39.0678 2
LAT5 -43.5682 33.6054 -38.2755 2
LAT6 -50.3547 29.6137 -33.8193 1
LFR1 -26.7228 45.1891 48.8703 1
LFR2 -34.5688 44.0846 43.2881 1
LFR3 -41.9563 42.4592 36.1954 1
LFR4 -47.6484 40.1401 28.689 1
LFR5 -52.0344 36.9532 19.4653 1
LFR6 -52.6116 33.6285 9.03215 2
LMT1 -16.875 24.0017 -26.1546 1
LMT2 -22.9626 20.6169 -34.3473 1
LMT3 -29.9733 17.3822 -38.9014 2
LMT4 -39.1621 16.4242 -40.8544 2
LPH1 -37.8564 8.33476 -21.0817 3
LPH2 -36.8894 -0.70598 -23.2723 2
LPH3 -35.523 -11.1724 -23.993 2
LPH4 -34.5541 -21.4589 -25.7918 3
LPH5 -34.4471 -31.9362 -26.5408 3
LPH6 -33.0665 -41.8649 -28.1046 3
LPH7 -31.694 -51.4398 -29.4427 2
LPH8 -29.0396 -60.8201 -31.8212 3
LPT1 -40.0489 -68.4146 -24.9896 1
LPT2 -45.9924 -59.7581 -25.5008 2
LPT3 -52.3539 -52.351 -25.6298 1
LPT4 -57.4884 -43.5169 -24.8278 2
LPT5 -61.7752 -35.0295 -24.2326 1
LPT6 -64.3928 -24.9279 -23.7659 1
RAT1 24.6676 13.7734 -39.0893 2
RAT2 19.4883 22.2405 -36.15 1
RAT3 16.3793 29.6502 -31.4774 2
RAT4 18.2856 36.9197 -25.6229 1
RAT5 24.4079 42.2715 -19.7337 1
RAT6 33.5481 45.3538 -16.4268 1
RAT7 42.3148 42.925 -13.0823 2
RAT8 49.088 35.8755 -12.7183 2
RHI1 13.4447 7.37215 -23.1973 2
RHI2 13.5211 -2.93467 -22.6519 1
RHI3 14.0254 -13.5919 -22.3228 2
RHI4 14.1242 -23.7151 -22.8461 2
RHI5 15.085 -33.6476 -24.4193 3
RHI6 15.192 -44.1249 -25.1682 3
RHI7 15.7187 -54.5986 -25.9078 2
RHI8 16.2435 -63.8265 -27.0391 3
RPH1 30.2134 -1.9248 -18.1662 2
RPH2 28.6635 -12.2329 -20.0215 2
RPH3 27.5173 -21.8294 -21.4162 2
RPH4 25.9531 -32.6751 -22.4285 2
RPH5 24.8292 -42.088 -24.8919 2
RPH6 21.9813 -51.8824 -25.2556 2
RPH7 19.5389 -62.2109 -24.7667 3
RPH8 16.6605 -71.8348 -23.8361 3
RST1 21.3711 39.8298 -33.204 2
RST2 29.4713 37.9709 -37.8105 1
RST3 38.3559 32.7228 -38.6342 2
RST4 44.6481 26.0107 -35.6909 2
RTO1 22.9694 -74.6263 -23.1368 2
RTO2 31.7246 -69.5806 -22.1428 2
RTO3 38.3546 -62.2452 -20.9108 2
RTO4 44.5952 -55.0837 -20.9825 1
RTO5 49.4992 -46.8842 -18.0426 2
RTO6 55.2938 -37.4184 -17.8386 2
RTP1 10.1082 -49.032 53.4611 0
RTP2 19.774 -45.9199 52.0514 2
RTP3 29.0344 -42.2737 49.7891 0
RTP4 37.4838 -37.5595 45.8219 0
RTP5 45.1161 -32.6689 40.7672 1
RTP6 51.5113 -27.6056 34.6154 1
RTP7 55.3858 -21.3181 28.0153 2
RTP8 57.1838 -14.8652 20.2994 1
