LA1 -13.8964 20.3714 -24.7275 2
LA2 -18.8828 19.5862 -24.5281 2
LA3 -23.8694 18.801 -24.3287 2
LA4 -28.8559 18.0158 -24.1292 3
LA5 -33.8423 17.2306 -23.9298 3
LA6 -38.7698 16.8831 -23.4248 3
LA7 -43.7563 16.0979 -23.2253 3
LA8 -48.7428 15.3127 -23.0259 3
LA9 -54.2024 15.0379 -22.5222 2
LA10 -58.5977 14.6178 -22.0158 2
LA11 -63.5843 13.8326 -21.8164 2
LA12 -68.5117 13.4851 -21.3113 1
LB1 -21.6008 7.59598 -25.7095 2
LB2 -26.4494 7.81204 -26.0267 2
LB3 -31.4359 7.02685 -25.8273 2
LB4 -36.9545 6.31429 -25.6292 3
LB5 -41.8621 6.09264 -26.2521 3
LB6 -46.8486 5.30749 -26.0527 3
LB7 -51.8351 4.5222 -25.8532 3
LB8 -56.2894 3.66444 -25.6525 3
LB9 -61.808 2.95182 -25.4544 3
LB10 -66.7945 2.16663 -25.255 2
LB11 -71.2489 1.30887 -25.0543 0
LB12 -76.2353 0.523575 -24.8549 0
LC1 -24.1207 -14.8108 -24.2818 3
LC2 -28.693 -16.544 -24.6924 2
LC3 -33.7975 -18.2047 -25.1042 2
LC4 -38.35 -19.8121 -26.6427 3
LC5 -42.9223 -21.5453 -27.0533 3
LC6 -47.4946 -23.2786 -27.4638 3
LC7 -52.0669 -25.0118 -27.8744 3
LC8 -56.6982 -27.1828 -28.5906 2
LC9 -60.1671 -28.7495 -27.565 2
LC10 -65.1728 -29.7207 -29.9271 1
LC11 -69.7451 -31.454 -30.3376 0
LC12 -74.3174 -33.1873 -30.7482 0
LD1 -27.0285 35.6572 -8.21568 3
LD2 -31.2667 36.4244 -5.66448 2
LD3 -35.5639 36.7538 -3.41893 2
LD4 -39.7431 37.9587 -0.562099 3
LD5 -44.0403 38.2882 1.68346 3
LD6 -48.2196 39.493 4.54029 2
LD7 -52.5167 39.8225 6.78584 1
LD8 -56.6959 41.0275 9.64267 0
LD9 -60.9341 41.7946 12.1939 0
LD10 -65.1723 42.5618 14.7451 0
LD11 -69.4695 42.8913 16.9906 0
LD12 -73.3135 42.5846 20.0598 0
LE1 -30.592 5.61789 -6.03843 3
LE2 -33.9038 5.23854 -2.96798 3
LE3 -38.3588 4.44092 0.922191 2
LE4 -41.7297 3.62384 3.68701 3
LE5 -46.1058 3.38973 6.75487 3
LE6 -49.9498 3.08306 9.82404 2
LE7 -53.7937 2.77637 12.8932 3
LE8 -57.1844 1.83343 16.7859 2
LE9 -61.5605 1.59943 19.8538 1
LE10 -64.8722 1.22006 22.9243 0
LE11 -68.7162 0.913288 25.9934 0
LE12 -72.5602 0.60661 29.0626 0
LF1 5.7253 49.4026 0.699463 1
LF2 0.856829 49.4928 1.51015 2
LF3 -4.01164 49.5831 2.32084 3
LF4 -9.33338 50.3094 2.30793 3
LF5 -13.7877 49.4517 2.50864 3
LF6 -19.0704 50.4899 3.92931 3
LF7 -24.471 50.6528 4.7387 3
LF8 -28.8663 50.2327 5.24505 3
LF9 -34.267 50.3955 6.05445 3
LF10 -38.6623 49.9754 6.5608 3
LF11 -44.1218 49.7006 7.06456 2
LF12 -49.0493 49.3531 7.56962 1
LG1 -33.9591 -19.0306 -5.01227 3
LG2 -39.0045 -20.2535 -5.11849 3
LG3 -43.9711 -20.9129 -6.04701 3
LG4 -49.0756 -22.5735 -6.45886 2
LG5 -53.451 -22.8678 -7.08046 2
LG6 -58.4765 -23.9649 -8.31462 2
LG7 -63.5221 -25.1878 -8.42083 2
LG8 -68.0155 -26.3575 -9.65369 0
LG9 -73.061 -27.5804 -9.7599 0
LG10 -77.4953 -28.3124 -10.6871 0
LG11 -82.5998 -29.973 -11.099 0
LG12 -88.1377 -30.8717 -13.4624 0
LH1 -9.26886 46.3738 -22.2726 3
LH2 -10.2948 46.8912 -17.1522 3
LH3 -11.3208 47.4086 -12.0317 3
LH4 -11.7947 47.9791 -8.03792 3
LH5 -12.8207 48.4965 -2.91746 3
LH6 -13.7877 49.4517 2.50864 3
LH7 -14.3405 49.4586 7.32476 3
LH8 -15.4254 49.5383 12.1396 3
LH9 -16.4515 50.0557 17.26 3
LH10 -16.8663 51.064 21.5595 3
LH11 -17.8923 51.5814 26.6799 2
LH12 -18.9183 52.0988 31.8004 2
LI1 -28.6042 55.5192 -28.8056 1
LI2 -30.3182 50.9098 -28.4807 2
LI3 -32.0125 46.4263 -29.2837 3
LI4 -33.7857 41.3793 -29.2645 3
LI5 -35.4998 36.77 -28.9395 3
LI6 -37.1941 32.2865 -29.7426 3
LI7 -39.4993 27.312 -29.7246 3
LI8 -41.2135 22.7027 -29.3997 3
LI9 -42.9867 17.6557 -29.3804 3
LI10 -44.7007 13.0464 -29.0555 3
LI11 -46.395 8.56286 -29.8586 3
LI12 -48.1092 3.95351 -29.5337 3
RA1 12.6149 15.9295 -30.0916 2
RA2 17.3653 14.9639 -31.5136 2
RA3 22.0369 13.4347 -32.1132 2
RA4 26.7084 11.9055 -32.7129 2
RA5 31.9911 10.8672 -34.1335 3
RA6 36.6626 9.33798 -34.7332 3
RA7 41.3341 7.80879 -35.3328 3
RA8 46.0846 6.84314 -36.7548 3
RA9 50.7562 5.31395 -37.3545 2
RA10 55.4867 4.22245 -37.6485 2
RA11 60.2372 3.25681 -39.0704 1
RA12 64.9086 1.72762 -39.6701 0
RB1 18.5876 8.10223 -27.5861 1
RB2 22.6089 5.77025 -28.7983 2
RB3 27.0245 2.36438 -29.4925 2
RB4 31.0459 0.0324156 -30.7047 2
RB5 35.0082 -2.73729 -32.2226 3
RB6 39.5617 -5.14189 -33.4335 3
RB7 43.5832 -7.47393 -34.6457 3
RB8 48.0577 -10.442 -35.0343 3
RB9 52.0791 -12.7741 -36.2465 3
RB10 56.1594 -14.6683 -37.1531 2
RB11 60.713 -17.0729 -38.364 2
RB12 64.7343 -19.4049 -39.5762 1
RC1 20.2067 -11.8092 -27.6994 2
RC2 24.0901 -15.1424 -28.3949 2
RC3 27.8946 -19.0392 -28.2681 2
RC4 31.3049 -21.8621 -28.6593 3
RC5 35.2473 -24.7576 -29.0492 3
RC6 39.0519 -28.6544 -28.9224 3
RC7 42.4031 -31.915 -29.6193 3
RC8 46.2666 -35.374 -29.1869 3
RC9 49.6179 -38.6347 -29.8837 2
RC10 53.4814 -42.0938 -29.4513 2
RC11 56.8327 -45.3543 -30.1481 1
RC12 60.6962 -48.8134 -29.7157 0
RD1 32.4778 22.7597 -12.5597 3
RD2 37.2865 22.292 -9.98657 2
RD3 41.583 22.0228 -8.54266 2
RD4 46.3328 21.1173 -6.27516 3
RD5 51.2204 21.2131 -4.52433 3
RD6 56.0491 20.8712 -3.07913 2
RD7 60.3455 20.602 -1.63522 1
RD8 65.2333 20.6978 0.115605 0
RD9 69.9829 19.7924 2.38312 0
RD10 74.2794 19.5231 3.82702 0
RD11 79.167 19.619 5.57786 0
RD12 83.9168 18.7135 7.84536 0
RE1 36.1434 14.0303 -3.59729 1
RE2 39.4548 10.518 -2.03823 2
RE3 42.8452 7.56934 -1.30148 3
RE4 46.1566 4.05709 0.257585 3
RE5 50.0002 0.472192 1.81794 3
RE6 53.9227 -2.54915 2.55598 3
RE7 57.2341 -6.06139 4.11504 2
RE8 60.6835 -8.57236 5.15743 3
RE9 64.5271 -12.1573 6.71778 2
RE10 67.9175 -15.106 7.45453 0
RE11 71.8202 -18.2531 9.32052 0
RE12 75.6638 -21.8381 10.8809 0
RF1 8.64281 50.8559 -2.88895 2
RF2 13.3144 49.3266 -3.48861 3
RF3 17.966 47.6717 -2.96031 3
RF4 23.1697 46.0698 -3.55867 3
RF5 27.8413 44.5406 -4.15832 3
RF6 32.4929 42.8856 -3.63002 3
RF7 37.1644 41.3564 -4.22967 3
RF8 41.836 39.8272 -4.82932 2
RF9 46.5665 38.7357 -5.12334 3
RF10 51.6913 36.5704 -4.89938 3
RF11 55.8307 35.1138 -5.50033 3
RF12 61.0344 33.5119 -6.09869 1
RG1 32.3276 -26.0302 -14.3924 3
RG2 36.9203 -28.1229 -14.1697 3
RG3 41.5917 -29.6522 -14.7694 2
RG4 46.2434 -31.3072 -14.2411 2
RG5 50.915 -32.8363 -14.8408 2
RG6 55.5075 -34.9291 -14.6181 3
RG7 60.1791 -36.4583 -15.2177 2
RG8 64.7718 -38.551 -14.9951 0
RG9 69.3644 -40.6437 -14.7724 0
RG10 74.0359 -42.173 -15.3721 0
RG11 78.6876 -43.828 -14.8438 0
RG12 83.8123 -45.9934 -14.6198 0
RH1 16.1769 46.0892 -24.8899 1
RH2 18.285 45.7331 -20.0674 2
RH3 20.4719 45.9405 -16.0671 3
RH4 22.639 46.022 -10.9389 3
RH5 24.3528 46.7397 -6.63428 3
RH6 25.9287 46.4562 -1.813 3
RH7 26.9724 46.2453 3.00699 3
RH8 28.6073 46.3995 8.1339 3
RH9 29.651 46.1886 12.9539 3
RH10 31.2859 46.3427 18.0808 3
RH11 32.4085 46.6954 22.0785 2
RH12 34.0434 46.8496 27.2054 2
RI1 26.7252 43.6459 -41.3612 1
RI2 27.0807 38.3083 -41.3368 2
RI3 26.4509 33.6796 -42.1372 2
RI4 26.8064 28.342 -42.1128 3
RI5 26.6298 23.077 -42.0896 2
RI6 26.4531 17.812 -42.0665 2
RI7 26.9466 13.4757 -42.5587 2
RI8 26.77 8.21068 -42.5356 2
RI9 26.5934 2.94572 -42.5124 2
RI10 26.4957 -1.75572 -43.3116 2
RI11 26.319 -7.02063 -43.2885 2
RI12 26.7336 -11.9205 -42.9584 2
