LA1 -23.6773 9.63088 27.7929 2
LA2 -28.3137 7.96919 27.8822 2
LA3 -33.0461 5.39296 28.3645 2
LA4 -37.1986 3.67088 28.4316 1
LA5 -41.7909 2.19725 28.9694 3
LA6 -46.3832 0.723609 29.5072 3
LA7 -51.0716 -1.66456 30.438 3
LA8 -55.6639 -3.1382 30.9758 2
LA9 -60.2562 -4.6118 31.5136 2
LA10 -64.8486 -6.08549 32.0514 0
LA11 -69.5369 -8.4736 32.9821 0
LA12 -74.1292 -9.9473 33.5199 0
LB1 -27.7386 1.52284 25.7441 2
LB2 -32.0752 -1.48986 25.3072 2
LB3 -36.3157 -3.58804 24.4774 3
LB4 -41.0403 -5.62589 23.6699 2
LB5 -45.2368 -7.53604 23.2885 2
LB6 -49.5734 -10.5487 22.8516 3
LB7 -53.8141 -12.6469 22.0218 3
LB8 -58.1066 -15.4717 22.0334 2
LB9 -62.3991 -18.2963 22.045 2
LB10 -66.5956 -20.2065 21.6636 0
LB11 -70.7921 -22.1165 21.2823 0
LB12 -75.5685 -24.8809 21.3161 0
LC1 -29.1887 -16.9916 23.0177 2
LC2 -33.1814 -21.1673 22.5031 3
LC3 -36.498 -23.5743 21.1803 3
LC4 -39.9107 -26.8959 20.2504 3
LC5 -43.8593 -30.8836 20.1842 3
LC6 -47.6159 -33.0422 19.3321 2
LC7 -51.9524 -36.0548 18.8953 2
LC8 -55.8051 -39.128 18.4361 2
LD1 -34.9392 -29.0647 16.4179 3
LD2 -39.3992 -29.9741 18.3011 3
LD3 -43.8593 -30.8836 20.1842 3
LD4 -47.9314 -32.7679 22.4381 3
LD5 -52.3914 -33.6774 24.3212 2
LD6 -56.3675 -34.6472 26.1821 2
LD7 -60.8354 -36.0951 29.3551 1
LD8 -65.2955 -37.0046 31.2383 0
LE1 -16.3164 -45.2317 36.7844 2
LE2 -21.8247 -45.8581 36.5253 3
LE3 -26.8492 -46.5448 36.244 3
LE4 -31.3455 -47.1039 36.3889 3
LE5 -36.2739 -46.8762 35.7146 3
LE6 -41.2983 -47.563 35.4332 3
LE7 -46.2787 -48.0617 35.6004 3
LE8 -51.2589 -48.5603 35.7675 2
LE9 -56.2834 -49.2471 35.4861 1
LE10 -61.2637 -49.7458 35.6533 0
LE11 -66.148 -49.33 35.4274 0
LE12 -70.6883 -50.0772 35.1238 0
LF1 -28.7117 -2.31228 47.119 3
LF2 -28.3913 -5.09051 50.9108 3
LF3 -28.0269 -7.68069 55.151 3
LF4 -27.2744 -11.2458 59.7619 3
LF5 -26.814 -12.9214 63.6092 3
LF6 -26.4495 -15.5116 67.8495 3
LF7 -26.0851 -18.1018 72.0897 3
LF8 -25.7206 -20.692 76.3299 2
LG1 -7.3208 8.18089 76.7678 3
LG2 -12.0288 9.3489 78.3357 1
LG3 -16.7809 10.3289 79.4552 1
LG4 -21.6288 10.3944 80.9677 2
LG5 -26.425 11.1863 81.6388 2
LG6 -31.177 12.1663 82.7583 2
LG7 -35.9291 13.1463 83.8779 0
LG8 -40.637 14.3143 85.4458 0
LH1 -12.3156 24.9988 51.067 3
LH2 -12.735 23.8201 55.8557 3
LH3 -13.2945 21.5387 60.5889 3
LH4 -14.1979 20.4204 65.3999 3
LH5 -14.2735 18.0786 70.1108 3
LH6 -15.2209 16.7722 74.4734 2
LH7 -15.6844 15.4054 78.8136 1
LH8 -16.7799 12.4579 84.4105 1
RA1 17.3479 5.01058 21.9755 2
RA2 20.9918 3.04877 20.845 2
RA3 25.0757 0.838517 19.2438 2
RA4 29.1594 -1.3717 17.6426 3
RA5 33.7792 -2.91594 15.1777 3
RA6 37.863 -5.12616 13.5765 3
RA7 41.9468 -7.33638 11.9753 3
RA8 46.1266 -8.63209 9.98109 3
RB1 21.5905 -1.78232 14.8373 2
RB2 24.5662 -4.97443 13.2251 2
RB3 27.9298 -9.14136 11.9836 2
RB4 30.8614 -12.5215 9.92296 3
RB5 33.837 -15.7136 8.31075 2
RB6 37.2967 -18.966 6.67629 2
RB7 40.2282 -22.3462 4.61564 2
RB8 43.6879 -25.5986 2.98118 2
RB9 47.1475 -28.851 1.34673 2
RB10 50.6073 -32.1035 -0.287762 2
RB11 54.0228 -35.544 -2.37065 1
RB12 57.0425 -38.5481 -3.53443 0
