LA1 -4.11173 -16.4895 9.46775 3
LA2 -9.0892 -15.9372 9.47307 2
LA3 -13.4531 -15.9899 10.1826 2
LA4 -18.908 -15.8516 9.90951 3
LA5 -23.8854 -15.2993 9.91482 2
LA6 -28.7267 -15.7661 10.346 3
LA7 -33.6974 -15.5811 10.0297 3
LA8 -38.6749 -15.0288 10.035 2
LB1 -4.84252 -23.9294 9.79693 3
LB2 -9.56122 -24.6805 11.297 2
LB3 -14.2799 -25.4315 12.797 2
LB4 -19.6121 -25.5776 13.5928 1
LB5 -24.3376 -25.9612 15.4144 1
LB6 -29.1925 -25.6932 16.4886 3
LB7 -34.0405 -25.7926 17.2413 3
LB8 -38.4113 -25.4779 18.2724 2
LC1 -7.53114 -37.5992 9.04678 3
LC2 -12.5018 -37.4142 8.73055 1
LC3 -17.4657 -37.5967 8.09277 1
LC4 -22.4296 -37.7792 7.455 1
LC5 -27.4003 -37.5942 7.13876 1
LC6 -32.2348 -38.4284 7.24835 1
LC7 -37.2055 -38.2435 6.93212 3
LC8 -42.1829 -37.6911 6.93743 3
LD1 -30.769 -27.9983 29.4699 2
LD2 -35.7329 -28.1808 28.8321 3
LD3 -40.8262 -27.7116 27.447 2
LD4 -45.7969 -27.5266 27.1308 2
LD5 -50.7607 -27.7091 26.493 2
LD6 -55.7246 -27.8916 25.8552 0
LD7 -60.6885 -28.074 25.2174 0
LD8 -65.1683 -28.2098 24.5365 0
LE1 -34.5912 -48.051 36.7305 3
LE2 -39.4325 -48.5178 37.1616 3
LE3 -44.2738 -48.9845 37.5928 3
LE4 -49.1151 -49.4513 38.0239 2
LE5 -54.4473 -49.5973 38.8197 1
LE6 -58.7976 -50.3848 38.8862 0
LE7 -64.1299 -50.5309 39.6819 0
LE8 -68.9712 -50.9976 40.1131 0
LF1 -38.6251 -75.701 33.3889 3
LF2 -43.3302 -77.1868 34.2458 2
LF3 -48.642 -78.4351 34.077 1
LF4 -52.8562 -80.2417 34.5693 0
LF5 -57.6907 -81.0758 34.6788 0
LF6 -62.3891 -82.9291 35.2143 0
LF7 -67.2236 -83.7632 35.3238 0
LF8 -72.0513 -84.9648 35.1119 0
LG1 0.437727 -11.206 82.8652 2
LG2 -4.29454 -11.2223 85.0083 3
LG3 -8.05176 -11.5126 86.7437 3
LG4 -12.784 -11.5288 88.8868 3
LG5 -17.5163 -11.5451 91.0299 2
LG6 -22.2486 -11.5614 93.1731 2
LG7 -27.1102 -10.9259 94.5688 2
LG8 -31.3516 -11.2629 96.3473 0
LH1 -3.70326 14.3442 75.0868 3
LH2 -7.81523 13.3555 77.6127 3
LH3 -12.4045 11.9528 79.8601 2
LH4 -17.13 11.5691 81.6817 2
LH5 -21.3714 11.2321 83.4601 1
LH6 -25.9675 10.1968 86.0291 0
LH7 -30.2088 9.85978 87.8075 0
LH8 -34.8117 9.19183 90.698 0
LI1 -4.82253 36.3781 47.6627 3
LI2 -8.94128 35.7568 50.5101 2
LI3 -12.5691 34.8148 52.9928 2
LI4 -16.5585 33.5418 56.5875 2
LI5 -20.1863 32.5998 59.0702 3
LI6 -24.3051 31.9785 61.9176 2
LI7 -28.2944 30.7055 65.5124 0
LI8 -32.4064 29.7169 68.0382 0
LJ1 -3.20215 2.01757 12.068 2
LJ2 -7.84524 4.37047 12.2474 3
LJ3 -11.8748 6.11835 13.1311 3
LJ4 -16.5247 8.83864 13.6322 3
LJ5 -21.1678 11.1915 13.8116 2
LJ6 -25.3267 13.5911 13.948 2
LJ7 -29.9698 15.944 14.1274 3
LJ8 -34.1288 18.3436 14.2638 2
RA1 28.4272 -12.5443 8.6127 2
RA2 33.0363 -13.0602 10.041 2
RA3 38.1228 -13.1621 11.7476 3
RA4 42.6026 -13.0263 12.4285 3
RA5 47.2049 -13.1748 14.1783 3
RA6 52.2982 -13.644 15.5635 3
RA7 56.7712 -13.1408 16.5659 2
RA8 61.8644 -13.61 17.951 2
RB1 31.0029 -22.394 10.2822 3
RB2 35.4826 -22.2582 10.9631 2
RB3 40.5759 -22.7275 12.3482 2
RB4 45.1783 -22.876 14.098 2
RB5 49.658 -22.7402 14.7789 1
RB6 54.7513 -23.2094 16.1641 3
RB7 59.8378 -23.3112 17.8707 3
RB8 64.3176 -23.1755 18.5516 3
RC1 32.0642 -36.2225 12.7585 3
RC2 37.0281 -36.0401 13.3963 3
RC3 41.9852 -35.4902 14.3556 1
RC4 46.9423 -34.9403 15.3149 1
RC5 51.9062 -34.7579 15.9527 1
RC6 56.8701 -34.5754 16.5905 3
RC7 61.3498 -34.4396 17.2714 3
RC8 66.9272 -34.8622 18.6134 2
RD1 54.3316 -4.31018 15.3222 3
RD2 58.5526 -2.871 14.5084 2
RD3 63.3803 -1.66944 14.7203 2
RD4 68.556 0.597894 14.4634 0
RD5 72.9064 1.38538 14.3969 0
RD6 77.5979 3.60604 14.183 0
RD7 82.2962 5.45929 13.6476 0
RD8 86.9946 7.31255 13.1122 0
RE1 50.4532 -30.2019 32.2193 3
RE2 54.9126 -28.964 33.8648 3
RE3 59.7267 -27.0276 34.7199 3
RE4 64.0635 -25.5053 35.2965 3
RE5 69.007 -24.2206 36.8989 3
RE6 73.828 -22.6517 37.4324 3
RE7 78.158 -20.762 38.3306 0
RE8 82.6242 -19.8914 39.6545 0
RF1 46.4222 -81.2883 31.1875 3
RF2 51.877 -81.4265 31.4606 3
RF3 56.8545 -81.9789 31.4553 2
RF4 61.8252 -82.1638 31.7715 2
RF5 66.8026 -82.7161 31.7662 0
RF6 71.7733 -82.9011 32.0824 0
RF7 76.744 -83.086 32.3987 0
RF8 81.5853 -82.6192 31.9675 0
RG1 19.2224 21.6437 69.4547 3
RG2 22.4746 22.1731 73.3674 3
RG3 25.5974 23.3541 76.5327 2
RG4 28.8496 23.8835 80.4454 3
RG5 31.6109 24.7336 84.7227 1
RG6 34.379 25.2163 88.6785 0
RG7 37.6244 26.1131 92.9127 0
RG8 40.7472 27.2941 96.078 0
RH1 23.9434 9.12333 14.9026 3
RH2 26.2206 9.92675 19.223 3
RH3 28.6339 9.71107 23.9693 3
RH4 31.402 10.1938 27.9251 3
RH5 33.686 10.6298 31.924 3
RH6 35.9699 11.0658 35.9229 3
RH7 38.3765 11.2175 40.9907 3
RH8 40.6536 12.0209 45.3111 3
RI1 18.4231 33.5552 29.1344 2
RI2 23.8711 33.7843 29.7291 3
RI3 28.8418 33.5994 30.0453 3
RI4 33.1921 34.3869 29.9788 3
RI5 38.156 34.5693 30.6166 3
RI6 43.6108 34.4311 30.8897 2
RI7 48.4521 34.8978 30.4586 3
RI8 53.416 35.0803 31.0964 2
