LA1 -10.5946 7.96332 -21.5822 2
LA2 -15.5051 8.55567 -20.9676 2
LA3 -20.4156 9.14802 -20.353 2
LA4 -25.5657 10.7492 -20.3723 3
LA5 -30.4762 11.3416 -19.7578 2
LA6 -35.1507 12.8345 -19.7527 3
LA7 -40.0612 13.4269 -19.1381 2
LA8 -44.8166 14.5079 -19.3821 2
LA9 -50.1218 15.6205 -18.5428 1
LA10 -54.8772 16.7014 -18.7868 0
LA11 -59.7878 17.2938 -18.1723 0
LA12 -64.5432 18.3747 -18.4163 0
LB1 -15.3657 -2.18093 -22.3939 2
LB2 -20.2829 -1.92411 -23.1361 2
LB3 -25.1192 -1.2552 -23.6293 1
LB4 -29.9555 -0.586305 -24.1224 3
LB5 -35.3481 -0.221388 -24.8891 3
LB6 -40.1844 0.447512 -25.3823 2
LB7 -45.0207 1.11641 -25.8754 1
LB8 -49.857 1.78531 -26.3686 2
LB9 -54.6933 2.45421 -26.8617 0
LB10 -60.0051 3.23121 -27.3793 0
LB11 -64.8414 3.90011 -27.8725 0
LB12 -69.6777 4.569 -28.3656 0
LC1 -17.7252 -19.4971 -14.0397 2
LC2 -21.8496 -22.1901 -13.9881 2
LC3 -26.3685 -24.363 -13.7118 1
LC4 -30.4121 -26.644 -13.4111 3
LC5 -34.9311 -28.8169 -13.1348 3
LC6 -39.4501 -30.9897 -12.8585 2
LC7 -44.0434 -33.2391 -11.4744 2
LC8 -48.6433 -35.8241 -11.4473 2
LC9 -53.0814 -37.5848 -10.9218 2
LC10 -57.6005 -39.7577 -10.6455 1
LC11 -62.1194 -41.9306 -10.3692 0
LC12 -67.35 -44.8961 -9.50784 0
LD1 -19.0225 29.0834 1.72625 3
LD2 -23.697 30.5764 1.73136 1
LD3 -28.3715 32.0695 1.73647 1
LD4 -33.6025 33.2586 1.46805 1
LD5 -38.3578 34.3396 1.22402 1
LD6 -43.0323 35.8326 1.22913 2
LD7 -47.7878 36.9136 0.985107 0
LD8 -52.4623 38.4067 0.990215 0
LD9 -57.6932 39.5957 0.72179 0
LD10 -62.4486 40.6768 0.477767 0
LD11 -66.887 43.0705 -0.126584 0
LD12 -69.4977 44.9553 0.474395 0
LE1 -26.8348 13.2669 -4.02772 2
LE2 -31.8262 13.4471 -3.66228 1
LE3 -36.9728 13.1389 -2.43825 2
LE4 -41.9642 13.3191 -2.07282 1
LE5 -46.9556 13.4994 -1.70738 3
LE6 -52.1022 13.191 -0.483355 2
LE7 -56.618 13.2632 -0.0935156 0
LE8 -61.7646 12.9548 1.13051 0
LE9 -66.7561 13.1351 1.49595 0
LE10 -71.7475 13.3154 1.86138 0
LE11 -76.4185 12.899 3.10981 0
LE12 -81.4099 13.0792 3.47525 0
LF1 -21.5395 0.724434 13.0851 3
LF2 -25.7315 -1.70962 15.6012 3
LF3 -29.2119 -3.35108 17.5323 3
LF4 -33.4039 -5.78514 20.0485 3
LF5 -36.8843 -7.4266 21.9796 3
LF6 -41.5518 -9.75256 24.4713 2
LF7 -45.1874 -11.8827 27.261 2
LF8 -49.2242 -13.828 28.9186 3
LF9 -53.3353 -15.8501 31.6838 1
LF10 -56.8965 -17.9035 33.3658 1
LF11 -60.377 -19.5451 35.2969 0
LF12 -64.569 -21.9791 37.8131 0
LG1 -21.7217 42.6843 -2.66812 2
LG2 -25.9949 43.9927 -1.53089 2
LG3 -30.8988 44.9205 0.440531 2
LG4 -35.3271 45.7403 2.43635 2
LG5 -39.6003 47.0488 3.57358 2
LG6 -44.585 47.5646 5.29587 1
LG7 -49.9645 48.6005 7.24289 0
LG8 -53.8431 49.3888 8.15539 0
LG9 -58.8279 49.9046 9.87768 0
LG10 -63.8126 50.4204 11.6 0
LH1 -22.4738 48.1876 -12.4838 1
LH2 -23.3241 49.8224 -8.21287 1
LH3 -24.3295 50.9687 -3.0834 3
LH4 -25.0988 53.0156 1.43661 3
LH5 -25.9491 54.6505 5.7075 3
LH6 -26.8736 56.2088 11.0861 1
LH7 -27.7239 57.8437 15.357 3
LH8 -28.5741 59.4786 19.6279 2
LH9 -29.4986 61.0369 25.0065 1
LH10 -30.3489 62.6717 29.2774 1
LH11 -31.1992 64.3067 33.5482 0
LH12 -32.525 66.0496 37.7947 0
LI1 -0.594647 50.7792 22.0618 2
LI2 -5.66695 50.5474 22.1781 3
LI3 -10.3379 50.131 23.4265 3
LI4 -15.4103 49.8991 23.5428 2
LI5 -20.6377 49.1787 24.5177 2
LI6 -25.1536 49.2509 24.9076 3
LI7 -30.2259 49.0191 25.0239 2
LI8 -35.3724 48.7108 26.2479 2
LI9 -40.4447 48.479 26.3642 1
LI10 -45.1158 48.0625 27.6126 0
LI11 -50.1881 47.8307 27.7289 0
LI12 -55.1795 48.0109 28.0944 0
LJ1 -29.1308 32.5425 8.85666 2
LJ2 -34.0413 33.1348 9.47122 3
LJ3 -38.8775 33.8037 8.97807 3
LJ4 -44.3445 34.0921 9.3191 1
LJ5 -49.1808 34.761 8.82595 1
LJ6 -54.0171 35.4299 8.3328 0
LJ7 -58.9276 36.0222 8.94736 0
LJ8 -63.7639 36.6912 8.45421 0
