LA1 -15.0733 21.5287 -27.0753 2
LA2 -19.8644 21.6527 -27.3165 2
LA3 -24.7106 21.5403 -26.5877 2
LA4 -29.5017 21.6642 -26.8289 2
LAT1 -20.6544 35.4071 -36.3791 1
LAT2 -26.5128 27.745 -40.64 1
LAT3 -34.043 22.2409 -42.4081 2
LAT4 -42.3043 17.3587 -39.9427 2
LF1 -49.7234 -12.7901 38.8789 1
LF2 -55.6578 -9.69762 31.0498 1
LF3 -59.4079 -6.42382 22.3577 2
LF4 -60.9736 -2.96871 12.8028 2
LF5 -61.5296 0.222446 4.27155 1
LF6 -61.4984 3.63634 -5.20296 2
LH1 -18.7671 16.4011 -30.5959 2
LH2 -23.6133 16.2886 -29.867 3
LH3 -28.4524 16.6941 -29.0116 3
LH4 -33.2984 16.5816 -28.2827 2
LMT1 -19.3895 1.04417 -26.1272 2
LMT2 -27.6253 2.96456 -31.2799 2
LMT3 -36.4893 5.46174 -34.266 2
LMT4 -46.0774 9.09856 -32.8921 2
LP1 -42.5756 -53.4447 13.9135 1
LP2 -49.6355 -47.1721 8.85724 2
LP3 -55.1533 -41.1774 4.85147 2
LP4 -58.9431 -33.1974 -0.634216 2
LP5 -61.1767 -24.4593 -4.81617 2
LP6 -61.7583 -15.5261 -9.88779 2
LPT1 -26.5559 -29.4481 -26.7487 2
LPT2 -32.0935 -21.1003 -29.1513 2
LPT3 -37.6382 -13.2703 -31.6805 2
LPT4 -43.7702 -5.66294 -33.2664 2
RA1 10.9978 19.818 -26.0151 1
RA2 15.8439 19.9304 -26.744 2
RA3 20.69 20.0429 -27.4728 2
RA4 25.5841 19.8738 -29.2984 2
RAT1 15.0682 9.63114 -27.2363 1
RAT2 22.8368 9.82106 -32.9349 2
RAT3 31.6292 10.7828 -37.3565 2
RAT4 41.3496 13.0793 -38.3077 1
RDNET1 21.8327 31.7856 -44.132 2
RDNET2 26.6648 30.8622 -45.1141 1
RDNET3 31.4349 29.1845 -45.2527 1
RDNET4 36.2189 28.5426 -45.1381 1
RF1 46.5231 50.8741 26.8611 1
RF2 52.092 45.9401 19.7892 1
RF3 55.5245 40.5433 12.4834 1
RF4 57.353 34.6698 4.97062 1
RF5 59.2364 29.0328 -3.51227 1
RF6 59.4609 22.6828 -11.2321 2
RH1 21.8973 15.2641 -32.6924 2
RH2 26.6335 14.9037 -31.4811 2
RH3 31.3218 14.8247 -29.173 2
RH4 36.0509 13.9465 -28.0883 3
RMT1 17.8879 -2.79101 -25.9807 2
RMT2 26.2239 -0.0254092 -31.0194 2
RMT3 34.9966 3.28936 -33.8378 2
RMT4 44.2606 7.38983 -35.4061 2
RPT1 51.9662 -34.7156 -29.7687 2
RPT2 53.9984 -25.5698 -33.6096 1
RPT3 55.4503 -16.1288 -36.3806 2
RPT4 55.7417 -6.09723 -37.0117 1
