LA1 -19.7186 23.716 -9.22484 2
LA2 -24.5644 23.4306 -8.35739 2
LA3 -29.799 24.3023 -8.30504 2
LA4 -34.5898 24.6662 -8.33554 2
LA5 -39.8794 24.8886 -7.38523 2
LA6 -44.6702 25.2525 -7.41573 2
LA7 -49.4964 25.145 -7.53215 2
LA8 -54.786 25.3674 -6.58184 2
LA9 -59.5768 25.7313 -6.61234 0
LA10 -64.8114 26.6029 -6.55998 0
LA11 -69.6219 26.789 -5.60663 0
LA12 -75.4062 26.7542 -5.72914 0
LB1 -24.3819 12.9869 -10.2414 2
LB2 -29.6871 12.9157 -10.3608 3
LB3 -34.5131 12.8082 -10.4773 3
LB4 -39.3194 12.8785 -11.5775 3
LB5 -44.1807 12.2995 -11.7799 3
LB6 -49.4153 13.1712 -11.7275 3
LB7 -54.7204 13.1001 -11.847 3
LB8 -59.4914 13.6418 -12.8613 2
LB9 -64.3175 13.5342 -12.9778 0
LB10 -69.1238 13.6045 -14.078 0
LB11 -73.9499 13.497 -14.1945 0
LB12 -79.2352 13.6037 -15.2978 0
LC1 -26.2334 -4.72081 -6.36433 2
LC2 -31.185 -6.42043 -5.75463 2
LC3 -35.6378 -7.97854 -6.12573 3
LC4 -40.1257 -10.0081 -6.58275 3
LC5 -45.0929 -12.0013 -7.04281 3
LC6 -50.0444 -13.7008 -6.4331 3
LC7 -54.4972 -15.259 -6.80421 3
LC8 -59.429 -16.7807 -7.17836 2
LC9 -63.4732 -19.3181 -7.71825 2
LC10 -68.3896 -20.5463 -7.02262 0
LC11 -73.3214 -22.068 -7.39677 0
LC12 -77.8093 -24.0977 -7.8538 0
LD1 -5.58035 54.1255 25.0149 2
LD2 -10.3909 54.3116 25.9682 2
LD3 -15.1465 55.1469 26.0236 3
LD4 -20.4361 55.3693 26.9739 3
LD5 -25.7059 55.7696 26.9404 3
LD6 -30.5165 55.9557 27.8938 2
LD7 -35.3073 56.3195 27.8632 3
LD8 -40.5969 56.5419 28.8136 2
LD9 -45.3525 57.3773 28.869 2
LD10 -50.1983 57.0918 29.7364 0
LD11 -55.4682 57.4921 29.7029 0
LD12 -60.314 57.2068 30.5703 0
LE1 -6.89731 54.5452 9.81821 2
LE2 -11.6881 54.909 9.78771 3
LE3 -16.9579 55.3092 9.75415 3
LE4 -21.7487 55.6732 9.72365 3
LE5 -26.5043 56.5084 9.77906 3
LE6 -31.7742 56.9087 9.74551 3
LE7 -36.62 56.6234 10.613 3
LE8 -41.8899 57.0236 10.5794 3
LE9 -46.6807 57.3874 10.5489 2
LE10 -51.4913 57.5735 11.5023 0
LE11 -56.7611 57.9738 11.4687 0
LE12 -61.5519 58.3376 11.4382 0
LF1 -19.7577 48.6147 -8.79094 2
LF2 -19.786 48.6684 -3.6998 2
LF3 -20.2384 49.4077 0.490341 3
LF4 -20.7261 49.6755 4.59457 3
LF5 -21.7126 49.8021 9.67961 3
LF6 -22.2905 48.9493 14.5959 3
LF7 -23.756 49.1121 19.6779 3
LF8 -24.813 48.2958 24.5911 3
LF9 -25.8348 47.9508 29.5902 3
LF10 -26.8566 47.6058 34.5893 3
LF11 -27.8431 47.7323 39.6744 3
LF12 -29.3439 47.4237 44.6705 3
LG1 -20.8001 54.4345 -2.678 2
LG2 -21.7669 54.7387 1.42318 3
LG3 -22.7534 54.8652 6.50822 3
LG4 -23.7399 54.9917 11.5933 3
LG5 -25.2055 55.1545 16.6753 3
LG6 -26.6865 55.0237 20.6875 3
LG7 -27.673 55.1502 25.7725 3
LG8 -29.1738 54.8417 30.7686 3
LG9 -30.6394 55.0045 35.8506 2
LG10 -31.6062 55.3087 39.9517 2
LG11 -33.0915 55.2937 46.0176 2
LG12 -34.5725 55.163 50.0298 1
LH1 -29.885 30.8059 7.09834 3
LH2 -33.636 32.4492 10.3692 2
LH3 -36.9077 34.0559 13.6431 2
LH4 -40.1443 36.1342 17.0029 3
LH5 -43.4162 37.7411 20.2768 3
LH6 -46.688 39.348 23.5506 3
LH7 -49.9599 40.9548 26.8245 2
LH8 -53.2119 42.7395 29.1146 1
LH9 -56.9826 44.205 33.3693 0
LH10 -60.7335 45.8482 36.6401 0
LH11 -63.9856 47.6329 38.9301 0
LH12 -67.7563 49.0983 43.1848 0
LI1 -5.37763 69.1141 20.6132 2
LI2 -9.74433 68.7923 21.4837 2
LI3 -14.61 68.329 23.335 3
LI4 -19.4558 68.0437 24.2025 3
LI5 -23.8423 67.5441 26.0568 3
LI6 -29.2222 66.6459 27.8192 3
LI7 -33.589 66.3241 28.6897 3
LI8 -38.9689 65.426 30.452 2
LI9 -43.3709 64.6328 31.2366 1
LI10 -48.2365 64.1696 33.0879 0
LI11 -53.1373 63.235 34.8533 0
LI12 -57.5041 62.9132 35.7238 0
LJ1 -34.5503 17.2819 -26.9482 2
LJ2 -36.808 13.1227 -24.6962 2
LJ3 -39.4897 9.64912 -23.3451 2
LJ4 -42.1913 5.99767 -21.0101 2
LJ5 -44.9281 1.87493 -18.7611 2
LJ6 -47.6098 -1.59865 -17.41 3
LJ7 -50.7904 -5.21374 -15.0781 2
LJ8 -53.4721 -8.68733 -13.727 2
LJ9 -56.6682 -12.5959 -12.4649 2
LJ10 -59.7937 -15.5616 -11.031 2
LJ11 -63.0095 -19.6481 -8.78497 2
LJ12 -66.1704 -23.0853 -7.43694 1
LK1 -36.4334 8.88099 17.2336 2
LK2 -40.0578 5.77377 19.6483 3
LK3 -43.2187 2.33658 20.9964 3
LK4 -46.8233 -0.59282 22.4273 3
LK5 -50.4478 -3.70005 24.842 3
LK6 -54.0523 -6.62946 26.2729 3
LK7 -57.6767 -9.7367 28.6877 2
LK8 -60.8023 -12.7024 30.1216 2
LK9 -64.4267 -15.8097 32.5364 2
LK10 -68.0512 -18.9169 34.9512 0
LK11 -71.212 -22.354 36.2992 0
LK12 -74.8364 -25.4613 38.7139 0
LL1 -22.3691 -55.6901 -10.4171 3
LL2 -27.6389 -55.2898 -10.4506 3
LL3 -32.4649 -55.3973 -10.567 3
LL4 -37.7546 -55.1749 -9.61672 3
LL5 -42.5454 -54.811 -9.64722 2
LL6 -47.3912 -55.0964 -8.77978 2
LL7 -52.6611 -54.6962 -8.81333 2
LL8 -57.4872 -54.8037 -8.92975 0
LL9 -62.7768 -54.5812 -7.97944 0
LL10 -67.6028 -54.6887 -8.09585 0
LL11 -72.4134 -54.5027 -7.1425 0
LL12 -77.7186 -54.5738 -7.26196 0
LM1 -41.5812 46.0179 -17.8301 1
LM2 -42.3973 41.6337 -17.6225 2
LM3 -42.8247 36.0926 -16.5998 2
LM4 -43.1971 31.2006 -16.475 3
LM5 -43.5539 26.6024 -15.2805 3
LM6 -43.9461 21.5326 -14.1719 3
LM7 -44.3184 16.6407 -14.0472 3
LM8 -44.1962 12.006 -12.8496 3
LM9 -44.6236 6.46483 -11.827 3
LM10 -45.0156 1.39507 -10.7184 3
LM11 -44.9089 -3.5332 -10.5906 3
LM12 -45.2461 -7.95371 -10.3799 3
