LA1 -14.9344 4.2835 -7.41977 0
LA2 -18.1042 3.10175 -9.64549 0
LA3 -22.9612 3.52802 -9.38189 2
LA4 -27.8182 3.9543 -9.11828 2
LA5 -32.5622 4.39764 -6.79911 2
LA6 -36.8532 5.02657 -5.47936 3
LA7 -41.5497 5.94339 -3.05075 3
LA8 -45.7932 7.0458 -1.62156 2
LA9 -50.5372 7.48914 0.697615 2
LA10 -55.3139 8.16069 2.04373 1
LA11 -60.0907 8.83224 3.38984 0
LA12 -64.8674 9.50379 4.73595 0
LB1 -28.0375 -15.5479 27.4228 3
LB2 -32.7118 -17.0753 25.1667 3
LB3 -36.853 -18.1718 22.9937 3
LB4 -41.0089 -19.97 21.6843 3
LB5 -45.7307 -21.9708 19.3187 2
LB6 -49.3862 -23.1099 17.1194 2
LB7 -54.0606 -24.6373 14.8633 3
LB8 -58.2017 -25.7338 12.6903 2
LC1 -38.1693 -44.949 23.9519 3
LC2 -43.0886 -45.6979 24.9697 3
LC3 -47.9603 -45.9733 26.0969 2
LC4 -52.832 -46.2487 27.2241 2
LC5 -57.7038 -46.5241 28.3514 1
LC6 -62.5755 -46.7996 29.4786 0
LC7 -66.9288 -47.3458 31.5525 0
LC8 -71.8005 -47.6212 32.6797 0
RA1 15.8467 6.52046 4.40004 1
RA2 20.689 5.3925 5.00005 2
RA3 25.5461 4.96622 4.73644 2
RA4 30.3556 4.06647 4.36339 3
RA5 35.2126 3.64019 4.09979 2
RA6 40.0549 2.51223 4.6998 2
RA7 44.9119 2.08596 4.43619 2
RA8 49.7543 0.957993 5.0362 2
RA9 55.097 0.489091 4.74623 1
RA10 59.5011 -0.122762 5.48205 0
RA11 64.8438 -0.591664 5.19208 0
RA12 69.7811 -0.772663 6.01098 0
RB1 22.6647 -1.99963 -0.910881 2
RB2 26.9263 -4.03193 -0.503395 2
RB3 31.7064 -6.33506 0.850791 3
RB4 35.9681 -8.36736 1.25828 3
RB5 40.2297 -10.3997 1.66576 2
RB6 44.5241 -12.6602 3.04631 2
RB7 49.2714 -14.7351 3.42744 2
RB8 53.6133 -16.5221 4.91743 2
RB9 58.3606 -18.597 5.29855 2
RB10 62.6222 -20.6293 5.70604 0
RB11 66.9166 -22.8898 7.08658 0
RB12 71.1782 -24.9221 7.49407 0
RC1 24.8285 -21.8366 7.72389 2
RC2 29.0426 -24.3424 8.02193 2
RC3 33.1765 -27.0934 7.23747 3
RC4 37.3906 -29.5992 7.53552 3
RC5 41.6047 -32.105 7.83356 3
RC6 45.8188 -34.6108 8.1316 3
RC7 49.9855 -37.59 8.3202 2
RC8 54.6378 -40.6119 8.48244 2
RD1 28.6077 -18.4644 17.6366 3
RD2 33.6547 -16.9968 17.8107 3
RD3 38.2635 -15.013 18.1207 3
RD4 42.792 -13.2745 17.3482 3
RD5 47.3205 -11.536 16.5756 3
RD6 51.8818 -10.0257 16.7762 2
RD7 56.9435 -7.8564 16.0867 1
RD8 61.5523 -5.87264 16.3967 0
RE1 31.7688 -21.3648 35.3482 3
RE2 37.159 -21.3602 35.1677 2
RE3 41.9832 -21.5583 33.931 2
RE4 46.8877 -21.5111 33.7768 2
RE5 51.712 -21.7092 32.5402 2
RE6 56.6165 -21.662 32.386 1
RE7 61.4735 -22.0882 32.1224 0
RE8 66.7835 -22.3289 30.8594 0
RF1 23.6791 -23.4128 43.3619 3
RF2 28.0685 -24.7263 44.9614 3
RF3 32.5054 -25.5664 46.6702 2
RF4 36.9276 -27.1081 49.2427 2
RF5 41.3644 -27.9482 50.9516 2
RF6 45.8013 -28.7882 52.6605 2
RF7 50.1907 -30.1018 54.2599 2
RG1 28.364 -3.46452 16.0242 2
RG2 31.9319 -6.41823 14.1836 2
RG3 36.0329 -8.94108 12.4261 2
RG4 39.6958 -10.9478 10.8044 3
RG5 43.7494 -13.9441 8.93739 3
RG6 47.3975 -16.6526 8.1793 3
RG7 51.4986 -19.1754 6.42178 3
RG8 55.5996 -21.6983 4.66426 2
RH1 14.8895 -9.01482 48.0624 3
RH2 19.9365 -7.54717 48.2366 3
RH3 24.4978 -6.03689 48.4371 3
RH4 29.0263 -4.2984 47.6645 2
RH5 33.6351 -2.31464 47.9745 2
RH6 38.1636 -0.57615 47.202 2
RH7 42.7724 1.40761 47.5119 2
RH8 47.3337 2.91789 47.7125 2
RI1 19.7606 -8.85671 56.1568 2
RI2 21.1775 -5.61052 58.9258 2
RI3 23.1129 -2.63517 62.6414 2
RI4 24.5773 1.0845 65.5198 2
RI5 26.4799 4.28806 68.2624 2
RI6 27.9444 8.00773 71.1408 2
RI7 29.4088 11.7274 74.0192 1
RI8 31.4392 15.6497 77.9537 0
RJ1 28.518 -15.9157 48.0402 2
RJ2 30.7197 -16.2803 53.0189 3
RJ3 32.4029 -16.374 57.051 3
RJ4 34.6046 -16.7386 62.0297 3
RJ5 36.7736 -16.875 66.0354 2
RJ6 38.4896 -17.1969 71.0405 2
RJ7 40.0925 -17.536 73.9901 1
RJ8 41.8085 -17.8579 78.9952 0
RK1 37.9925 -10.2761 32.6007 1
RK2 42.7839 -10.2459 30.3909 2
RK3 47.6557 -9.97053 29.2637 2
RK4 52.4799 -10.1686 28.027 2
RK5 57.3041 -10.3667 26.7904 1
RK6 62.0809 -11.0382 25.4443 0
RK7 66.9051 -11.2363 24.2076 0
RK8 71.7294 -11.4344 22.9709 0
RL1 27.4269 -19.5778 33.8582 3
RL2 31.0456 -23.6896 34.8273 3
RL3 34.2736 -26.8118 36.0417 3
RL4 37.907 -30.2219 36.1472 3
RL5 41.6207 -33.3868 37.3353 3
RL6 44.8013 -36.9825 38.4402 3
RL7 48.4822 -39.9191 38.6552 2
RL8 52.6341 -43.6001 39.7074 1
RM1 39.6584 -16.316 18.7958 3
RM2 43.3721 -19.4809 19.9838 2
RM3 46.5526 -23.0766 21.0888 2
RM4 50.2188 -26.7149 22.1673 2
RM5 52.8661 -30.7415 23.1892 3
RM6 56.0466 -34.3372 24.2941 2
RM7 58.7415 -37.8902 25.4254 1
RM8 61.922 -41.4859 26.5304 0
