LA1 -16.9258 23.562 12.4985 3
LA2 -19.3325 23.2213 17.6069 3
LA3 -20.9575 23.6762 21.8505 3
LA4 -22.3987 23.3709 26.7173 3
LA5 -23.9683 23.3169 31.9285 3
LA6 -25.538 23.2629 37.1397 3
LA7 -27.1076 23.2089 42.351 3
LA8 -28.5488 22.9035 47.2177 3
LA9 -30.1738 23.3584 51.4613 3
LA10 -31.325 23.4477 56.724 3
LA11 -32.3477 23.2857 61.6422 3
LA12 -33.9174 23.2317 66.8534 2
LB1 -18.0888 -2.70439 6.47451 2
LB2 -23.188 -2.50921 5.007 2
LB3 -27.8687 -2.1707 3.59091 2
LB4 -32.3656 -2.5924 2.79797 3
LB5 -37.1747 -2.00256 1.72634 2
LB6 -42.2739 -1.80739 0.258826 2
LB7 -47.0829 -1.21755 -0.812806 2
LB8 -51.8919 -0.627728 -1.88444 2
LB9 -56.7011 -0.0378992 -2.95607 1
LB10 -61.3817 0.300605 -4.37216 0
LB11 -66.1908 0.890433 -5.44379 0
LB12 -71.4183 1.33693 -6.56685 0
LC1 -22.165 -11.804 11.0185 2
LC2 -26.7682 -13.3805 10.4529 2
LC3 -31.5552 -14.1969 9.26406 2
LC4 -36.2137 -15.2645 7.73078 3
LC5 -40.8723 -16.3321 6.1975 3
LC6 -45.4755 -17.9087 5.63184 3
LC7 -50.6809 -18.8684 4.3916 2
LC8 -55.5962 -19.4333 3.54724 2
LC9 -60.1994 -21.0099 2.98158 2
LC10 -64.9864 -21.8262 1.79276 1
LC11 -69.718 -23.1515 1.57156 0
LC12 -74.505 -23.9678 0.382746 0
LD1 -25.7054 -23.3151 14.0675 2
LD2 -30.8555 -24.7836 13.7949 2
LD3 -35.5871 -26.1088 13.5737 3
LD4 -40.3186 -27.434 13.3525 3
LD5 -44.8665 -29.5194 13.7545 3
LD6 -49.1796 -30.7013 13.5847 3
LD7 -54.458 -31.9185 13.6565 3
LD8 -59.0058 -34.0039 14.0585 2
LD9 -63.4473 -34.9344 14.2332 2
LD10 -68.5974 -36.403 13.9605 1
LD11 -73.2736 -38.2371 14.707 0
LD12 -78.0052 -39.5622 14.4858 0
LE1 -33.9467 -16.9759 1.76487 2
LE2 -37.8257 -17.8837 5.01102 2
LE3 -41.2863 -18.6481 8.30859 3
LE4 -45.2937 -19.3045 11.8992 3
LE5 -48.7542 -20.0689 15.1968 3
LE6 -52.6333 -20.9765 18.4429 3
LE7 -56.2223 -21.4896 22.0849 3
LE8 -60.1013 -22.3973 25.3311 3
LE9 -63.6903 -22.9104 28.9731 2
LE10 -67.6977 -23.5668 32.5637 1
LE11 -71.7605 -23.7143 35.1867 0
LE12 -75.3494 -24.2273 38.8287 0
LF1 -35.3028 -0.124846 27.536 3
LF2 -39.5651 0.356981 26.1713 2
LF3 -44.1395 1.85032 24.5279 1
LF4 -48.8201 2.18883 23.1118 3
LF5 -53.2661 3.43086 21.124 2
LF6 -57.9468 3.76936 19.7079 2
LF7 -62.6275 4.10787 18.2918 1
LF8 -67.3081 4.44637 16.8757 0
RA1 5.26835 19.2627 13.5461 2
RA2 6.75642 19.9607 18.7729 1
RA3 8.37289 20.4072 23.6552 3
RA4 9.44249 20.9619 28.8305 2
RA5 11.059 21.4085 33.7127 2
RA6 12.6755 21.855 38.595 3
RA7 14.2919 22.3017 43.4773 3
RA8 16.0921 21.988 48.9827 3
RA9 17.837 22.1833 53.5205 3
RA10 19.4535 22.6299 58.4028 2
RA11 20.6515 22.9331 63.2336 2
RA12 22.268 23.3798 68.1159 2
RB1 -4.37079 26.9873 43.4642 2
RB2 0.728359 26.7921 44.9317 2
RB3 5.53743 26.2022 46.0034 3
RB4 10.6365 26.0071 47.4709 3
RB5 15.4457 25.4173 48.5425 3
RB6 19.9425 25.839 49.3354 3
RB7 25.1701 25.3925 50.4585 3
RB8 29.8508 25.0539 51.8746 2
RB9 34.95 24.8587 53.3421 1
RB10 39.5752 25.0291 53.7906 2
RB11 44.2559 24.6906 55.2067 1
RB12 48.9366 24.3521 56.6228 1
RC1 10.2875 2.30785 12.2439 2
RC2 15.4375 3.77638 12.5165 2
RC3 20.2975 4.85027 12.3933 2
RC4 25.0291 6.17549 12.6145 2
RC5 29.7607 7.50069 12.8357 3
RC6 34.4922 8.8259 13.0569 2
RC7 39.2238 10.1511 13.2781 2
RC8 43.9555 11.4763 13.4993 2
RC9 49.1055 12.9449 13.7719 2
RC10 53.837 14.2701 13.9931 1
RC11 58.5686 15.5952 14.2143 0
RC12 63.3003 16.9205 14.4355 0
RD1 15.4106 -4.67099 5.42889 2
RD2 20.7444 -3.96266 6.32467 2
RD3 25.5314 -3.14632 7.51349 1
RD4 30.3184 -2.32999 8.70231 3
RD5 34.9216 -0.753456 9.26797 3
RD6 39.8369 -0.188443 10.1123 2
RD7 45.0423 0.771214 11.3526 2
RD8 49.6455 2.34775 11.9182 1
RD9 54.4325 3.16409 13.107 2
RD10 59.2194 3.98041 14.2959 0
RD11 63.8226 5.55695 14.8615 0
RD12 69.1565 6.26529 15.7573 0
RE1 34.1577 20.7003 1.96565 1
RE2 34.8817 15.3562 3.25629 2
RE3 35.4219 10.7721 3.92377 3
RE4 35.9621 6.18805 4.59125 3
RE5 36.6861 0.843809 5.88189 3
RE6 37.2263 -3.74023 6.54937 3
RE7 37.6381 -8.07296 7.56131 3
RE8 37.9436 -13.5605 8.80053 2
RE9 38.4838 -18.1445 9.46801 3
RE10 38.8956 -22.4773 10.48 3
RE11 39.0174 -27.2046 11.096 3
RE12 39.5576 -31.7887 11.7635 3
RF1 27.7065 2.06506 29.2768 3
RF2 32.8786 2.12743 29.4322 2
RF3 37.577 2.55536 28.5686 2
RF4 42.5653 3.37791 28.1009 3
RF5 47.1353 4.05716 27.5818 2
RF6 52.179 4.37086 28.0817 2
RF7 57.2959 4.94209 27.2695 1
RF8 62.2842 5.76466 26.8018 0
RG1 20.7621 -18.666 12.4535 2
RG2 25.3875 -18.4957 12.902 2
RG3 30.5596 -18.4333 13.0575 2
RG4 35.7317 -18.371 13.2129 3
RG5 40.5918 -17.2971 13.0896 3
RG6 45.3455 -17.3781 13.1936 3
RG7 50.5176 -17.3157 13.3491 3
RG8 55.2713 -17.3966 13.4531 2
RG9 60.2598 -16.574 12.9854 1
RG10 65.0135 -16.655 13.0894 0
RG11 70.6041 -16.4493 13.2962 0
RG12 75.2294 -16.279 13.7447 0
