AST1 -27.2957 21.8056 -18.9806 -1.0
AST2 -33.2244 25.2138 -26.9336 -1.0
AST3 -41.0695 27.0142 -25.9031 -1.0
AST4 -47.914 27.7838 -18.8856 -1.0
DA1 -25.2876 19.6717 -1.00724 -1.0
DA2 -29.1844 19.1134 -1.00956 -1.0
DA3 -34.5623 19.4932 0.00112598 -1.0
DA4 -39.4344 18.9054 0.999618 -1.0
DH1 -36.9047 14.0555 1.93856 -1.0
DH2 -40.8378 15.4619 0.959816 -1.0
DH3 -45.2677 17.3478 -0.0126101 -1.0
DH4 -49.6977 19.2336 -0.985036 -1.0
Grid1 -38.0465 -27.3986 76.4472 -1.0
Grid2 -40.1569 -18.6467 76.5547 -1.0
Grid3 -40.3484 -7.91901 77.6839 -1.0
Grid4 -41.9793 1.32988 77.7969 -1.0
Grid5 -41.6772 11.6142 75.92 -1.0
Grid6 -38.9014 20.0137 72.0175 -1.0
Grid7 -36.6137 28.4044 68.1155 -1.0
Grid8 -34.3523 38.2596 64.2311 -1.0
Grid9 -44.8705 -28.4255 70.4421 -1.0
Grid10 -46.9886 -19.1974 71.5554 -1.0
Grid11 -48.6283 -9.46036 71.6743 -1.0
Grid12 -49.2927 0.306241 70.7923 -1.0
Grid13 -48.9819 10.1024 68.9095 -1.0
Grid14 -46.2235 19.4782 65.0188 -1.0
Grid15 -43.4553 28.3538 62.1221 -1.0
Grid16 -42.1539 37.2272 57.2269 -1.0
Grid17 -47.0426 -43.9705 60.257 -1.0
Grid18 -49.6489 -34.7512 61.3708 -1.0
Grid19 -53.2304 -25.5614 63.4854 -1.0
Grid20 -53.8937 -15.8068 63.6033 -1.0
Grid21 -55.0441 -6.07297 64.7217 -1.0
Grid22 -53.7721 4.69299 64.8496 -1.0
Grid23 -51.4909 13.5478 62.9533 -1.0
Grid24 -47.257 22.4377 61.0552 -1.0
Grid25 -53.8689 -44.9734 52.252 -1.0
Grid26 -56.0045 -34.7689 53.3771 -1.0
Grid27 -57.6431 -25.0439 54.4959 -1.0
Grid28 -58.3053 -15.3013 55.6138 -1.0
Grid29 -59.4633 -5.09138 57.7379 -1.0
Grid30 -59.6155 3.24352 54.8381 -1.0
Grid31 -56.88 14.0478 53.9647 -1.0
Grid32 -54.1194 23.3996 52.0739 -1.0
Grid33 -58.9472 -34.6773 41.3806 -1.0
Grid34 -61.0619 -25.4853 45.4938 -1.0
Grid35 -64.1772 -15.2623 43.62 -1.0
Grid36 -63.3584 -6.45774 43.7249 -1.0
Grid37 -61.5982 4.31699 43.8524 -1.0
Grid38 -60.7794 13.1215 43.9573 -1.0
Grid39 -56.0725 22.9725 44.0704 -1.0
Grid40 -51.8625 33.3028 44.1898 -1.0
Grid41 -61.3698 -36.1015 34.3657 -1.0
Grid42 -64.0046 -25.3936 33.4973 -1.0
Grid43 -65.1824 -14.1833 33.6334 -1.0
Grid44 -64.8571 -4.93541 36.7444 -1.0
Grid45 -62.114 5.39271 34.8652 -1.0
Grid46 -60.8257 15.1944 33.9815 -1.0
Grid47 -57.5537 23.5185 37.0781 -1.0
Grid48 -55.7706 32.8648 34.1882 -1.0
Grid49 -64.4668 -27.2589 25.4748 -1.0
Grid50 -66.6144 -16.5303 23.606 -1.0
Grid51 -65.8098 -6.78544 26.7225 -1.0
Grid52 -65.4891 2.51052 25.8337 -1.0
Grid53 -61.7585 12.344 25.9477 -1.0
Grid54 -60.4724 22.1696 23.0641 -1.0
Grid55 -56.7671 33.4556 24.1957 -1.0
Grid56 -52.4662 38.8682 27.2561 -1.0
Grid57 -65.959 -26.2007 16.4886 -1.0
Grid58 -66.1166 -17.4137 16.5944 -1.0
Grid59 -66.781 -7.64711 15.7124 -1.0
Grid60 -65.9732 1.66962 13.8233 -1.0
Grid61 -61.7983 13.9527 13.9662 -1.0
Grid62 -59.0431 23.7566 15.081 -1.0
Grid63 -55.7547 31.1164 17.1659 -1.0
Grid64 -52.9865 39.992 14.2692 -1.0
IPI1 -9.58312 -37.1495 36.295 -1.0
IPI2 -9.49419 -41.6511 45.2415 -1.0
IPI3 -8.92582 -45.6559 54.1934 -1.0
IPI4 -11.303 -48.7489 64.1596 -1.0
IPI5 -17.6517 -48.4467 70.1708 -1.0
IPI6 -26.5071 -44.7231 72.2257 -1.0
MPI1 -7.61455 -37.2827 50.2922 -1.0
MPI2 -7.47647 -44.6773 56.2037 -1.0
MPI3 -9.80454 -50.6632 63.1349 -1.0
MPI4 -17.5576 -53.7925 68.1063 -1.0
MPI5 -27.3491 -52.4912 67.1329 -1.0
MPI6 -37.1679 -49.7134 65.1772 -1.0
MST1 -31.4201 7.00964 -13.1534 -1.0
MST2 -41.1688 5.88211 -15.1561 -1.0
MST3 -50.9318 5.69486 -14.1473 -1.0
MST4 -59.2781 8.41484 -9.10485 -1.0
OI1 -24.0011 -78.2229 18.8164 -1.0
OI2 -32.3333 -76.4432 20.8473 -1.0
OI3 -40.2451 -70.7734 24.9247 -1.0
OI4 -47.1903 -64.586 28.007 -1.0
OI5 -53.1767 -57.4046 31.1003 -1.0
OI6 -58.2042 -49.2295 34.2044 -1.0
PF1 -48.9802 61.5742 12.5239 -1.0
PF2 -48.3364 53.2121 18.4231 -1.0
PF3 -50.1457 45.3303 21.3307 -1.0
PF4 -53.3988 36.4098 27.2276 -1.0
PST1 -41.6985 -18.6399 -7.44961 -1.0
PST2 -51.4122 -21.7201 -9.47584 -1.0
PST3 -60.2216 -20.4614 -5.45051 -1.0
PST4 -65.1384 -18.2043 2.58273 -1.0
RPT1 26.1002 -66.6769 26.8994 -1.0
RPT2 33.3071 -60.1753 24.9693 -1.0
RPT3 38.524 -51.732 21.0646 -1.0
RPT4 42.7656 -43.3182 18.1607 -1.0
RPT5 47.4965 -34.9077 16.2563 -1.0
RPT6 50.7541 -26.0354 14.3591 -1.0
SPI1 -1.24147 42.941 49.249 -1.0
SPI2 -2.22413 43.7796 59.2609 -1.0
SPI3 -4.70643 46.5446 69.2977 -1.0
SPI4 -10.5493 45.8792 75.2967 -1.0
SPI5 -19.2571 41.316 76.2517 -1.0
SPI6 -27.0104 37.7947 73.2179 -1.0
