LF1 -23.1965 -19.2876 -1.4711 1
LF2 -21.8337 -19.832 3.65183 2
LF3 -20.7443 -19.8282 7.84566 3
LF4 -19.8347 -20.4456 12.8021 2
LF5 -18.6312 -20.6145 18.1935 2
LF6 -17.7216 -21.232 23.1499 3
LF7 -16.6322 -21.2281 27.3438 3
LF8 -15.2694 -21.7725 32.4667 3
LF9 -14.18 -21.7686 36.6605 3
LF10 -12.8172 -22.313 41.7835 3
LF11 -12.0669 -22.5549 47.0084 3
LF12 -10.7041 -23.0993 52.1313 2
LG1 4.99025 54.1951 27.0171 1
LG2 3.7968 50.6399 30.3955 2
LG3 2.76254 46.7092 33.5054 2
LG4 1.27511 42.7053 36.4488 2
LG5 -0.0324333 39.3227 38.6296 3
LG6 -0.907513 35.0165 41.4711 3
LG7 -1.78259 30.7101 44.3126 3
LG8 -2.31859 26.6496 46.1231 3
LG9 -3.19367 22.3432 48.9646 3
LG10 -3.88886 18.6582 51.0434 2
LG11 -4.60476 13.9764 53.6165 2
LG12 -5.47984 9.67005 56.458 1
LD1 -6.57288 -56.8816 -21.621 2
LD2 -10.7379 -59.3304 -20.6648 2
LD3 -14.9481 -61.5764 -18.2427 2
LD4 -18.5251 -63.1279 -16.4167 3
LD5 -22.462 -65.9221 -13.0655 3
LD6 -25.925 -67.6462 -10.042 2
LD7 -29.2287 -69.7459 -7.28695 3
LD8 -32.6917 -71.4701 -4.26348 3
LE1 -20.6991 -10.1533 -6.55277 3
LE2 -20.0872 -9.02278 -1.55371 3
LE3 -19.496 -8.88915 3.93957 2
LE4 -19.1781 -8.20734 8.50376 3
LE5 -18.8602 -7.52551 13.068 3
LE6 -18.269 -7.39189 18.5612 3
LE7 -17.9511 -6.71007 23.1254 2
LE8 -17.8131 -6.64956 28.4523 3
LE9 -17.2012 -5.51907 33.4513 3
LE10 -16.8833 -4.83725 38.0155 2
LE11 -16.5653 -4.15543 42.5797 1
LE12 -16.5865 -3.71937 48.1749 3
LB1 -4.66057 -9.07509 -16.3149 2
LB2 -8.18888 -13.0261 -16.4323 2
LB3 -11.5373 -16.3558 -17.3123 3
LB4 -15.0656 -20.3069 -17.4297 2
LB5 -17.9609 -23.5636 -18.1433 2
LB6 -21.33 -27.8901 -18.5291 1
LB7 -24.2253 -31.1468 -19.2427 1
LB8 -27.4145 -34.852 -20.3911 1
LB9 -30.7836 -39.1786 -20.7769 1
LB10 -33.9729 -42.8839 -21.9254 3
LB11 -37.1621 -46.5892 -23.0738 2
LB12 -40.3513 -50.2945 -24.2222 2
LC1 -7.45057 -32.8348 -14.0386 3
LC2 -10.6398 -36.54 -15.187 2
LC3 -13.9882 -39.8697 -16.067 1
LC4 -17.6306 -43.6481 -17.3819 2
LC5 -20.9791 -46.9779 -18.262 2
LC6 -23.9884 -50.0618 -20.1731 2
LC7 -27.1777 -53.7672 -21.3215 3
LC8 -30.5261 -57.0969 -22.2015 1
LC9 -33.7153 -60.8021 -23.35 2
LC10 -37.3577 -64.5805 -24.6649 3
LC11 -40.7061 -67.9103 -25.5449 1
LC12 -43.8747 -70.6187 -27.1876 0
LA1 -0.402587 -6.36283 -10.4784 1
LA2 -5.00009 -7.88793 -10.1828 2
LA3 -10.0508 -9.48615 -10.0537 2
LA4 -14.6483 -11.0113 -9.7582 2
LA5 -19.0659 -11.915 -10.2253 3
LA6 -24.1166 -13.5133 -10.0962 3
LA7 -29.1673 -15.1114 -9.96714 2
LA8 -33.7648 -16.6366 -9.6716 3
LA9 -38.1824 -17.5403 -10.1387 3
LA10 -43.2331 -19.1386 -10.0096 3
LA11 -47.8306 -20.6637 -9.71407 0
LA12 -53.0404 -21.8863 -9.31658 0
LL1 10.8086 -60.8216 17.2951 2
LL2 5.77865 -61.423 16.93 2
LL3 0.589498 -61.6488 16.8332 3
LL4 -4.14649 -61.8015 16.9029 3
LL5 -8.88247 -61.9541 16.9727 3
LL6 -13.7776 -61.7312 17.3108 3
LL7 -19.126 -61.5815 17.4825 3
LL8 -23.5887 -62.2824 18.4813 3
LL9 -28.6186 -62.8838 18.1161 3
LL10 -33.5345 -63.6578 18.9485 3
LL11 -38.7237 -63.8836 18.8517 3
LL12 -43.4596 -64.0363 18.9215 1
LJ1 12.8803 25.5096 23.8659 1
LJ2 8.14434 25.3569 23.9356 2
LJ3 3.11438 24.7556 23.5705 1
LJ4 -1.44171 25.2242 22.8775 2
LJ5 -6.63087 24.9983 22.7808 3
LJ6 -11.6401 25.3938 21.9214 3
LJ7 -17.5764 24.6463 21.2234 3
LJ8 -21.6794 25.188 20.6969 3
LJ9 -25.6231 25.3542 19.902 3
LJ10 -31.2654 25.0552 19.6388 2
LJ11 -36.4339 25.8264 19.0479 1
LJ12 -41.623 25.6005 18.9511 0
LK1 10.8732 -26.7065 45.1035 1
LK2 5.61506 -26.9626 42.3434 2
LK3 1.71641 -26.9993 40.0826 3
LK4 -3.42766 -27.4279 38.5199 3
LK5 -7.77948 -27.5378 36.0927 3
LK6 -12.3112 -28.269 34.4281 3
LK7 -16.8429 -29.0001 32.7635 3
LK8 -22.2603 -28.8806 30.2718 3
LK9 -25.8856 -29.4656 28.9401 3
LK10 -30.5765 -29.8211 27.5439 2
LK11 -35.3815 -30.004 24.9502 3
LK12 -40.0724 -30.3596 23.554 2
LH1 1.96873 12.3999 -5.12316 1
LH2 -0.59157 13.0186 -1.28932 2
LH3 -2.4047 14.1591 3.14584 2
LH4 -4.07937 13.9271 7.80683 3
LH5 -5.00687 14.2169 13.0691 3
LH6 -6.22836 14.0581 17.8966 3
LH7 -6.8375 13.5968 22.6221 3
LH8 -7.60582 13.5112 27.616 3
LH9 -8.66813 12.9767 32.175 3
LH10 -9.88962 12.8179 37.0025 3
LH11 -11.291 12.0377 42.5926 3
LH12 -12.1734 12.1247 46.389 3
LI1 7.87248 30.8731 48.0341 2
LI2 3.32006 29.1451 46.8637 3
LI3 -1.07318 27.0415 45.4249 3
LI4 -5.80549 24.6922 45.0172 3
LI5 -9.74556 22.6617 43.7449 2
LI6 -14.298 20.9338 42.5745 3
LI7 -18.4179 18.282 42.0648 3
LI8 -22.8112 16.1785 40.6261 2
LI9 -26.7512 14.148 39.3537 3
LI10 -31.3244 11.4231 38.6776 2
LI11 -35.7176 9.31963 37.2388 3
LI12 -39.8169 7.66474 36.2349 1
RE1 41.3738 -11.2584 -4.61246 3
RE2 41.2178 -11.6466 0.279494 3
RE3 41.0618 -12.0347 5.17145 2
RE4 40.9059 -12.4229 10.0634 3
RE5 40.5907 -12.4354 15.2238 3
RE6 40.4347 -12.8236 20.1157 3
RE7 39.8256 -13.2849 24.8412 3
RE8 38.8774 -13.9919 30.5978 3
RE9 38.9013 -13.7587 34.7271 3
RE10 38.1123 -14.8413 40.2152 3
RE11 37.7972 -14.8539 45.3756 3
RE12 37.6412 -15.2421 50.2676 2
RB1 23.6591 -17.5365 -15.2169 1
RB2 29.1873 -17.0649 -16.1512 3
RB3 34.5357 -17.2147 -16.3229 2
RB4 39.2716 -17.0619 -16.3926 3
RB5 44.0076 -16.9093 -16.4624 2
RB6 49.1968 -16.6834 -16.3656 3
RB7 53.9328 -16.5308 -16.4353 2
RB8 58.6687 -16.3781 -16.505 2
RB9 63.8579 -16.1523 -16.4083 2
RB10 69.047 -15.9264 -16.3116 1
RB11 73.9422 -16.1493 -16.6497 0
RB12 79.2905 -16.2991 -16.8214 0
