LA1 -22.492 11.5122 12.1477 2
LA2 -27.1898 10.1063 12.6171 3
LA3 -32.0491 8.0716 13.8471 3
LA4 -36.2654 6.59913 14.3637 3
LA5 -40.9422 5.56702 15.1466 3
LA6 -45.6189 4.53491 15.9295 2
LA7 -50.4572 2.87395 17.473 2
LA8 -55.134 1.84184 18.2559 2
LA9 -59.8108 0.809763 19.0388 1
LA10 -64.4875 -0.222412 19.8217 0
LA11 -69.3258 -1.88331 21.3652 0
LA12 -74.0026 -2.91548 22.1481 0
LB1 -26.7421 3.39841 13.74 2
LB2 -31.1619 0.549581 14.3902 3
LB3 -35.4201 -1.67041 14.2798 3
LB4 -40.1598 -3.82387 14.1223 3
LB5 -44.3971 -5.67012 14.3254 3
LB6 -48.8169 -8.51893 14.9756 3
LB7 -53.0752 -10.7389 14.8652 2
LB8 -57.4741 -13.2141 15.8289 2
LB9 -61.8729 -15.6892 16.7926 2
LB10 -66.1102 -17.5354 16.9957 0
LB11 -70.3475 -19.3816 17.1988 0
LB12 -75.2277 -21.7901 18.1153 0
LC1 -28.7834 -14.2716 19.7336 2
LC2 -32.9043 -18.1897 20.878 3
LC3 -36.2207 -20.9167 20.5485 3
LC4 -39.6988 -24.2725 20.9796 3
LC5 -43.7986 -27.8168 22.4376 3
LC6 -47.5755 -30.1034 22.3744 3
LC7 -51.9953 -32.9522 23.0246 2
LC8 -55.9338 -35.8677 23.722 2
LD1 -34.571 -27.9952 18.9908 3
LD2 -39.1848 -27.906 20.7142 3
LD3 -43.7986 -27.8168 22.4376 3
LD4 -48.0927 -28.423 24.9687 3
LD5 -52.7065 -28.3338 26.6921 2
LD6 -56.839 -28.3112 28.4627 2
LD7 -61.5723 -28.1034 31.5736 1
LD8 -66.1863 -28.0142 33.297 0
LE1 -18.0988 -33.0255 45.9415 3
LE2 -23.5978 -33.6694 45.556 3
LE3 -28.6154 -34.3797 45.2177 3
LE4 -33.1306 -34.783 45.24 3
LE5 -37.9867 -34.8646 44.1411 3
LE6 -43.0043 -35.5751 43.8028 3
LE7 -48.0009 -35.9117 43.7779 2
LE8 -52.9975 -36.2484 43.7531 2
LE9 -58.0151 -36.9588 43.4148 1
LE10 -63.0118 -37.2955 43.3899 0
LE11 -67.8468 -37.0033 42.6045 0
LE12 -72.383 -37.7804 42.3134 0
LF1 -29.3488 9.88141 34.3244 2
LF2 -29.4087 9.16827 38.9813 2
LF3 -29.4477 8.82889 43.9517 3
LF4 -29.1667 7.79407 49.7298 3
LF5 -29.0441 8.08354 53.9396 3
LF6 -29.0831 7.74416 58.91 3
LF7 -29.122 7.40477 63.8804 2
LF8 -29.1608 7.0654 68.8508 3
LG1 -9.62896 32.767 57.4351 3
LG2 -14.3802 34.5542 57.9036 3
LG3 -19.1524 35.9677 58.0587 3
LG4 -24.086 36.7523 58.9744 2
LG5 -28.8792 37.7921 58.8159 3
LG6 -33.6514 39.2055 58.971 2
LG7 -38.4236 40.619 59.1261 1
LG8 -43.1747 42.4062 59.5946 0
LH1 -12.1223 35.8317 26.569 3
LH2 -12.9206 37.0019 31.3115 3
LH3 -13.9014 37.1694 36.501 3
LH4 -15.181 38.4062 41.1962 3
LH5 -15.6805 38.5072 46.4329 3
LH6 -16.9811 39.3703 50.8146 3
LH7 -17.8003 40.1666 55.2436 3
LH8 -19.4031 40.1457 61.4599 3
RA1 18.6042 4.493 12.4433 2
RA2 22.231 2.21009 12.641 2
RA3 26.3183 -0.513179 12.5723 2
RA4 30.4055 -3.23641 12.5036 2
RA5 35.1148 -5.77127 11.4081 3
RA6 39.202 -8.49449 11.3394 2
RA7 43.2893 -11.2177 11.2707 2
RA8 47.5381 -13.3121 10.4414 2
RB1 23.0376 -4.85389 9.60129 3
RB2 25.9795 -8.44663 9.8853 2
RB3 29.2413 -12.7347 10.9771 2
RB4 32.1623 -16.7012 10.9476 2
RB5 35.1041 -20.2939 11.2316 3
RB6 38.5275 -23.9532 11.5628 2
RB7 41.4484 -27.9196 11.5333 2
RB8 44.8718 -31.5789 11.8645 3
RB9 48.2951 -35.2381 12.1957 2
RB10 51.7184 -38.8975 12.5269 2
RB11 55.1208 -42.9305 12.5446 1
RB12 58.0837 -46.1495 13.1421 0
