LA1 -16.3673 18.3173 -11.5041 2
LA2 -21.2285 18.5433 -11.1034 2
LA3 -26.6537 19.0326 -11.7463 2
LA4 -31.1069 19.4767 -12.4693 3
LA5 -36.0888 19.5618 -13.4539 3
LA6 -41.028 20.0286 -14.1369 3
LA7 -45.9317 19.873 -14.0379 3
LA8 -50.8283 20.7212 -14.4191 2
LB1 -19.4332 19.9382 -13.9113 2
LB2 -24.344 18.7788 -13.332 2
LB3 -28.7332 16.9745 -12.0108 2
LB4 -33.6865 15.4335 -11.7332 3
LB5 -38.1112 14.2515 -11.194 3
LB6 -43.0645 12.7105 -10.9164 3
LB7 -47.9753 11.5511 -10.3371 3
LB8 -52.8505 9.76931 -8.97582 3
LB9 -57.2752 8.58729 -8.43659 2
LB10 -62.1859 7.42785 -7.85729 2
LB11 -67.0541 6.64996 -6.97628 2
LB12 -71.4361 5.84948 -6.13536 0
LC1 -23.9079 -1.72921 -14.3264 3
LC2 -28.4248 -4.67818 -13.9103 3
LC3 -32.4912 -7.02746 -14.3163 2
LC4 -36.5647 -10.3806 -14.242 3
LC5 -40.5884 -12.3483 -14.3462 3
LC6 -45.1835 -15.0565 -15.0138 2
LC7 -49.7004 -18.0055 -14.5977 3
LC8 -53.7668 -20.3547 -15.0036 2
LC9 -58.3193 -22.6814 -15.3695 2
LC10 -62.3856 -25.0307 -15.7755 1
LC11 -66.8599 -27.5982 -15.0577 0
LC12 -71.455 -30.3064 -15.7253 0
LD1 -28.0506 25.2547 3.49929 3
LD2 -32.397 23.8319 5.1222 3
LD3 -36.6654 22.1684 7.82878 2
LD4 -40.9693 21.1271 9.75338 2
LD5 -44.7871 20.0633 11.6379 2
LD6 -49.0981 18.0182 14.0428 2
LD7 -53.4091 15.9731 16.4477 3
LD8 -57.713 14.9319 18.3723 2
LD9 -62.024 12.8868 20.7771 1
LD10 -65.8488 10.8192 23.142 0
LD11 -70.6389 9.80056 25.1066 0
LD12 -74.9498 7.75545 27.5115 0
LE1 -30.4991 -8.61275 4.79265 3
LE2 -35.3602 -8.3868 5.19338 2
LE3 -40.3421 -8.30163 4.20874 3
LE4 -45.2032 -8.07568 4.60947 3
LE5 -50.1068 -8.23127 4.7085 3
LE6 -55.0532 -8.7684 4.50583 2
LE7 -60.4429 -8.9014 4.64493 2
LE8 -65.3041 -8.67543 5.04567 2
LE9 -70.2503 -9.21256 4.843 0
LE10 -75.6402 -9.34557 4.9821 0
LE11 -80.5438 -9.50116 5.08113 0
LE12 -85.4476 -9.65674 5.18016 0
LF1 1.0785 46.3825 17.7103 1
LF2 -4.27573 45.6272 18.6314 3
LF3 -8.65779 44.8267 19.4723 3
LF4 -13.4834 44.4303 20.655 3
LF5 -18.3089 44.034 21.8377 3
LF6 -22.6484 43.6151 22.9803 3
LF7 -27.9601 43.2413 24.2031 2
LF8 -32.7856 42.845 25.3858 2
LF9 -37.6111 42.4486 26.5685 2
LF10 -41.9932 41.6482 27.4095 3
LF11 -46.8187 41.2519 28.5922 2
LF12 -52.0948 40.2559 30.5969 1
LH1 -35.0682 -4.54438 18.4685 2
LH2 -39.9008 -5.94455 20.1314 2
LH3 -44.7264 -6.3409 21.3141 2
LH4 -49.0658 -6.75983 22.4568 3
LH5 -53.8984 -8.16002 24.1197 3
LH6 -58.724 -8.55635 25.3025 2
LH7 -63.5495 -8.95269 26.4852 2
LH8 -64.4436 -9.14825 27.649 2
LH9 -68.8257 -9.94873 28.4899 0
LH10 -73.6157 -10.9674 30.4546 0
LH11 -77.9551 -11.3863 31.5972 0
LH12 -82.2661 -13.4314 34.0021 0
LJ1 -14.5384 65.6928 1.81685 2
LJ2 -15.8191 62.6491 5.84694 3
LJ3 -17.0572 59.9869 10.1787 3
LJ4 -18.3307 57.9471 13.7285 3
LJ5 -20.0975 54.9259 17.7987 3
LJ6 -21.3355 52.2638 22.1305 3
LJ7 -22.6091 50.2239 25.6803 3
LJ8 -23.8045 47.9433 30.3138 3
LJ9 -25.486 45.6853 34.9874 2
LJ10 -26.2735 43.6229 38.4971 2
LJ11 -27.5115 40.9607 42.8289 2
LJ12 -28.707 38.6801 47.4624 2
LK1 -30.3004 -33.4543 9.31213 3
LK2 -35.2822 -33.3692 8.32748 3
LK3 -40.3067 -33.6655 7.04115 2
LK4 -45.2956 -34.5842 6.53677 2
LK5 -50.2774 -34.499 5.55212 2
LK6 -55.2593 -34.4138 4.56749 2
LK7 -60.2411 -34.3287 3.58283 2
LK8 -65.1447 -34.4843 3.68186 0
LL1 -31.2534 -23.4654 -19.781 2
LL2 -35.1636 -26.2961 -18.0196 2
LL3 -39.0736 -29.1269 -16.2582 2
LL4 -42.4976 -31.9803 -14.5368 3
LL5 -45.9216 -34.8336 -12.8155 2
LL6 -49.3456 -37.687 -11.0942 2
LL7 -52.6914 -40.7811 -8.28918 2
LL8 -56.6015 -43.6119 -6.52779 1
LL9 -59.9828 -46.0837 -4.50476 0
LL10 -63.8503 -48.5329 -2.44166 0
LL11 -67.1535 -51.2455 0.66504 0
LL12 -70.0487 -53.7399 2.648 0
LO1 -45.5506 1.32659 6.99236 2
LO2 -49.0599 3.35165 4.92695 3
LO3 -53.0554 5.39931 2.90162 2
LO4 -53.0909 6.02161 2.11964 2
LO5 -57.129 7.68773 -0.207392 2
LO6 -61.1246 9.73539 -2.23272 2
LO7 -62.1323 10.4029 -2.93455 2
LO8 -65.1627 11.4015 -4.55976 1
LO9 -68.6364 12.8043 -5.84319 0
LO10 -70.6165 13.517 -6.46487 0
LO11 -73.6824 15.1378 -8.87206 0
LO12 -77.1987 16.1591 -10.4572 0
RG1 31.3164 -1.73086 18.9695 2
RG2 36.6565 -2.98325 19.0089 2
RG3 41.475 -3.59075 18.3065 1
RG4 45.8003 -5.17948 18.1244 2
RG5 50.6188 -5.78699 17.422 2
RG6 55.4302 -7.39835 17.1998 2
RG8 60.2842 -8.62815 17.2794 2
RG9 65.06 -9.61721 16.2752 1
RG10 69.9141 -10.847 16.3548 0
RG11 74.7326 -11.4545 15.6523 0
RG12 79.5866 -12.6843 15.7319 0
RH1 19.6618 7.75137 -8.76175 2
RH2 24.5159 6.52162 -8.68221 2
RH3 29.3698 5.29177 -8.60267 2
RH4 33.7804 4.46611 -8.18136 3
RH5 38.6344 3.23636 -8.10181 3
RH6 43.531 2.38806 -7.72058 3
RH7 48.4206 0.535949 -6.85907 3
RH8 53.3172 -0.312353 -6.47783 3
RH9 57.7277 -1.13802 -6.05652 3
RH10 62.6244 -1.98622 -5.67527 2
RH11 67.5565 -3.45677 -4.51205 0
RH12 72.4531 -4.30504 -4.13081 0
RI1 26.0328 7.5524 15.0878 2
RI2 30.8939 7.32645 14.6871 3
RI3 35.7621 8.10428 13.8061 2
RI4 40.6231 7.87833 13.4054 2
RI5 45.4842 7.65238 13.0046 2
RI6 50.3524 8.43021 12.1236 2
RI7 55.2561 8.5858 12.0246 2
RI8 60.1597 8.7414 11.9256 2
RI9 64.9854 9.13778 10.7429 1
RI10 69.889 9.29338 10.6438 0
RI11 74.7501 9.06742 10.2431 0
RI12 79.6183 9.84526 9.36209 0
RJ1 28.9426 0.771406 18.511 3
RJ2 33.1898 -0.57664 17.2452 2
RJ3 37.8804 -2.32877 15.6377 2
RJ4 42.085 -4.05831 14.0702 2
RJ5 46.3321 -5.40631 12.8045 2
RJ6 51.0654 -6.77693 11.4986 2
RJ7 55.7205 -7.90678 9.10911 3
RJ8 59.9677 -9.2548 7.84335 2
RJ9 64.7009 -10.6254 6.53751 2
RJ10 69.4271 -12.9998 5.71195 0
RJ11 73.6743 -14.3479 4.44618 0
RJ12 78.3649 -16.1 2.83864 0
RK1 27.1867 -24.3978 29.2526 3
RK2 32.0479 -24.6237 28.8519 3
RK3 36.9445 -25.472 29.2331 3
RK4 42.2917 -25.7205 28.7923 3
RK5 47.1527 -25.9465 28.3916 3
RK6 52.0138 -26.1725 27.9909 3
RK7 56.875 -26.3984 27.5901 2
RK8 61.736 -26.6244 27.1894 1
RK9 66.5545 -27.2319 26.487 0
RK10 71.9017 -27.4804 26.0462 0
RK11 76.7272 -27.0841 24.8635 0
RK12 81.5884 -27.3101 24.4627 0
