LA1 -18.1129 14.4345 -2.48834 1
LA2 -22.0378 11.3069 -1.96899 2
LA3 -26.4062 8.52978 -2.40819 3
LA4 -29.6085 4.66469 -2.24422 3
LA5 -33.3796 1.57188 -2.82649 3
LA6 -37.0535 -2.39882 -2.7317 3
LA7 -40.9502 -5.07019 -3.10171 3
LA8 -44.8751 -8.19797 -2.58237 2
LA9 -48.7718 -10.8693 -2.95239 2
LA10 -52.5712 -14.4186 -2.64532 2
LB1 -25.0537 3.43756 -3.85373 2
LB2 -28.1304 -0.848868 -3.90201 1
LB3 -31.7761 -4.36314 -4.69655 3
LB4 -34.9783 -8.22814 -4.53256 3
LB5 -37.5833 -12.409 -4.51166 3
LB6 -40.7573 -15.8176 -5.23702 3
LB7 -44.4312 -19.7882 -5.14221 3
LB8 -47.6333 -23.6532 -4.97822 3
LB9 -51.3073 -27.6239 -4.88342 3
LB10 -54.635 -31.0674 -4.50716 2
LC1 -20.6982 -9.97575 -2.72724 2
LC2 -23.1777 -14.5779 -2.91859 2
LC3 -25.3111 -18.6531 -2.82851 2
LC4 -27.4726 -23.1846 -1.84908 1
LC5 -29.9239 -27.3305 -2.9298 3
LC6 -32.5289 -31.5113 -2.90889 3
LC7 -35.6057 -35.7978 -2.95718 3
LC8 -38.6823 -40.0842 -3.00545 3
LC9 -41.2873 -44.265 -2.98454 2
LC10 -43.8924 -48.4458 -2.96365 2
LD1 -26.5882 8.03852 -0.417223 2
LD2 -25.9294 5.93403 8.64355 2
LD3 -24.9243 4.3567 17.9858 2
LD4 -24.4192 2.21744 28.1482 3
LD5 -22.9425 0.74569 37.5596 3
LD6 -21.9375 -0.831661 46.9018 3
LD7 -20.489 -2.75971 57.2025 3
LD8 -20.0812 -4.02121 66.6879 2
LE1 -10.18 50.3742 22.9512 2
LE2 -14.8967 49.3178 22.2594 2
LE3 -19.6134 48.2615 21.5676 3
LE4 -24.2045 46.7836 20.6636 3
LE5 -28.9213 45.7272 19.9718 3
LE6 -34.1097 44.5651 19.2109 3
LE7 -38.8263 43.5086 18.5191 3
LE8 -43.5431 42.4522 17.8273 2
LE9 -48.7315 41.2902 17.0664 1
LE10 -53.4481 40.2338 16.3746 2
RA1 15.1273 9.2908 -0.699477 2
RA2 20.1233 9.96065 -1.32159 2
RA3 24.9937 11.052 -1.73143 1
RA4 29.3925 12.0377 -2.21045 1
RA5 34.263 13.129 -2.62031 3
RA6 39.1334 14.2203 -3.03016 3
RA7 44.1576 15.3466 -4.54162 3
RA8 49.0281 16.4379 -4.95147 1
RA9 53.8985 17.5292 -5.36132 2
RA10 58.7689 18.6206 -5.77116 0
RB1 18.2327 2.794 -5.05893 2
RB2 22.9234 1.14634 -3.50668 2
RB3 27.1424 -0.606904 -2.02359 2
RB4 31.8331 -2.25457 -0.471329 3
RB5 36.3982 -3.48079 1.29319 3
RB6 40.6172 -5.23413 2.77626 3
RB7 45.3079 -6.88173 4.32853 3
RB8 49.5268 -8.63503 5.81161 2
RB9 54.2175 -10.2827 7.36386 2
RB10 59.3799 -11.8247 8.9853 2
RC1 19.2213 -3.28064 -2.52251 2
RC2 27.3718 -8.64933 -1.64536 3
RC3 35.0224 -14.58 0.0519587 2
RC4 43.1446 -20.4051 1.81846 3
RC5 51.2951 -25.7737 2.69561 3
RC6 59.9173 -31.0369 3.64192 1
RC7 64.6384 -34.4759 4.27595 0
RC8 68.0395 -36.8619 5.40842 0
RD1 28.3656 30.6887 7.32712 2
RD2 28.2393 23.9125 15.0902 2
RD3 28.3336 18.0847 23.347 2
RD4 28.5816 12.2919 30.5021 3
RD5 28.927 5.62132 38.3344 2
RD6 29.1467 -0.627828 46.3789 3
RD7 29.8383 -6.77137 54.4926 1
RD8 29.9326 -12.5991 62.7494 2
RE1 -4.65151 47.567 20.5618 3
RE2 4.65853 47.8536 22.1287 3
RE3 14.3148 48.6672 23.9771 3
RE4 24.3172 50.0079 26.1069 3
RE5 33.8478 51.243 28.1675 3
RE6 43.5323 52.513 29.1265 1
RE7 53.1602 52.8703 31.8643 0
RE8 61.6526 52.5241 33.0806 0
RF1 6.85682 -22.7007 28.7234 3
RF2 16.6972 -23.6436 28.552 3
RF3 26.5376 -24.5864 28.3805 3
RF4 36.06 -25.6 27.0382 3
RF5 46.0259 -26.9643 26.6545 2
RF6 56.2407 -26.9237 25.8751 2
RF7 65.5121 -27.0944 24.9574 0
RF8 72.0204 -26.9854 25.2199 0
RG1 29.1152 -8.26073 3.107 1
RG2 38.3605 -11.1355 3.04974 3
RG3 48.2031 -14.3261 2.84941 2
RG4 57.4203 -17.6572 3.68151 2
RG5 63.6797 -18.953 4.33968 0
RG6 67.1091 -20.8827 4.58279 0
RG7 73.9939 -22.0379 4.20853 0
RG8 77.1745 -25.3725 4.84729 0
RH1 27.93 -27.8596 -0.240681 3
RH2 30.7705 -27.2249 3.54841 3
RH3 33.7364 -27.0115 7.12524 3
RH4 36.5769 -26.3767 10.9143 3
RH5 40.0145 -26.0578 14.5603 3
RH6 42.9523 -26.3008 19.0265 2
RH7 46.3899 -25.9818 22.6725 2
RH8 49.8276 -25.6628 26.3186 3
RH9 52.9191 -25.8709 29.6831 2
RH10 56.3567 -25.5519 33.3291 1
RI1 11.7407 36.859 0.970272 3
RI2 14.0634 36.4764 9.84293 3
RI3 15.7608 35.9533 19.748 2
RI4 17.9297 35.5357 29.7223 3
RI5 19.6553 35.4688 38.7381 3
RI6 21.9498 34.6299 48.5001 3
RI7 24.2443 33.7909 58.2621 1
RI8 25.7492 32.7755 66.7841 0
