LA1 -18.6095 20.3052 -15.5773 2
LA2 -23.491 20.0619 -14.9236 2
LA3 -28.7345 20.7785 -15.3197 2
LA4 -33.5214 20.9936 -15.6719 2
LA5 -38.8594 21.2517 -15.0621 2
LA6 -43.6464 21.4669 -15.4143 3
LA7 -48.4556 21.2022 -15.7578 2
LA8 -53.7937 21.4603 -15.148 2
LA9 -58.5806 21.6754 -15.5002 1
LA10 -63.824 22.392 -15.8963 0
LA11 -68.6833 22.6286 -15.2514 0
LA12 -74.4499 22.4069 -15.6653 0
LB1 -23.0222 9.46163 -14.6612 2
LB2 -28.3101 9.2184 -15.0398 2
LB3 -33.1192 8.95368 -15.3833 2
LB4 -37.8561 8.66746 -16.7239 3
LB5 -42.6874 7.92285 -17.0586 3
LB6 -47.9308 8.63938 -17.4547 3
LB7 -53.2187 8.39617 -17.8334 3
LB8 -57.9332 8.58983 -19.1827 2
LB9 -62.7424 8.3251 -19.5262 0
LB10 -67.4791 8.03889 -20.8668 0
LB11 -72.2884 7.77416 -21.2103 0
LB12 -77.5038 7.50945 -22.5861 0
LC1 -24.785 -7.16212 -7.41094 2
LC2 -29.7332 -8.84504 -6.73107 2
LC3 -34.1304 -10.5709 -7.01313 2
LC4 -38.5496 -12.7766 -7.28647 3
LC5 -43.4477 -14.9609 -7.59501 3
LC6 -48.3958 -16.6437 -6.91515 3
LC7 -52.793 -18.3697 -7.1972 3
LC8 -57.6687 -20.0739 -7.51449 3
LC9 -61.6315 -22.7811 -7.74387 2
LC10 -66.5575 -23.9841 -7.07273 0
LC11 -71.4333 -25.6884 -7.39002 0
LC12 -75.8526 -27.8943 -7.66334 0
LD1 -6.95907 57.3192 12.5513 2
LD2 -11.8184 57.5559 13.1963 3
LD3 -16.5832 58.2509 12.8354 3
LD4 -21.9212 58.509 13.4451 3
LD5 -27.1868 58.7457 13.0577 3
LD6 -32.0462 58.9823 13.7027 3
LD7 -36.8331 59.1974 13.3505 3
LD8 -42.1712 59.4556 13.9603 3
LD9 -46.9359 60.1507 13.5993 1
LD10 -51.8175 59.9073 14.253 0
LD11 -57.0831 60.144 13.8656 0
LD12 -61.9647 59.9008 14.5193 0
LE1 -7.42025 54.6622 -2.46786 2
LE2 -12.2072 54.8773 -2.82004 3
LE3 -17.4728 55.114 -3.20744 3
LE4 -22.2597 55.3292 -3.55963 2
LE5 -27.0245 56.0242 -3.92054 3
LE6 -32.2902 56.2608 -4.30794 3
LE7 -37.1718 56.0176 -3.65425 2
LE8 -42.4374 56.2542 -4.04165 3
LE9 -47.2243 56.4693 -4.39383 1
LE10 -52.0837 56.706 -3.74888 0
LE11 -57.3493 56.9427 -4.13628 0
LE12 -62.1363 57.1578 -4.48845 0
LF1 -19.102 44.7789 -20.1517 2
LF2 -19.4195 45.8461 -15.1835 2
LF3 -20.1212 47.3932 -11.2563 3
LF4 -20.8451 48.4604 -7.32038 3
LF5 -22.1201 49.5706 -2.42255 3
LF6 -22.9607 49.6995 2.52796 2
LF7 -24.7143 50.8312 7.39058 3
LF8 -26.0337 50.9817 12.3059 3
LF9 -27.3309 51.612 17.2124 3
LF10 -28.628 52.2423 22.119 2
LF11 -29.903 53.3525 27.0168 3
LF12 -31.6789 54.0043 31.8882 3
LG1 -20.5891 51.6692 -15.3938 2
LG2 -21.7916 52.7579 -11.4932 2
LG3 -23.0666 53.8681 -6.59531 2
LG4 -24.3416 54.9783 -1.69749 3
LG5 -26.0953 56.11 3.16513 3
LG6 -27.7987 56.7403 7.03933 3
LG7 -29.0737 57.8505 11.9372 3
LG8 -30.8495 58.5024 16.8085 2
LG9 -32.6031 59.6341 21.6711 3
LG10 -33.8057 60.7228 25.5718 2
LG11 -35.6318 61.876 31.4316 2
LG12 -37.3352 62.5063 35.3058 1
LH1 -29.8047 30.2184 -1.56068 2
LH2 -33.7627 32.3745 1.11409 2
LH3 -37.2418 34.5089 3.82411 3
LH4 -40.6989 37.1234 6.52538 3
LH5 -44.1781 39.2579 9.23538 3
LH6 -47.6573 41.3925 11.9454 3
LH7 -51.1366 43.5271 14.6554 2
LH8 -54.5434 45.6401 16.3682 0
LH9 -58.5737 47.8177 20.0402 0
LH10 -62.5316 49.9737 22.715 0
LH11 -65.9384 52.0868 24.4278 0
LH12 -69.9687 54.2644 28.0997 0
LI1 -6.76559 71.1283 5.24782 2
LI2 -11.1684 70.8636 5.93673 2
LI3 -16.1224 70.6417 7.58757 3
LI4 -21.004 70.3985 8.24126 3
LI5 -25.4792 70.1552 9.92731 3
LI6 -30.9341 69.4751 11.5516 3
LI7 -35.337 69.2103 12.2406 3
LI8 -40.7918 68.5302 13.8649 2
LI9 -45.2169 67.7855 14.5625 0
LI10 -50.1708 67.5638 16.2134 0
LI11 -55.147 66.8621 17.8729 0
LI12 -59.5499 66.5974 18.5618 0
LJ1 -32.3006 10.0496 -32.3961 2
LJ2 -34.6102 6.36111 -29.4758 2
LJ3 -37.304 3.15252 -27.5965 3
LJ4 -40.0701 -0.0346244 -24.7201 2
LJ5 -42.8585 -3.70154 -21.8349 2
LJ6 -45.5522 -6.91013 -19.9556 2
LJ7 -48.7971 -10.0758 -17.1144 3
LJ8 -51.4907 -13.2844 -15.2351 2
LJ9 -54.6854 -16.9513 -13.3823 3
LJ10 -57.8356 -19.6585 -11.547 2
LJ11 -61.1026 -23.3039 -8.69708 2
LJ12 -64.2751 -26.4911 -6.85301 1
LK1 -36.538 10.5795 12.4137 2
LK2 -40.2393 7.91527 15.2109 2
LK3 -43.4118 4.72819 17.055 3
LK4 -47.0407 2.0425 18.8551 2
LK5 -50.7421 -0.621718 21.6524 3
LK6 -54.3709 -3.30741 23.4525 3
LK7 -58.0722 -5.97164 26.2498 2
LK8 -61.2224 -8.67878 28.0851 2
LK9 -64.9237 -11.343 30.8824 1
LK10 -68.6251 -14.0072 33.6796 0
LK11 -71.7975 -17.1943 35.5237 0
LK12 -75.4988 -19.8585 38.3209 0
LL1 -19.82 -57.7859 -0.945463 3
LL2 -25.0856 -57.5493 -1.33286 3
LL3 -29.8947 -57.814 -1.67632 3
LL4 -35.2327 -57.5559 -1.06658 3
LL5 -40.0197 -57.3407 -1.41877 2
LL6 -44.9012 -57.584 -0.765069 2
LL7 -50.167 -57.3473 -1.15247 1
LL8 -54.9761 -57.612 -1.49593 0
LL9 -60.3141 -57.3539 -0.886186 0
LL10 -65.1233 -57.6186 -1.22965 0
LL11 -69.9826 -57.382 -0.584678 0
LL12 -75.2705 -57.6252 -0.963365 0
LM1 -40.3306 39.8168 -29.609 2
LM2 -41.0816 35.5408 -28.5685 1
LM3 -41.4707 30.3052 -26.4783 2
LM4 -41.7652 25.5279 -25.3939 3
LM5 -42.1098 21.252 -23.321 2
LM6 -42.4768 16.4962 -21.2395 3
LM7 -42.7712 11.7189 -20.1551 3
LM8 -42.6372 7.42149 -18.047 3
LM9 -43.0263 2.18583 -15.9568 3
LM10 -43.3932 -2.56998 -13.8752 3
LM11 -43.209 -7.36874 -12.7556 3
LM12 -43.4813 -11.6661 -11.6799 3
