LA1 47.652 -45.6725 42.1544 3
LA2 52.5345 -46.0895 41.8941 3
LA3 57.4119 -46.2567 42.0533 2
LA4 62.7309 -47.2991 42.7391 1
LA5 67.6133 -47.7161 42.4789 0
LA6 72.4497 -48.9916 42.7292 0
LA7 77.3322 -49.4085 42.4689 0
LA8 82.2147 -49.8255 42.2086 0
LA9 87.0459 -50.8512 42.8785 0
LA10 92.411 -51.0351 43.0537 0
LA11 97.2935 -51.4521 42.7934 0
LA12 102.125 -52.4778 43.4633 0
LB1 53.9404 -42.252 32.8066 2
LB2 58.3864 -42.0435 31.6002 3
LB3 63.3201 -41.8517 30.4098 2
LB4 68.2999 -40.8013 28.7087 0
LB5 72.7459 -40.5928 27.5023 0
LB6 77.6745 -40.1512 26.7314 0
LB7 82.6082 -39.9594 25.541 0
LB8 87.0542 -39.7509 24.3346 0
LB9 92.034 -38.7005 22.6335 0
LB10 96.9677 -38.5087 21.4431 0
LB11 101.896 -38.0672 20.6721 0
LB12 106.876 -37.0168 18.971 0
LC1 57.8014 -46.6008 29.7601 2
LC2 61.8263 -46.5161 26.3491 1
LC3 65.8051 -47.2901 23.4487 0
LC4 69.2961 -48.0473 20.5324 0
LC5 73.3159 -47.7129 17.5409 0
LC6 77.2947 -48.4868 14.6406 0
LC7 81.7612 -49.2775 11.7561 0
LC8 85.7348 -49.8016 9.27528 0
LC9 89.7597 -49.717 5.86428 0
LC10 93.7385 -50.491 2.96388 0
LC11 97.2244 -50.9984 0.467081 0
LC12 101.203 -51.7723 -2.43322 0
LD1 60.3635 -35.1792 53.1114 2
LD2 59.0487 -29.9462 53.9577 3
LD3 58.1808 -25.8384 54.911 1
LD4 56.866 -20.6055 55.7573 3
LD5 56.0441 -15.639 56.2 3
LD6 54.6833 -11.2647 57.5569 2
LD7 53.3736 -6.28154 57.9837 2
LD8 52.064 -1.29841 58.4104 2
LD9 51.237 3.9178 59.2727 3
LD10 50.369 8.02565 60.226 1
LD11 49.5471 12.9921 60.6687 3
LD12 48.7253 17.9585 61.1114 2
LE1 71.2158 -34.1887 36.1733 0
LE2 69.9216 -29.9549 35.3415 0
LE3 69.1561 -24.6295 34.4345 0
LE4 67.8567 -20.146 34.0222 1
LE5 66.5625 -15.9122 33.1905 1
LE6 65.3093 -10.5701 32.2675 2
LE7 64.0099 -6.08658 31.8553 2
LE8 62.7618 -0.994272 30.5128 2
LE9 61.4624 3.48927 30.1006 2
LE10 60.6508 7.9561 29.7042 2
LE11 59.8802 13.5313 29.2167 1
LE12 99.3241 19.4213 25.0558 0
LF1 50.7649 -3.02825 51.4681 3
LF2 54.8153 -1.0859 49.2246 2
LF3 58.8658 0.856439 46.981 2
LF4 62.9162 2.79878 44.7374 1
LF5 66.9667 4.74113 42.4938 0
LF6 71.0171 6.68347 40.2502 0
LF7 75.0676 8.62581 38.0066 0
LF8 79.118 10.5682 35.763 0
LF9 83.1736 12.2607 33.1 0
LF10 87.7118 14.1863 30.8723 0
LF11 91.2284 15.2868 29.1234 0
LF12 95.8127 18.071 26.3852 0
LG1 46.9238 -4.7521 32.5565 2
LG2 50.9537 -1.81059 31.991 3
LG3 54.9785 1.38072 31.845 3
LG4 59.0084 4.32224 31.2795 2
LG5 62.5505 7.28047 30.6981 1
LG6 67.0682 10.2053 30.1485 0
LG7 71.0981 13.1468 29.583 0
LG8 75.5696 15.213 29.544 0
LG9 80.0873 18.1378 28.9945 0
LG10 84.0762 19.971 28.5201 0
LG11 88.5938 22.8958 27.9705 0
LG12 93.1166 25.5708 27.0014 0
LH1 56.6522 -32.6245 -25.1776 0
LH2 60.6104 -29.2926 -23.1349 0
LH3 64.0859 -26.1938 -21.5276 0
LH4 67.5666 -23.3447 -20.3398 0
LH5 71.0421 -20.2459 -18.7325 0
LH6 75.0105 -17.4135 -17.5288 0
LH7 78.4861 -14.3147 -15.9216 0
LH8 82.9934 -10.8903 -15.6321 0
LH9 86.4177 -8.40021 -13.0947 0
LH10 89.8984 -5.55116 -11.9069 0
LH11 93.42 -1.59375 -10.8102 0
LH12 96.8956 1.5051 -9.20302 0
LI1 36.849 -16.9541 73.7975 2
LI2 41.7213 -16.8715 74.3763 2
LI3 47.0864 -17.0554 74.5514 3
LI4 51.9176 -18.0811 75.2213 2
LI5 56.795 -18.2483 75.3805 1
LI6 61.6723 -18.4154 75.5398 0
LI7 66.5036 -19.4412 76.2097 0
LI8 71.8687 -19.6251 76.3848 0
LI9 76.7511 -20.042 76.1245 0
LI10 81.6336 -20.459 75.8642 0
LI11 86.511 -20.6262 76.0235 0
LI12 91.3883 -20.7933 76.1827 0
LJ1 34.7393 -11.874 -5.97562 1
LJ2 39.673 -11.6822 -7.16612 1
LJ3 44.6068 -11.4904 -8.35652 1
LJ4 49.5405 -11.2986 -9.54702 0
LJ5 53.9865 -11.0901 -10.7533 0
LJ6 58.8741 -11.7568 -11.4331 0
LJ7 64.2955 -11.5817 -12.6077 0
LJ8 68.7364 -11.1234 -13.3945 0
LJ9 73.665 -10.6818 -14.1654 0
LJ10 78.5987 -10.4901 -15.3559 0
LJ11 82.9934 -10.8903 -15.6321 0
LJ12 88.9026 -10.7319 -16.7907 0
LK1 63.6168 -48.9864 -1.14222 0
LK2 64.3094 -43.4613 -1.58192 0
LK3 64.9558 -38.7949 -1.51102 0
LK4 65.6023 -34.1284 -1.44002 0
LK5 66.2897 -28.3536 -1.46022 0
LK6 66.9362 -23.6871 -1.38932 0
LK7 67.5826 -19.0206 -1.31832 0
LK8 68.2291 -14.3542 -1.24742 0
LK9 69.4094 -8.84586 -1.67122 0
LK10 70.0558 -4.17939 -1.60022 0
LK11 71.1849 0.720153 -1.09392 0
LK12 72.3191 5.3699 -1.00702 0
LL1 50.2308 -48.567 64.9371 3
LL2 50.3844 -43.634 65.4116 2
LL3 51.0257 -38.7177 65.9021 3
LL4 51.1742 -33.535 66.7961 2
LL5 51.8155 -28.6187 67.2866 2
LL6 51.9691 -23.6857 67.7611 2
LL7 52.1227 -18.7527 68.2356 2
LL8 52.764 -13.8365 68.7261 2
LL9 52.9176 -8.9035 69.2006 1
LL10 53.5538 -3.73745 70.1106 2
LL11 53.6612 0.336975 71.0958 2
LL12 53.8148 5.26995 71.5703 2
LM1 80.5562 -6.87318 18.3183 0
LM2 85.413 -6.04118 20.1556 0
LM3 89.736 -6.05101 22.4876 0
LM4 94.598 -5.46881 23.9054 0
LM5 98.9209 -5.47864 26.2375 0
LM6 103.295 -4.87972 27.6393 0
LM7 108.106 -4.90627 29.9873 0
LM8 112.485 -4.55714 30.9696 0
LM9 115.894 -4.42437 31.5006 0
LM10 117.398 -3.36617 31.4572 0
LM11 119.791 -4.30831 32.0475 0
LM12 121.244 -3.85888 32.9343 0
RB1 12.3354 -50.2604 41.044 1
RB2 7.51447 -49.7343 39.5351 2
RB3 3.18117 -49.2249 38.0421 2
RB4 -1.63983 -48.6987 36.5332 1
RB5 -6.46083 -48.1726 35.0243 3
RB6 -10.7889 -47.9129 33.1118 2
RB7 -15.6098 -47.3868 31.6029 2
RB8 -20.4308 -46.8607 30.0939 2
RB9 -25.2518 -46.3345 28.585 3
RB10 -30.0728 -45.8084 27.0761 3
RB11 -34.8938 -45.2822 25.5672 2
RB12 -39.227 -44.7728 24.0742 2
RC1 10.6294 -42.4035 26.6836 2
RC2 6.35247 -41.5351 23.8409 2
RC3 2.03467 -41.7751 21.0894 2
RC4 -2.33443 -42.6238 19.268 3
RC5 -6.65223 -42.8638 16.5165 2
RC6 -11.0162 -43.9623 14.2756 2
RC7 -15.3391 -43.9524 11.9435 2
RC8 -20.1959 -44.7844 10.1062 2
RC9 -24.565 -45.6332 8.28478 2
RC10 -28.888 -45.6233 5.95278 2
RC11 -33.7499 -46.2055 4.53498 2
RC12 -37.58 -46.4622 1.79938 2
RF1 13.2133 -35.8514 -30.6077 1
RF2 8.33587 -35.6842 -30.767 1
RF3 3.45857 -35.517 -30.9262 1
RF4 -1.46493 -36.2084 -30.5748 0
RF5 -6.83003 -36.0245 -30.7499 1
RF6 -11.7073 -35.8573 -30.9092 1
RF7 -16.6256 -36.7985 -30.9773 1
RF8 -21.5081 -36.3815 -30.717 1
RF9 -26.9193 -37.0562 -30.3815 1
RF10 -32.2844 -36.8723 -30.5567 1
RF11 -37.1617 -36.7052 -30.7159 1
RF12 -43.0606 -37.3631 -30.3963 0
