AT1 25.5824 29.9883 -23.5946 1
AT2 33.6707 31.8956 -28.9594 2
AT3 43.0416 31.8822 -29.3533 2
AT4 51.9396 29.8701 -26.7037 2
DA1 26.8275 11.2693 -5.43405 2
DA2 31.9491 11.9384 -6.65738 3
DA3 36.6055 12.7681 -6.86189 3
DA4 41.5773 12.9298 -8.07362 3
DA5 46.084 13.2519 -8.26652 3
DA6 51.2476 13.9315 -8.49079 3
DA7 55.9621 13.0885 -8.68023 2
DA8 60.9103 12.774 -6.88316 2
DHA1 20.9458 16.6892 -13.251 2
DHA2 25.9597 16.8613 -13.4636 2
DHA3 30.9316 17.023 -14.6753 2
DHA4 35.9455 17.195 -14.888 2
DHA5 40.2604 16.9992 -16.0684 3
DHA6 45.6318 16.5136 -16.2892 2
DHA7 50.3463 15.6706 -16.4786 3
DHA8 55.2104 15.3352 -16.6797 3
DHP1 28.3688 2.85848 -15.4202 3
DHP2 33.275 2.53348 -14.6222 2
DHP3 38.1812 2.20847 -13.8242 2
DHP4 42.8957 1.36545 -14.0136 3
DHP5 47.8019 1.04045 -13.2156 3
DHP6 52.7501 0.725901 -11.4185 3
DHP7 56.9994 0.0434085 -10.5891 3
DHP8 61.7979 -0.778687 -8.78047 2
DNET1.1 40.307 -38.2244 7.52947 2
DNET1.2 43.4243 -42.4807 6.442 2
DNET1.3 45.6348 -45.9397 4.38337 1
DNET1.4 47.5879 -50.4034 3.34703 1
DNET1.5 47.3626 -54.7744 2.40133 1
DNET1.6 45.0428 -59.0318 3.5444 1
DNET1.7 41.4588 -61.8343 3.72447 2
DNET1.8 36.7107 -64.8442 3.95566 2
DNET2.1 31.5587 -35.7048 4.86819 3
DNET2.2 36.0317 -39.2356 4.71704 3
DNET2.3 40.3391 -41.5908 5.56149 2
DNET2.4 43.8398 -44.811 6.44892 1
DNET2.5 46.8333 -47.8812 7.35611 1
DNET2.6 47.9401 -52.0029 10.3555 1
DNET2.7 46.8684 -56.0319 13.4456 2
DNET2.8 43.3685 -58.8135 15.6238 2
FP1 25.9088 90.0608 24.8087 1
FP2 34.9306 86.8626 25.4638 1
FP3 43.2459 81.1371 27.1759 1
FP4 50.5627 74.0285 27.9435 2
FP5 55.3597 65.9871 27.826 2
FP6 56.7644 55.6612 28.876 2
FP7 58.1271 45.3248 28.9269 2
FP8 59.1743 35.6565 29.985 2
GTP1 64.566 -8.21984 -8.81897 2
GTP2 62.6938 -18.1739 -9.63696 2
GTP3 60.3144 -27.9778 -10.4352 2
GTP4 56.6051 -36.8136 -10.1867 2
GTP5 52.3467 -45.5097 -10.9175 2
GTP6 46.2091 -53.0981 -11.5809 2
GTP7 39.4567 -61.0334 -11.2138 2
GTP8 31.8893 -65.9913 -11.8446 2
GTP9 64.8365 -8.62279 1.18326 2
GTP10 63.9786 -18.8769 0.325759 3
GTP11 61.4495 -29.1884 -0.460857 2
GTP12 58.2474 -38.1742 -0.232113 2
GTP13 53.4818 -46.7203 -0.943155 1
GTP14 48.2089 -55.1164 -1.63444 2
GTP15 40.7415 -61.7365 -1.25108 2
GTP16 31.8022 -65.7367 -1.8342 3
GTP17 65.3895 -0.325621 9.08064 2
GTP18 64.3003 -9.89077 11.2285 2
GTP19 62.9116 -20.471 13.3995 2
GTP20 61.972 -29.5286 15.5358 2
GTP21 58.3048 -38.3539 16.7833 2
GTP22 52.6088 -46.579 18.1099 2
GTP23 45.1834 -53.1887 19.4923 3
GTP24 36.8514 -59.0011 19.9036 3
GTP25 65.7516 1.45169 19.0562 2
GTP26 64.1132 -7.97386 20.2247 3
GTP27 62.8742 -18.0466 22.3842 2
GTP28 61.7849 -27.6117 24.532 2
GTP29 57.8022 -35.7689 26.7868 2
GTP30 51.0918 -43.6938 28.1529 3
GTP31 43.267 -49.6564 28.5444 2
GTP32 34.9349 -55.4689 28.9557 3
GTP33 45.8404 47.7926 -21.6301 2
GTP34 53.5667 43.4137 -16.9045 2
GTP35 58.8571 38.1229 -11.066 1
GTP36 61.7277 30.237 -5.09849 1
GTP37 62.9269 22.2937 0.939876 2
GTP38 65.6057 13.8897 5.9199 1
GTP39 64.6265 6.03911 12.0489 2
GTP40 63.6472 -1.81149 18.1779 2
GTP41 44.9299 54.8673 -13.6584 2
GTP42 51.3424 49.7734 -8.87004 1
GTP43 55.6765 43.11 -2.97691 1
GTP44 58.6968 35.7316 2.97896 1
GTP45 61.5673 27.8457 8.94644 1
GTP46 63.7809 19.6022 14.9453 2
GTP47 64.431 11.7985 20.0043 2
GTP48 63.4517 3.94793 26.1334 2
GTP49 57.2647 28.127 38.1517 2
GTP50 58.7114 17.8115 40.2007 1
GTP51 58.7442 8.44333 41.2983 2
GTP52 56.914 -1.50023 41.4794 3
GTP53 54.5346 -11.3042 40.6812 2
GTP54 52.3889 -20.5797 41.8695 2
GTP55 50.0095 -30.3836 41.0713 2
GTP56 46.7234 -39.3904 39.3019 2
GTP57 52.5709 29.7217 47.3408 2
GTP58 53.5104 19.5563 49.4096 2
GTP59 53.3935 9.68061 50.5189 2
GTP60 51.5213 -0.273405 49.7009 2
GTP61 48.6767 -9.91683 49.9215 3
GTP62 45.2409 -19.4311 48.1637 2
GTP63 42.504 -28.5775 47.3736 2
GTP64 38.561 -37.9417 45.6356 3
IO1 2.71556 -63.5878 -41.6719 1
IO2 7.37041 -69.9775 -43.8027 1
IO3 16.2945 -70.296 -39.17 2
IO4 23.6809 -68.4811 -33.494 2
IO5 30.3944 -65.3406 -26.8026 2
IO6 36.6007 -62.05 -20.0915 2
MT1 28.3658 7.64287 -23.4777 1
MT2 37.7527 5.94638 -24.8556 1
MT3 48.0722 5.1463 -23.2794 2
MT4 57.036 3.62079 -22.6394 2
PT1 31.7151 -37.2414 -36.1608 1
PT2 41.6688 -33.5414 -35.6172 1
PT3 49.8855 -30.3853 -32.993 1
PT4 56.6647 -26.7582 -28.3114 2
SO1 3.97297 -39.2667 -23.9626 2
SO2 -0.241168 -46.7349 -18.7025 2
SO3 -2.57625 -55.3109 -13.5098 3
SO4 -3.24003 -63.8296 -8.38797 2
SO5 -1.23416 -70.9079 -2.39259 2
SO6 5.81922 -73.9611 3.34838 1
SO7 14.178 -72.4568 7.9858 2
SO8 22.6705 -68.7618 13.5956 2
