LA1 11.4994 41.167 -4.21953 1
LA2 6.08772 41.0292 -5.10345 2
LA3 1.65724 40.5052 -6.27041 2
LA4 -3.27327 40.8103 -6.93281 2
LA5 -7.71003 40.7103 -7.85775 2
LA6 -13.1218 40.5724 -8.74166 2
LA7 -18.0523 40.8775 -9.40406 3
LA8 -22.4953 41.2016 -10.087 3
LA9 -27.4195 41.0826 -10.9914 3
LA10 -32.8375 41.3688 -11.6333 2
LA11 -37.7618 41.2499 -12.5377 0
LA12 -42.2048 41.574 -13.2206 0
LB1 5.71319 33.3777 -9.43935 3
LB2 0.406562 32.6752 -8.34625 2
LB3 -4.462 32.062 -8.38317 2
LB4 -9.33056 31.4488 -8.4201 2
LB5 -14.1497 30.7653 -7.34751 3
LB6 -19.0183 30.152 -7.38443 3
LB7 -23.8374 29.4685 -6.31184 2
LB8 -28.706 28.8553 -6.34876 3
LB9 -33.5808 28.6661 -6.14367 3
LB10 -38.4556 28.4769 -5.93857 2
LB11 -43.2748 27.7934 -4.86598 0
LB12 -48.1433 27.1801 -4.9029 0
LC1 -12.9678 19.5366 10.3859 3
LC2 -16.9916 21.2219 9.29905 3
LC3 -21.5091 23.3124 8.47471 2
LC4 -26.0267 25.4028 7.65037 2
LC5 -30.0505 27.0882 6.56349 2
LC6 -34.5617 28.7546 5.49712 3
LC7 -39.073 30.421 4.43076 2
LC8 -43.103 32.5304 3.58591 2
LC9 -48.1018 34.1778 2.54005 0
LC10 -52.1256 35.8632 1.45317 0
LC11 -56.6368 37.5296 0.386809 0
LC12 -61.1481 39.196 -0.679557 0
LD1 22.1955 -13.7084 13.3929 2
LD2 17.2031 -12.4849 12.1051 2
LD3 12.2663 -11.7558 11.6847 2
LD4 7.39145 -11.945 11.8898 3
LD5 2.46093 -11.6399 11.2274 2
LD6 -2.4139 -11.8291 11.4325 1
LD7 -7.33814 -11.948 10.528 2
LD8 -12.2687 -11.6429 9.86564 1
LD9 -17.1435 -11.8321 10.0707 2
LD10 -22.5615 -11.5459 9.42884 2
LD11 -27.492 -11.2408 8.76644 3
LD12 -32.3668 -11.43 8.97153 1
LE1 3.84014 -22.8519 22.0411 3
LE2 -1.57159 -22.9898 21.1572 3
LE3 -6.44014 -23.603 21.1203 2
LE4 -10.8275 -23.7733 21.3049 2
LE5 -16.1835 -24.4054 21.2885 2
LE6 -21.1078 -24.5244 20.384 1
LE7 -25.9826 -24.7136 20.5891 0
LE8 -30.8574 -24.9028 20.7942 0
LE9 -35.7817 -25.0217 19.8898 0
LE10 -41.1377 -25.6538 19.8734 0
LE11 -46.0 -26.6911 19.5944 0
LE12 -51.356 -27.3233 19.578 0
LF1 8.20365 -27.3318 5.37548 3
LF2 3.82885 -28.3502 5.07602 3
LF3 -1.08284 -29.3171 3.68755 3
LF4 -5.45764 -30.3355 3.38809 3
LF5 -10.3136 -31.7968 2.86712 2
LF6 -15.2253 -32.7638 1.47865 1
LF7 -20.0939 -33.377 1.44172 0
LF8 -24.9562 -34.4143 1.16277 0
LF9 -29.7628 -35.9459 1.75132 0
LF10 -34.6313 -36.5591 1.71439 0
LF11 -39.9811 -37.6153 1.45595 0
LF12 -44.3559 -38.6336 1.15649 0
LG1 -5.55478 -13.4137 -6.55995 2
LG2 -9.35583 -13.7056 -4.17683 2
LG3 -13.1075 -14.0678 -0.684187 2
LG4 -17.3466 -14.4489 2.82896 2
LG5 -21.1414 -15.1649 4.97006 2
LG6 -25.3805 -15.546 8.48321 1
LG7 -30.1071 -15.946 12.0169 1
LG8 -33.9082 -16.2379 14.4 0
LG9 -38.141 -17.0431 17.6711 0
LG10 -42.4295 -17.3539 20.0748 0
LG11 -46.6624 -18.1591 23.3459 0
LG12 -49.0629 -17.4759 25.042 0
LH1 -9.43245 68.3025 -0.0939129 1
LH2 -12.2146 65.0802 0.554027 2
LH3 -14.9348 60.9395 1.82744 2
LH4 -17.6613 57.2229 3.34289 2
LH5 -19.956 54.0195 3.97032 2
LH6 -23.1699 50.284 5.50627 3
LH7 -25.8901 46.1433 6.77968 3
LH8 -28.6786 43.345 7.66965 2
LH9 -31.8862 39.1854 8.96357 2
LH10 -35.1065 35.8739 10.7415 2
LH11 -38.3761 32.6327 11.41 2
LH12 -41.5901 28.8972 12.9459 1
LK1 -9.0508 1.63459 17.2248 3
LK2 -13.3636 -0.302101 17.5508 3
LK3 -17.6765 -2.2388 17.8768 3
LK4 -22.4831 -3.77038 18.4654 2
LK5 -27.2834 -5.72599 18.8119 3
LK6 -32.1457 -6.76326 18.5329 2
LK7 -36.4648 -8.27592 19.101 0
LK8 -41.2777 -9.38347 19.9316 0
LK9 -46.6894 -9.52131 19.0476 0
LK10 -51.6011 -10.4883 17.6592 0
LK11 -56.0253 -11.4364 16.2502 0
LK12 -60.4495 -12.3844 14.8412 0
LL1 18.1388 -3.25892 19.6076 3
LL2 12.8447 -4.80942 20.2166 3
LL3 8.0938 -6.83531 21.6727 3
LL4 3.77469 -8.34797 22.2407 3
LL5 -1.03191 -9.87955 22.8293 2
LL6 -5.40671 -10.8979 22.5298 3
LL7 -10.2133 -12.4295 23.1184 1
LL8 -14.5324 -13.9421 23.6864 1
LL9 -19.339 -15.4737 24.275 1
LL10 -24.1456 -17.0053 24.8635 1
LL11 -28.9522 -18.5369 25.4521 0
LL12 -34.2589 -19.2393 26.5452 0
