LA1 -19.7044 11.409 -1.97582 2
LA2 -24.5914 10.4676 -1.41723 2
LA3 -29.4822 9.94677 -0.610596 2
LA4 -34.3646 9.93412 -0.665253 2
LA5 -39.2517 8.99278 -0.106665 3
LA6 -44.6224 8.97878 -0.16678 3
LA7 -49.5009 8.54545 -0.469479 3
LA8 -54.3918 8.02468 0.337154 2
LB1 -27.9208 -10.4284 -4.48716 2
LB2 -32.8 -12.2108 -4.42468 2
LB3 -37.1954 -14.9207 -3.74349 3
LB4 -41.5862 -16.702 -3.67554 3
LB5 -45.9856 -18.9911 -2.74631 2
LB6 -50.3726 -21.193 -2.9264 2
LB7 -54.7636 -22.9741 -2.85845 3
LB8 -59.6389 -25.1772 -3.04401 2
LC1 -32.2598 -23.4942 -6.43115 3
LC2 -36.6906 -23.7682 -3.15234 3
LC3 -41.1131 -23.5341 -0.734813 3
LC4 -45.0518 -24.2273 2.3014 3
LC5 -49.4704 -24.4137 4.47088 3
LC6 -53.889 -24.6002 6.64036 3
LC7 -58.7959 -24.7879 8.80437 3
LC8 -63.2145 -24.9743 10.9738 2
LD1 -2.38124 -32.9611 31.2322 2
LD2 -7.26817 -33.9025 31.7908 2
LD3 -12.159 -34.4232 32.5974 3
LD4 -17.046 -35.3646 33.156 3
LD5 -21.9329 -36.3059 33.7146 3
LD6 -26.8076 -37.1598 33.1638 3
LD7 -31.2063 -38.0998 33.7279 3
LD8 -36.0894 -39.4618 34.0384 3
LE1 -26.2786 30.3885 13.8007 2
LE2 -25.8507 31.3014 18.9876 2
LE3 -25.9072 31.7926 23.921 3
LE4 -25.4754 32.285 28.8599 3
LE5 -25.532 32.7762 33.7933 3
LE6 -25.5923 33.6879 38.9748 3
LE7 -25.1606 34.1804 43.9137 3
LE8 -25.2171 34.6715 48.8471 3
LF1 -9.22721 57.0668 11.1256 2
LF2 -10.2646 56.6268 16.6613 3
LF3 -11.782 56.6935 21.3303 3
LF4 -12.8194 56.2536 26.866 3
LF5 -13.8447 55.9011 31.2924 3
LF6 -15.3621 55.9678 35.9614 3
LF7 -16.3995 55.5278 41.4971 3
LF8 -16.9403 55.5971 46.177 3
LF9 -17.9695 55.6652 50.8514 3
LF10 -18.9987 55.7333 55.5259 2
LF11 -20.0278 55.8012 60.2003 2
LF12 -21.5573 55.7805 65.9786 1
LG1 -6.48937 53.9048 29.0248 3
LG2 -11.4046 53.209 32.0501 3
LG3 -15.3349 53.0238 34.225 3
LG4 -19.7619 52.3293 37.2558 3
LG5 -23.6923 52.1442 39.4307 3
LG6 -28.1192 51.4497 42.4615 3
LG7 -32.054 50.3359 45.2497 2
LG8 -36.4726 50.1494 47.4191 2
RA1 22.8918 14.1643 -12.7108 3
RA2 28.2703 13.3372 -13.1468 2
RA3 33.1605 12.5088 -13.5882 3
RA4 38.0508 11.6804 -14.0297 2
RA5 42.461 11.3587 -15.3379 2
RA6 47.8274 10.4442 -14.6645 3
RA7 52.7259 10.1238 -15.9672 2
RA8 57.6161 9.29534 -16.4087 2
RB1 21.8929 -0.346186 -7.34731 2
RB2 26.2983 -2.9457 -7.67709 2
RB3 30.2153 -5.54636 -8.01233 3
RB4 34.6289 -7.63776 -9.20338 3
RB5 39.0342 -10.2372 -9.53316 3
RB6 43.4394 -12.8366 -9.86293 2
RB7 47.3565 -15.4373 -10.1982 3
RB8 51.7656 -18.4573 -10.776 3
RC1 13.7242 -34.3968 -11.2574 2
RC2 18.1211 -37.5044 -10.7259 2
RC3 22.5103 -39.7707 -9.69825 2
RC4 26.3991 -42.1259 -7.56678 3
RC5 29.7996 -44.4822 -5.44078 3
RC6 33.6885 -46.8374 -3.30931 3
RC7 37.0768 -49.2813 -0.0739733 2
RC8 40.4774 -51.6377 2.05203 2
RE1 36.7903 29.8158 7.10554 3
RE2 36.7338 30.307 12.039 3
RE3 36.6774 30.7982 16.9724 2
RE4 37.1091 31.2906 21.9113 2
RE5 37.0525 31.7818 26.8447 3
RE6 36.9999 31.8523 31.5301 3
RE7 36.9434 32.3435 36.4635 3
RE8 37.3707 31.9073 42.0156 2
RF1 12.3991 41.5618 2.18825 2
RF2 15.2881 41.7276 5.79708 2
RF3 18.6616 42.3152 9.65942 2
RF4 21.5468 42.9014 13.5163 2
RF5 24.4236 42.9796 18.2345 3
RF6 27.7971 43.5672 22.0968 3
RF7 30.1978 43.7316 25.7002 3
RF8 33.0709 44.2304 30.6664 3
RF9 35.9599 44.3962 34.2752 3
RF10 38.8451 44.9824 38.1321 2
RF11 42.2224 45.1494 41.7464 2
RF12 45.0992 45.2277 46.4645 2
RG1 10.6498 58.3469 23.6832 3
RG2 15.5117 57.764 25.7085 3
RG3 19.8893 56.7594 27.4802 3
RG4 24.7636 56.264 28.3961 3
RG5 29.1373 55.68 30.4159 3
RG6 33.5066 54.1672 33.049 3
RG7 37.8842 53.1625 34.8207 3
RG8 42.2579 52.5785 36.8405 3
