AFD1 -3.41437 19.1209 26.8077 3
AFD2 -5.06815 19.0885 31.9478 3
AFD3 -5.63665 19.9814 36.0659 3
AFD4 -6.21338 19.7372 42.1196 2
APD1 -15.4467 -13.2719 38.6132 3
APD2 -15.3121 -14.5391 42.5394 3
APD3 -14.2517 -17.0249 47.3242 3
APD4 -14.1255 -19.4292 53.186 3
IHA1 1.03131 27.108 29.0205 3
IHA2 3.05429 28.3236 39.0019 1
IHA3 3.92027 28.679 49.01 1
IHA4 3.62935 28.1743 59.045 1
IHA5 -1.20089 26.4381 66.3112 1
IHA6 -9.93906 21.3754 69.6215 0
IHP1 3.08947 -25.0699 33.4959 2
IHP2 3.80274 -16.1883 39.0495 2
IHP3 4.43625 -8.37851 45.5433 2
IHP4 4.06826 0.146461 51.1511 1
IHP5 4.70177 7.95625 57.6449 1
IHP6 2.17549 16.3362 62.3935 1
LF1 -6.59072 85.4709 2.24104 1
LF2 -13.0582 85.9764 10.7762 2
LF3 -19.1967 82.3733 18.0142 2
LF4 -24.6279 77.1787 24.0925 2
LF5 -29.5747 69.4508 27.9609 2
LF6 -32.8761 60.6182 28.6247 2
LF7 -39.141 49.7005 28.3601 2
LF8 -42.2112 42.9466 28.1386 2
LFV1 -1.82569 68.3706 46.9964 1
LFV2 -6.11839 61.5761 50.8789 2
LFV3 -14.6788 51.3981 52.837 2
LFV4 -19.7561 45.506 51.8113 1
LFV5 -26.2088 38.3807 48.7943 2
LFV6 -31.7274 31.1738 44.7002 2
LFV7 -38.0246 25.6237 40.7703 3
LFV8 -43.9745 18.4251 37.7124 2
LO1 -8.38424 -78.7121 -11.3882 2
LO2 -14.7719 -77.1347 -3.79329 2
LO3 -21.0798 -74.4856 2.86129 2
LO4 -27.1649 -70.8948 10.5662 1
LO5 -31.6618 -66.452 17.2081 2
LO6 -37.4359 -59.7107 23.0874 2
LO7 -40.972 -51.7526 28.8856 2
LO8 -43.5697 -43.3075 32.6389 2
LOF1 -22.7726 27.1199 -28.5472 1
LOF2 -26.666 35.4036 -27.7255 2
LOF3 -32.663 41.2033 -22.8965 1
LOF4 -39.0507 42.7806 -15.3017 2
LOF5 -43.3067 40.906 -7.08104 2
LOF6 -45.6538 34.6378 0.714988 2
LOF7 -48.2195 27.9964 6.49289 1
LOF8 -50.7179 20.7214 14.2339 2
LPF1 -31.1051 -40.1012 53.0526 1
LPF2 -37.3795 -32.904 51.9647 2
LPF3 -42.4215 -24.3433 50.8775 1
LPF4 -45.0168 -15.5156 47.6227 2
LPFV1 -13.0694 35.644 62.7423 2
LPFV2 -19.459 27.3165 62.6562 1
LPFV3 -24.7673 19.3458 62.5158 1
LPFV4 -30.2943 11.0019 60.3573 1
LPFV5 -34.9586 2.64164 56.1263 1
LPFV6 -39.4673 -4.14334 50.9825 2
LPV1 -9.90126 -60.5955 39.137 1
LPV2 -19.8776 -58.0572 39.0148 1
LPV3 -28.1185 -54.2287 38.8524 1
LPV4 -35.1758 -45.9433 38.8967 1
LPV5 -41.2276 -37.8045 38.8591 1
LPV6 -47.862 -30.6642 39.8028 2
LTP1 -56.0831 -33.4939 -18.0651 2
LTP2 -58.4567 -33.64 -8.86189 1
LTP3 -58.5963 -33.138 1.22808 2
LTP4 -57.5791 -31.7758 11.2913 2
LTP5 -54.5506 -30.7069 21.1908 2
LTP6 -50.3569 -27.641 29.128 2
PFD1 -8.46596 6.91008 37.4232 3
PFD2 -8.81163 8.74462 42.5916 2
PFD3 -9.38007 9.6374 46.7096 3
PFD4 -10.7313 11.6185 51.9599 3
PPD1 -16.0254 -23.4208 36.9859 3
PPD2 -15.5168 -22.7397 42.0175 3
PPD3 -15.0081 -22.0586 47.0491 3
PPD4 -13.5654 -21.459 51.0035 2
RF1 19.9516 86.635 2.42064 1
RF2 28.2599 82.1729 4.54617 2
RF3 35.914 76.7774 6.65758 2
RF4 42.3315 69.4499 9.73609 1
RF5 46.2307 61.9205 13.9869 1
RF6 49.4002 52.9544 18.1961 1
RF7 50.3358 43.3399 21.5186 2
RF8 50.3414 34.3753 24.9504 2
RFV1 4.00463 78.9246 36.2166 1
RFV2 7.771 72.8485 42.5815 2
RFV3 13.4014 66.0406 47.76 1
RFV4 20.2502 58.705 49.8022 1
RFV5 24.4419 51.8662 50.0584 2
RFV6 33.1365 41.3391 48.7452 1
RFV7 37.1896 35.199 46.0429 2
RFV8 42.524 27.3289 43.1354 3
RO1 26.3172 -63.1856 -31.9535 1
RO2 34.0878 -62.5894 -26.4442 1
RO3 39.1318 -61.2454 -17.6761 1
RO4 43.3969 -58.2444 -8.74363 2
RO5 46.5851 -55.0318 -0.724667 2
RO6 49.996 -50.8776 8.34462 2
RO7 50.3186 -46.2182 16.664 2
RO8 50.9438 -39.5455 25.0935 2
ROF1 30.3148 39.5495 -33.5554 1
ROF2 39.6023 41.0628 -30.1045 2
ROF3 47.1418 39.5803 -23.7099 1
ROF4 51.6562 37.4008 -15.1343 1
ROF5 53.8569 33.5011 -6.50519 1
ROF6 55.1233 29.6829 3.2011 1
ROF7 54.9386 24.1282 10.8885 1
ROF8 53.8199 18.6549 19.6531 2
RPF1 46.1395 -28.1625 47.2822 1
RPF2 49.5206 -18.2581 45.6781 1
RPF3 49.7378 -8.35207 43.2966 2
RPF4 49.6566 0.109081 39.8373 2
RPV1 14.2086 -57.8071 44.6211 1
RPV2 23.5615 -57.1134 43.9949 2
RPV3 31.8683 -52.0424 41.7208 1
RPV4 38.6751 -45.6146 37.6338 1
RTP1 38.7943 -29.1064 -28.61 2
RTP2 48.6193 -32.6514 -28.5428 1
RTP3 54.4991 -34.9206 -22.0805 1
RTP4 56.2195 -35.7186 -12.2092 1
RTP5 57.0855 -35.3632 -2.20102 2
RTP6 56.7946 -35.8678 7.83392 2
RTP7 56.3035 -34.2857 18.0198 2
RTP8 54.0812 -33.4252 27.2781 2
