LA1 -20.7479 17.1981 -4.85099 2
LA2 -25.6848 17.6504 -5.05798 2
LA3 -30.528 18.797 -5.97844 2
LA4 -35.4649 19.2493 -6.18543 3
LA5 -40.2837 20.0729 -7.41711 3
LA6 -45.2449 20.8482 -7.31289 3
LA7 -50.1817 21.3005 -7.51988 2
LA8 -55.025 22.4472 -8.44034 3
LA9 -59.9617 22.8995 -8.64734 2
LA10 -64.8985 23.3517 -8.85433 0
LA11 -69.7661 24.8214 -9.46357 0
LA12 -74.7029 25.2736 -9.67057 0
LB1 -25.5036 7.60918 -4.99609 2
LB2 -30.4403 8.06144 -5.20309 2
LB3 -35.3771 8.5137 -5.41008 2
LB4 -40.7362 8.65468 -5.9754 3
LB5 -45.673 9.10694 -6.18239 3
LB6 -50.7033 8.86477 -5.67592 2
LB7 -55.6644 9.64007 -5.5717 3
LB8 -60.1546 10.0806 -5.73158 3
LB9 -65.1158 10.8559 -5.62736 2
LB10 -70.0525 11.3081 -5.83436 0
LB11 -75.0829 11.066 -5.32788 0
LB12 -80.0196 11.5182 -5.53488 0
LC1 -26.2405 -3.90585 -0.882571 2
LC2 -31.2707 -4.14796 -0.376102 2
LC3 -36.3703 -5.40754 0.532618 3
LC4 -41.4006 -5.64976 1.03909 3
LC5 -46.0087 -5.5806 1.90389 2
LC6 -50.5923 -5.83453 2.45747 2
LC7 -55.6227 -6.07664 2.96394 3
LC8 -60.7709 -6.69024 4.4951 2
LC9 -65.379 -6.62108 5.3599 2
LC10 -70.4336 -6.5402 6.17759 0
LC11 -75.5818 -7.15379 7.70875 0
LC12 -80.1655 -7.40773 8.26233 0
LD1 -33.655 -5.62555 13.2909 3
LD2 -38.2631 -5.55639 14.1557 3
LD3 -43.4357 -5.84689 15.9981 3
LD4 -48.0437 -5.77773 16.8629 2
LD5 -53.1226 -5.37385 17.9918 2
LD6 -57.8243 -5.99917 19.5701 2
LD7 -62.9033 -5.59529 20.699 2
LD8 -67.0648 -5.53785 21.6109 1
LE1 -34.58 -22.17 26.5006 3
LE2 -39.2816 -22.7953 28.0789 2
LE3 -43.9832 -23.4206 29.6572 2
LE4 -48.6848 -24.0459 31.2354 2
LE5 -53.3864 -24.6712 32.8137 2
LE6 -58.088 -25.2965 34.392 2
LE7 -63.2362 -25.91 35.9231 1
LE8 -67.3977 -25.8527 36.835 0
LF1 -34.1309 -6.94487 21.7557 1
LF2 -38.2718 -5.22397 22.8878 2
LF3 -42.7658 -2.79686 23.2593 2
LF4 -47.2598 -0.36986 23.6308 3
LF5 -51.7538 2.05724 24.0024 3
LF6 -55.8012 4.47251 24.421 2
LF7 -59.8486 6.88782 24.8396 2
LF8 -64.3669 9.63791 25.5224 1
LG1 -39.9591 -21.8722 21.8805 2
LG2 -45.1072 -22.4857 23.4117 2
LG3 -50.1619 -22.4048 24.2294 2
LG4 -54.7456 -22.6588 24.7829 2
LG5 -59.8003 -22.5779 25.6006 2
LG6 -64.8306 -22.8201 26.1071 1
LG7 -69.5322 -23.4453 27.6854 0
LG8 -74.5625 -23.6875 28.1918 0
LH1 -29.2319 6.3331 12.8957 2
LH2 -29.3542 6.12792 18.2864 2
LH3 -29.3828 6.61715 22.9636 3
LH4 -29.9516 6.42373 28.3072 3
LH5 -29.9803 6.91296 32.9845 3
LH6 -30.549 6.71953 38.3281 3
LH7 -31.0243 7.22052 42.9582 3
LH8 -31.4995 7.72151 47.5884 2
LH9 -32.0927 7.85111 53.2432 2
LH10 -32.5679 8.35209 57.8733 3
LH11 -33.0675 9.17611 62.8147 2
LH12 -33.6362 8.98268 68.1583 2
LI1 -49.7849 24.4293 15.2 2
LI2 -53.9182 22.1772 15.2693 1
LI3 -58.4981 19.9367 15.2915 2
LI4 -63.0781 17.6963 15.3136 2
LI5 -67.2114 15.4441 15.3829 0
LI6 -71.7913 13.2036 15.4051 0
LI7 -75.949 11.2745 15.7856 0
LI8 -80.529 9.034 15.8078 0
LK1 -58.7684 16.8468 -17.1852 1
LK2 -60.0433 18.0657 -13.3627 2
LK3 -62.3292 18.9367 -8.6098 2
LK4 -64.9682 20.5139 -4.61746 1
LK5 -67.2298 21.0619 -0.17576 0
LK6 -69.8688 22.6391 3.81658 0
LK7 -72.577 23.1988 8.21117 0
LK8 -74.7694 24.7642 12.2506 0
LL1 -48.8751 42.7848 -10.2652 2
LL2 -48.6566 38.0572 -9.2315 2
LL3 -48.4625 33.6526 -7.88661 2
LL4 -47.891 28.2189 -6.09237 2
LL5 -47.6725 23.4913 -5.0587 2
LL6 -47.0074 18.7519 -3.97792 2
LL7 -46.789 14.0243 -2.94425 2
LL8 -46.1239 9.28489 -1.86347 2
LL9 -45.4832 4.86856 -0.471476 2
LL10 -44.9117 -0.565262 1.32277 3
LL11 -45.1398 -5.28105 2.30933 2
LL12 -44.0282 -10.0322 3.43722 3
