LA1 -10.2526 14.2849 -8.40333 3
LA2 -15.057 12.7746 -8.47074 2
LA3 -19.8614 11.2642 -8.53816 2
LA4 -24.6658 9.75393 -8.60557 3
LA5 -29.4674 8.68879 -8.48714 3
LA6 -34.2717 7.17848 -8.55456 3
LA7 -39.0734 6.11334 -8.43613 2
LA8 -43.7645 5.10983 -7.21465 3
LA9 -48.5661 4.04469 -7.09622 2
LA10 -53.3677 2.97956 -6.9778 2
LA11 -58.6489 1.89694 -6.81036 2
LA12 -63.4478 1.27699 -6.5061 0
LB1 -11.6446 4.05489 -11.4275 3
LB2 -15.2771 1.36723 -9.94439 3
LB3 -18.802 -1.70399 -7.54402 3
LB4 -22.4345 -4.39165 -6.06086 3
LB5 -26.0698 -7.52449 -4.76354 3
LB6 -29.7051 -10.6573 -3.46623 3
LB7 -33.3403 -13.7902 -2.16891 3
LB8 -36.9756 -16.923 -0.871593 3
LB9 -40.6109 -20.0559 0.425725 2
LB10 -44.2462 -23.1887 1.72304 2
LB11 -47.8815 -26.3215 3.02036 3
LB12 -51.0372 -29.4369 4.26867 2
LC1 -17.6228 -8.00736 -12.4989 3
LC2 -20.4149 -12.0572 -12.7743 3
LC3 -23.5761 -16.063 -11.8977 2
LC4 -26.2577 -20.0512 -11.0701 2
LC5 -29.0498 -24.1011 -11.3455 3
LC6 -32.211 -28.1068 -10.4689 2
LC7 -35.0031 -32.1567 -10.7443 2
LC8 -38.1643 -36.1624 -9.86772 2
LC9 -41.3228 -39.723 -8.80525 2
LC10 -44.1121 -43.3277 -8.89485 2
LC11 -47.3838 -47.395 -9.12127 1
LC12 -50.0626 -50.9381 -8.10782 0
LD1 -14.6497 -33.0801 -11.34 2
LD2 -19.2249 -33.1317 -8.64382 3
LD3 -23.9049 -32.3544 -6.67898 3
LD4 -28.1081 -32.0049 -4.94899 3
LD5 -32.6833 -32.0564 -2.25278 3
LD6 -36.8865 -31.7069 -0.522792 3
LD7 -41.4616 -31.7585 2.17342 2
LD8 -45.6649 -31.4089 3.90341 2
LD9 -50.24 -31.4605 6.59962 2
LD10 -54.8151 -31.512 9.29584 2
LD11 -59.0211 -31.6077 10.84 1
LD12 -64.1835 -31.2931 12.668 0
LE1 2.20572 -36.6968 14.6052 2
LE2 -1.89257 -37.176 17.0666 3
LE3 -5.99086 -37.6552 19.5279 3
LE4 -10.6765 -37.7684 21.1211 3
LE5 -15.9521 -37.9606 21.6602 3
LE6 -20.2714 -38.5631 21.9155 2
LE7 -25.5498 -39.2005 22.2688 3
LE8 -30.4536 -38.9918 21.8416 3
LE9 -35.2525 -39.6117 22.1459 3
LE10 -39.9408 -40.17 23.5532 3
LE11 -44.7341 -39.8996 24.2292 2
LE12 -49.4225 -40.458 25.6365 2
LF1 -26.1994 7.04327 -0.836956 2
LF2 -26.146 4.21765 3.42645 2
LF3 -26.0926 1.39202 7.68986 3
LF4 -26.0364 -0.988423 12.1391 3
LF5 -26.4627 -3.83153 16.4515 3
LF6 -26.4093 -6.65715 20.7149 3
LF7 -26.4636 -9.09922 24.0611 3
LF8 -26.413 -12.37 28.1387 3
LF9 -26.3568 -14.7505 32.5879 3
LF10 -26.783 -17.5936 36.9004 3
LF11 -26.7296 -20.4192 41.1638 2
LF12 -26.6735 -22.7996 45.613 1
LG1 -29.3383 23.1508 -6.81567 2
LG2 -29.3705 24.2702 -1.98277 3
LG3 -28.923 25.407 2.80113 3
LG4 -28.8475 26.1429 8.55125 3
LG5 -28.9902 27.2006 12.2811 2
LG6 -28.9146 27.9365 18.0312 2
LG7 -28.9496 28.6107 22.6783 3
LG8 -28.5021 29.7475 27.4622 3
LG9 -28.0547 30.8844 32.2461 3
LG10 -28.0869 32.0038 37.079 2
LG11 -28.1191 33.1232 41.9119 3
LG12 -27.6744 33.8149 46.51 2
LH1 -0.971103 42.9669 16.6742 2
LH2 -5.65671 42.8538 18.2674 3
LH3 -10.3423 42.7407 19.8606 3
LH4 -15.0251 43.0727 21.6396 3
LH5 -19.7107 42.9595 23.2327 3
LH6 -24.3963 42.8464 24.8259 3
LH7 -29.0819 42.7332 26.419 3
LH8 -33.7648 43.0653 28.198 2
LH9 -38.4504 42.9521 29.7912 2
LH10 -43.1332 43.2842 31.5702 2
LH11 -47.816 43.6162 33.3492 0
LH12 -52.5016 43.5031 34.9424 0
LI1 -14.5375 42.0379 -7.19708 2
LI2 -15.0548 42.2495 -2.68684 3
LI3 -14.982 42.5401 2.87744 3
LI4 -15.9789 42.7342 7.43669 3
LI5 -16.4935 43.3909 12.1328 3
LI6 -16.4235 43.2364 17.5112 3
LI7 -16.938 43.8931 22.2073 3
LI8 -17.4526 44.5499 26.9034 3
LI9 -17.3826 44.3953 32.2818 3
LI10 -17.8971 45.0521 36.9779 2
LI11 -17.8244 45.3427 42.5422 2
LI12 -18.3417 45.5543 47.0524 1
LJ1 3.23573 -48.1004 20.6181 1
LJ2 2.33544 -50.0707 25.3512 1
LJ3 0.952772 -52.5035 29.9475 2
LJ4 0.0497137 -54.9189 34.4948 2
LJ5 -1.92027 -56.9857 38.2228 2
LJ6 -3.41064 -59.035 41.9019 2
LJ7 -4.79607 -61.9131 46.3123 1
LJ8 -6.65558 -63.9183 51.1435 0
LK1 1.32424 -21.8789 49.2519 2
LK2 -1.11705 -22.6276 53.5865 2
LK3 -3.55833 -23.3763 57.9211 2
LK4 -6.00238 -24.5702 62.0699 1
LK5 -9.03098 -24.9529 65.5363 0
LK6 -11.475 -26.1468 69.685 0
LK7 -14.5064 -26.9746 72.9656 0
LK8 -17.802 -28.587 78.1296 0
LL1 -30.5972 -27.8438 10.1665 3
LL2 -35.396 -28.4637 10.4707 3
LL3 -40.1949 -29.0837 10.775 3
LL4 -45.5783 -28.8924 10.3969 3
LL5 -50.3771 -29.5123 10.7012 2
LL6 -55.1759 -30.1323 11.0054 2
LL7 -57.5684 -29.3293 11.6221 1
LL8 -63.1139 -31.1965 13.673 0
LM1 -30.9042 35.7235 -31.9014 2
LM2 -31.0828 30.9939 -30.5874 2
LM3 -31.1538 25.8808 -28.3563 2
LM4 -31.8092 21.5789 -26.8075 2
LM5 -31.5055 17.3119 -25.3567 3
LM6 -32.056 12.1813 -23.0765 2
LM7 -31.7523 7.91433 -21.6258 2
LM8 -32.4105 3.16725 -20.2628 2
LM9 -32.1068 -1.09969 -18.8121 3
LM10 -32.2854 -5.8293 -17.4981 3
LM11 -32.4613 -10.1137 -15.9983 3
LM12 -32.1603 -14.8258 -14.7334 3
RA1 14.1125 11.3241 -17.9539 2
RA2 19.3882 11.5164 -18.493 2
RA3 24.2892 10.8624 -18.2517 2
RA4 29.0852 11.0372 -18.7418 2
RA5 33.8813 11.2119 -19.2319 3
RA6 38.7851 11.0032 -18.8048 3
RA7 44.058 10.7502 -19.5298 3
RA8 48.8541 10.925 -20.0199 2
RA9 53.7579 10.7162 -19.5928 2
RA10 58.554 10.891 -20.0829 2
RA11 63.9373 10.6997 -19.7048 1
RA12 68.2538 10.857 -20.1458 0
RB1 18.705 2.76264 -18.8026 3
RB2 24.0856 2.12615 -18.6103 3
RB3 28.9866 1.47218 -18.369 3
RB4 33.8877 0.818213 -18.1278 3
RB5 38.7887 0.164245 -17.8865 2
RB6 43.6924 -0.0445399 -17.4594 3
RB7 48.5962 -0.253325 -17.0323 3
RB8 53.4972 -0.907293 -16.791 3
RB9 58.3983 -1.56126 -16.5497 3
RB10 63.2993 -2.21523 -16.3085 2
RB11 68.0954 -2.04046 -16.7986 2
RB12 72.5168 -2.7119 -16.5083 0
RC1 29.2078 34.699 -32.8471 0
RC2 32.2815 30.9205 -32.6076 2
RC3 34.9805 26.2957 -31.5877 2
RC4 37.5746 22.4997 -31.2992 2
RC5 40.6483 18.7212 -31.0597 3
RC6 43.3501 14.5416 -29.854 3
RC7 46.0519 10.3621 -28.6483 2
RC8 48.6459 6.56607 -28.3598 2
RC9 50.8681 2.36904 -27.105 2
RC10 53.939 -1.85467 -27.0514 2
RC11 56.1612 -6.05171 -25.7966 2
RC12 59.2349 -9.83023 -25.5572 2
