LFC1 -51.3422 31.5316 33.9229 0
LFC2 -53.1016 21.9875 37.1529 0
LFC3 -53.8391 12.1046 39.3291 0
LFC4 -55.1164 2.68427 41.556 0
LFC5 -55.3514 -7.16056 43.7252 0
LFC6 -55.0841 -16.9673 45.8875 0
LFC7 -51.3574 -25.9214 47.0488 0
LFC8 -44.7111 -33.5601 47.2601 0
LG1 -11.8716 -93.2766 -24.8053 0
LG2 -21.0238 -92.1307 -22.5126 0
LG3 -29.151 -90.9943 -19.2377 0
LG4 -36.6091 -85.2764 -15.5821 0
LG5 -41.7214 -76.9509 -10.7459 0
LG6 -46.3345 -68.9165 -7.95276 0
LG7 -48.0077 -59.6526 -5.11361 0
LG8 -49.5253 -51.7328 1.6223 0
LG9 -9.3266 -98.8163 -17.3026 0
LG10 -18.4586 -97.7561 -14.0138 0
LG11 -25.8218 -93.1251 -9.4498 0
LG12 -35.7174 -88.5987 -5.84714 0
LG13 -40.7753 -81.1887 -2.09476 0
LG14 -43.4161 -72.5015 0.714444 0
LG15 -43.5821 -63.1233 3.53274 0
LG16 -44.6921 -54.0785 9.35328 0
LG17 -5.10453 -99.3692 -7.3971 0
LG18 -14.2162 -98.3947 -3.11218 0
LG19 -22.5299 -94.7553 0.381942 0
LG20 -30.9183 -90.1147 3.96375 0
LG21 -36.4786 -82.7427 7.72308 0
LG22 -42.0763 -74.8702 11.5263 0
LG23 -41.7399 -65.454 14.3376 0
LG24 -44.4179 -56.2662 17.1906 0
LG25 -1.57467 -97.7862 0.698528 0
LG26 -11.1142 -97.8509 4.90271 0
LG27 -19.333 -95.2985 9.30526 0
LG28 -27.572 -92.6604 12.7117 0
LG29 -34.117 -85.4502 17.481 0
LG30 -38.7301 -77.4158 20.2742 0
LG31 -41.4082 -68.228 23.1272 0
LG32 -44.5684 -59.1639 26.9834 0
LG33 -10.0517 -98.3612 5.84108 0
LG34 -17.6903 -96.4427 12.1851 0
LG35 -23.9505 -92.4935 19.6797 0
LG36 -27.498 -84.6401 25.4473 0
LG37 -31.086 -76.6153 29.2226 0
LG38 -35.1561 -68.7143 34.0011 0
LG39 -37.2945 -59.989 36.8033 0
LG40 -39.4499 -50.8489 40.6455 0
LG41 -4.01625 -97.2462 9.82982 0
LG42 -10.0526 -96.3005 17.0614 0
LG43 -13.4103 -90.6211 24.6458 0
LG44 -18.8725 -84.0069 31.3496 0
LG45 -24.7285 -79.2618 35.8928 0
LG46 -27.9057 -69.7829 40.7889 0
LG47 -29.1139 -59.9802 43.6649 0
LG48 -32.2197 -51.8317 46.4372 0
LT1 -51.5779 15.1758 0.395142 0
LT2 -55.9443 6.52831 2.75148 0
LT3 -58.189 -3.46875 4.94849 0
LT4 -59.9687 -12.9271 7.1824 0
LT5 -61.7483 -22.3855 9.4163 0
LT6 -61.481 -32.1923 11.5786 0
OPI1 -8.78758 -43.9214 -6.56572 0
OPI2 -3.53337 -52.847 -4.42912 0
OPI3 1.68353 -61.272 -2.24866 0
OPI4 5.3729 -69.7255 -1.04347 0
OPI5 8.15234 -79.342 1.08404 0
OPI6 7.85967 -88.6005 2.30098 0
PH1 -13.4336 -30.1571 -11.31 0
PH2 -18.3256 -32.1252 -10.3759 0
PH3 -22.7524 -33.5547 -9.40493 0
PH4 -27.6647 -35.437 -9.46696 0
PPI1 2.05261 -41.6036 22.5263 0
PPI2 3.77608 -50.0515 27.7876 1
PPI3 6.00198 -58.4614 33.042 1
PPI4 6.75792 -67.4861 38.2733 0
PPI5 3.86473 -75.1897 42.6887 0
PPI6 -5.08391 -76.9616 43.7222 0
PST1 -46.5082 11.5928 -18.0867 0
PST2 -50.8607 2.20129 -18.8063 0
PST3 -54.2085 -7.11408 -19.5399 0
PST4 -56.4735 -17.0254 -18.339 0
PST5 -57.2313 -26.8226 -17.159 0
PST6 -56.9639 -36.6293 -14.9967 0
