LF1 -4.20211 45.7557 69.9503 2
LF2 -8.40398 46.2077 72.8088 3
LF3 -12.6059 46.6596 75.6673 3
LF4 -16.8077 47.1115 78.5259 2
LF5 -21.3998 48.0153 80.4446 2
LF6 -25.6017 48.4673 83.3031 1
LF7 -29.6934 49.2928 85.2514 0
LF8 -33.285 50.0403 87.2294 0
LG1 -8.94345 60.142 20.5955 2
LG2 -10.7332 60.4027 25.7875 3
LG3 -12.5437 60.0898 29.7044 3
LG4 -13.8332 60.2722 34.926 3
LG5 -15.5784 60.433 39.0253 3
LG6 -16.9333 60.1418 44.0645 3
LG7 -18.6129 60.7762 48.3464 3
LG8 -19.9678 60.4851 53.3855 3
LG9 -21.6475 61.1193 57.6673 2
LG10 -23.0024 60.8282 62.7065 2
LG11 -24.7476 60.989 66.8058 2
LG12 -26.1024 60.6979 71.845 1
LD1 -6.16752 57.1002 45.2615 3
LD2 -10.8904 57.0569 46.8152 3
LD3 -15.5031 57.3872 47.4588 3
LD4 -20.7262 57.4221 48.9829 3
LD5 -25.3837 57.8523 50.7191 3
LD6 -29.6716 57.2572 52.1199 3
LD7 -34.3944 57.2139 53.6736 3
LD8 -38.617 57.0924 55.257 2
LD9 -43.4052 56.5755 56.6282 1
LD10 -47.1274 56.3758 58.2412 0
LD11 -52.4606 56.037 60.6754 0
LD12 -57.7938 55.6982 63.1097 0
LE1 -0.657971 33.9815 64.9565 2
LE2 -5.8811 34.0164 66.4806 2
LE3 -10.5592 33.8732 66.9416 3
LE4 -15.3474 33.3563 68.3128 3
LE5 -20.4605 33.7648 68.9267 3
LE6 -25.1833 33.7215 70.4804 3
LE7 -29.7961 34.0519 71.124 3
LE8 -34.5188 34.0086 72.6777 2
LB1 -21.7263 16.9432 6.33369 2
LB2 -24.3606 13.0938 5.66539 2
LB3 -27.1048 8.87084 5.90727 2
LB4 -29.8492 4.64793 6.14916 2
LB5 -32.9837 0.876757 5.45123 3
LB6 -35.618 -2.97255 4.78292 2
LB7 -38.8178 -7.21716 3.90251 2
LB8 -41.5622 -11.4402 4.14439 3
LB9 -44.6967 -15.2112 3.44646 3
LB10 -47.331 -19.0606 2.77816 3
LB11 -50.4655 -22.8317 2.08023 2
LB12 -53.6 -26.6028 1.3823 2
LC1 -29.1404 33.8048 30.7907 3
LC2 -27.4281 33.5179 36.1901 3
LC3 -26.0407 34.1565 40.8322 2
LC4 -24.2183 34.2432 45.3214 3
LC5 -22.8963 34.4082 49.781 3
LC6 -21.0739 34.495 54.2703 3
LC7 -19.7519 34.66 58.7299 3
LC8 -17.9296 34.7467 63.2191 3
LC9 -16.7175 34.5381 68.5889 2
LC10 -15.8304 35.2549 73.2014 2
LC11 -15.0086 35.498 77.6314 2
LC12 -13.7967 35.2894 83.0012 3
LA1 -14.7048 17.6684 11.6667 2
LA2 -20.0588 16.7562 12.8258 2
LA3 -24.7369 16.6129 13.2868 2
LA4 -29.415 16.4697 13.7479 3
LA5 -34.5934 16.4047 14.1793 3
LA6 -39.8371 15.8661 14.4282 3
LA7 -44.5154 15.7229 14.8892 3
LA8 -49.1281 16.0532 15.5327 3
LI1 -31.1437 42.7554 -0.0915088 2
LI2 -32.4525 37.8243 0.0567629 3
LI3 -33.7613 32.8931 0.205044 3
LI4 -35.0701 27.9619 0.353313 3
LI5 -36.8792 23.1089 0.47196 3
LI6 -38.0572 19.1248 0.985231 3
LI7 -39.4968 13.2465 0.76851 3
LI8 -40.8056 8.31523 0.916778 3
LI9 -42.0043 3.75775 0.154868 3
LI10 -43.2478 -0.699892 0.485638 3
LI11 -44.4464 -5.25747 -0.276268 3
LI12 -45.8207 -10.6623 -0.310501 3
RD1 10.2616 55.5182 41.2937 3
RD2 15.4401 55.5832 40.8623 3
RD3 20.1182 55.7265 40.4013 3
RD4 25.2312 55.3179 39.7874 3
RD5 30.0194 55.8348 38.4162 3
RD6 35.1978 55.8998 37.9847 3
RD7 39.3102 55.6477 37.3116 2
RD8 44.5988 56.0864 35.97 2
RD9 49.2115 55.756 35.3265 1
RD10 53.8896 55.8993 34.8654 0
RD11 59.0027 55.4907 34.2515 0
RD12 63.1151 55.2386 33.5784 0
RE1 10.3673 29.5408 66.7283 3
RE2 15.5009 29.7057 67.3896 3
RE3 20.069 29.4754 67.8388 3
RE4 25.0272 28.793 69.2277 3
RE5 29.5953 28.5626 69.6769 2
RE6 34.6636 28.254 70.1557 3
RE7 39.1216 27.6499 71.515 3
RE8 44.2552 27.8148 72.1763 2
RF1 13.4218 42.1447 66.4341 3
RF2 18.38 41.4624 67.823 3
RF3 23.5137 41.6274 68.4843 2
RF4 27.9717 41.0233 69.8437 2
RF5 33.1054 41.1882 70.5049 2
RF6 37.7388 41.4313 71.1366 2
RF7 42.1967 40.8273 72.4959 1
RF8 47.2651 40.5186 72.9747 1
RF9 52.3334 40.21 73.4535 0
RF10 56.7914 39.6059 74.8128 0
RF11 61.3147 39.4754 76.3547 0
RF12 65.9034 39.8184 78.079 0
RG1 14.6952 47.5328 21.8875 3
RG2 15.5823 48.2496 26.5 3
RG3 16.9697 48.8882 31.1421 3
RG4 18.3124 49.6267 36.8769 3
RG5 19.7653 50.7387 41.7015 3
RG6 21.2628 51.751 45.4334 3
RG7 22.7156 52.8631 50.258 3
RG8 24.103 53.5017 54.9001 3
RG9 25.5558 54.6137 59.7247 3
RG10 26.4429 55.3305 64.3372 3
RG11 27.8957 56.4427 69.1618 2
RG12 29.8281 56.903 72.7409 2
RA1 19.8084 26.9172 9.56868 2
RA2 24.9214 26.5087 8.95477 2
RA3 29.424 25.8047 9.22142 3
RA4 34.6025 25.8697 8.79002 3
RA5 39.1052 25.1657 9.05668 3
RA6 44.2182 24.7571 8.44278 2
RA7 49.2865 24.4485 8.92156 3
RA8 54.3549 24.1398 9.40034 2
RB1 22.5721 16.0468 2.69524 2
RB2 27.2034 12.9966 3.17171 2
RB3 30.8997 10.5765 3.77144 2
RB4 35.0962 8.07812 4.40079 3
RB5 39.2272 5.10619 4.84764 3
RB6 43.3583 2.13426 5.29449 3
RB7 47.4895 -0.837665 5.74136 3
RB8 51.1202 -3.73135 6.15857 3
RC1 37.5233 26.621 23.2023 2
RC2 36.6034 25.7781 28.0886 2
RC3 36.249 25.3305 33.187 2
RC4 35.3291 24.4876 38.0733 2
RC5 34.9095 23.5664 42.9892 3
RC6 34.0549 23.1971 48.058 3
RC7 33.245 22.7278 52.0341 3
RC8 32.3904 22.3585 57.1029 3
RC9 31.4704 21.5155 61.9891 3
RC10 31.1162 21.068 67.0876 3
RC11 30.3716 21.0723 71.2462 3
RC12 30.0173 20.6247 76.3446 3
RH1 16.7697 81.0738 34.5141 2
RH2 18.5694 77.2937 37.573 3
RH3 19.8033 73.1184 40.4198 3
RH4 21.1475 69.3167 42.3564 3
RH5 22.9471 65.5367 45.4153 3
RH6 24.1812 61.3613 48.262 3
RH7 24.9149 57.2642 51.0792 3
RH8 26.3244 53.9361 53.1983 3
RH9 27.5583 49.7608 56.045 3
RH10 28.7923 45.5854 58.8918 2
RH12 31.3704 37.6083 63.6752 3
RH11 30.1364 41.7836 60.8284 3
RJ1 13.1257 -23.7901 39.9329 3
RJ2 18.0426 -25.6195 38.7715 3
RJ3 22.4146 -27.2705 38.6732 3
RJ4 27.3969 -28.6262 37.6943 3
RJ5 31.8789 -29.9038 36.6857 3
RJ6 36.3609 -31.1812 35.6772 3
RJ7 40.843 -32.4587 34.6687 3
RJ8 45.7151 -34.1881 34.6 3
RJ9 50.1972 -35.4655 33.5915 3
RJ10 54.6791 -36.743 32.5829 2
RJ11 59.6615 -38.0987 31.604 1
RJ12 64.1434 -39.3761 30.5955 0
