LA1 -41.6485 -40.4409 -63.1717 2
LA2 -44.2561 -44.2016 -65.6298 1
LA3 -47.3248 -48.2965 -67.1165 1
LA4 -49.8242 -51.9547 -68.4585 1
LA5 -52.8929 -56.0497 -69.9453 2
LA6 -55.3923 -59.708 -71.2873 1
LA7 -58.9194 -63.2838 -72.5371 1
LA8 -61.366 -67.3176 -72.9538 1
LA9 -64.8932 -70.8934 -74.2037 1
LA10 -67.9064 -74.5103 -75.4996 1
LA11 -70.9752 -78.6053 -76.9863 1
LA12 -73.4746 -82.2636 -78.3283 1
LC1 -40.7794 -58.0985 -72.5486 1
LC2 -43.3315 -61.3813 -74.8159 1
LC3 -45.9392 -65.142 -77.274 1
LC4 -49.0053 -68.3835 -79.4953 3
LC5 -52.074 -72.4784 -80.982 3
LC6 -55.14 -75.7199 -83.2032 1
LC7 -58.6117 -78.8177 -84.2623 1
LC8 -61.5721 -82.8102 -84.6329 1
LC9 -65.0992 -86.386 -85.8828 1
LC10 -68.5708 -89.4838 -86.9419 1
LC11 -71.5313 -93.4764 -87.3125 1
LC12 -74.5446 -97.0934 -88.6084 1
LE1 -24.1824 -107.637 -69.8237 3
LE2 -28.518 -110.072 -69.4838 2
LE3 -33.4202 -112.09 -70.0231 1
LE4 -37.7558 -114.525 -69.6831 1
LE5 -42.0888 -116.106 -70.0777 1
LE6 -46.4771 -118.166 -70.6631 1
LE7 -51.3266 -120.56 -70.277 1
LE8 -55.715 -122.619 -70.8624 0
LF1 -43.225 -51.4117 -53.4847 2
LF2 -42.5581 -54.2864 -49.2857 2
LF3 -41.8912 -57.161 -45.0868 1
LF4 -41.2798 -60.5137 -41.0787 1
LF5 -40.099 -63.4296 -36.9258 3
LF6 -39.9988 -65.8875 -33.6062 3
LF7 -38.8181 -68.8035 -29.4533 2
LF8 -38.6096 -71.159 -25.0175 2
LG1 -39.1309 -29.5511 -44.8467 2
LG2 -38.9779 -32.3845 -40.6017 1
LG3 -38.8777 -34.8424 -37.2821 1
LG4 -38.7247 -37.6758 -33.0371 1
LG5 -38.5717 -40.5092 -28.7921 2
LG6 -38.4187 -43.3427 -24.5471 2
LG7 -37.8072 -46.6952 -20.539 1
LG8 -37.7625 -49.6311 -17.4101 2
LH1 -15.937 -15.9426 -30.9211 1
LH2 -18.9727 -17.7774 -28.2503 1
LH3 -21.9557 -19.9876 -24.6542 3
LH4 -25.5054 -21.7811 -21.9373 3
LH5 -27.9745 -24.0326 -18.3873 3
LH6 -30.4992 -26.7621 -15.0281 2
LH7 -33.5904 -29.0748 -12.5481 1
LH8 -36.1705 -32.2822 -9.37962 1
LI1 -24.6003 -43.6775 -3.85712 2
LI2 -24.3363 -45.5551 0.76944 1
LI3 -24.5307 -46.9134 5.63286 1
LI4 -24.2668 -48.7909 10.2594 1
LI5 -24.0054 -51.522 15.6205 0
LI6 -24.3081 -52.9828 19.3678 0
LI7 -24.6108 -54.4436 23.1151 0
LI8 -24.8606 -56.2799 27.7878 0
RA1 -4.0049 -26.4318 -62.8767 1
RA2 0.397962 -28.7149 -64.0544 1
RA3 4.85631 -30.5201 -65.0414 1
RA4 8.68983 -33.2399 -66.3639 2
RA5 12.5789 -35.4818 -67.4956 1
RA6 16.9817 -37.7648 -68.6734 1
RA7 20.7624 -40.1092 -70.9212 1
RA8 25.1653 -42.3922 -72.099 1
RA9 28.946 -44.7365 -74.3468 1
RA10 32.835 -46.9784 -75.4785 1
RA11 37.1296 -49.3639 -77.7724 1
RA12 41.0186 -51.6058 -78.9041 1
RB1 5.95403 -34.4673 -66.7059 1
RB2 10.3014 -37.2284 -68.0745 1
RB3 13.5628 -41.2383 -68.8072 1
RB4 16.9353 -44.2922 -69.1583 1
RB5 20.7688 -47.012 -70.4808 1
RB6 24.5996 -50.5853 -71.0687 2
RB7 27.8638 -53.7416 -72.5359 1
RB8 31.7501 -56.8369 -72.9331 1
RB9 35.6365 -59.9322 -73.3303 1
RB10 39.4673 -63.5055 -73.9183 1
RB11 43.3535 -66.6007 -74.3155 1
RB12 46.726 -69.6547 -74.6666 1
RC1 10.37 -51.1849 -78.0652 1
RC2 13.1177 -55.1534 -78.7518 2
RC3 15.757 -59.2245 -80.5545 2
RC4 18.4518 -62.8176 -82.1664 1
RC5 21.1994 -66.7861 -82.853 1
RC6 23.8387 -70.8572 -84.6557 2
RC7 26.5335 -74.4502 -86.2676 2
RC8 29.1728 -78.5212 -88.0704 1
RD1 8.59853 -74.8634 -94.0577 1
RD2 12.0237 -78.2929 -93.4835 1
RD3 15.9629 -81.7637 -92.9553 2
RD4 19.3354 -84.8177 -93.3065 2
RD5 23.3299 -87.8106 -92.5875 2
RD6 26.7551 -91.2402 -92.0133 1
RD7 30.6415 -94.3355 -92.4105 1
RD8 34.0667 -97.7649 -91.8363 2
RF1 22.6558 -57.4453 -57.5311 1
RF2 22.3504 -59.7595 -53.0492 1
RF3 21.9896 -62.5517 -48.7582 1
RF4 21.7398 -64.388 -44.0855 1
RF5 21.3816 -66.3266 -40.529 1
RF6 21.0762 -68.6409 -36.0472 3
RF7 20.3125 -70.4359 -31.3285 3
RF8 20.5765 -72.3135 -26.7019 2
RG1 22.8027 -34.6742 -47.2177 1
RG2 22.0389 -36.4693 -42.499 1
RG3 21.2752 -38.2643 -37.7803 1
RG4 21.0253 -40.1006 -33.1076 1
RG5 20.2616 -41.8956 -28.3889 1
RG6 19.9562 -44.2099 -23.9071 2
RG7 19.1925 -46.0049 -19.1884 1
RG8 18.4287 -47.7999 -14.4697 2
RH1 4.22601 -13.8112 -46.3367 1
RH2 6.84009 -16.9534 -43.4382 1
RH3 9.45416 -20.0956 -40.5396 2
RH4 12.0154 -22.8623 -38.5664 3
RH5 14.574 -26.4824 -35.8587 3
RH6 17.1881 -29.6245 -32.9601 2
RH7 19.2328 -33.2033 -30.2063 1
RH8 21.8469 -36.3455 -27.3078 3
RI1 8.29531 -43.7585 -9.00921 1
RI2 8.72846 -43.3489 -4.54482 1
RI3 9.15892 -43.7926 0.654096 1
RI4 9.59207 -43.383 5.11849 1
RI5 10.078 -43.3489 10.5082 1
RI6 11.0224 -43.834 15.661 0
RI7 11.4528 -44.2778 20.86 0
RI8 12.3971 -44.7628 26.0128 0
