LST1 -33.9251 -2.98228 -38.717 1
LST2 -42.3023 -0.338925 -40.2314 2
LST3 -49.3372 2.57316 -34.6578 1
LST4 -49.2393 5.01584 -25.2216 2
MST1 16.6234 -43.2823 -32.0917 1
MST2 25.7066 -39.587 -33.7295 2
MST3 34.8052 -36.0322 -34.3773 2
MST4 43.4679 -31.9304 -35.9509 1
OC1 50.5216 -18.8878 35.4886 3
OC2 44.8433 -23.2418 42.0305 3
OC3 37.0605 -26.6589 47.728 1
OC4 28.4059 -28.9822 51.574 0
OC5 18.8392 -29.1071 51.7056 2
OC6 11.2275 -25.4794 46.2784 2
PST1 32.6198 -62.6643 -6.80736 2
PST2 41.7494 -59.3904 -5.47527 2
PST3 49.5772 -53.7925 -5.81343 2
PST4 56.15 -46.2921 -4.85196 2
PST5 61.4656 -37.9844 -3.75631 1
PST6 64.6816 -29.1515 -3.56352 1
RG1 27.6189 59.1371 -12.6824 2
RG2 36.8561 57.7307 -7.97542 1
RG3 46.0823 56.0529 -4.31694 2
RG4 52.4616 52.2683 2.1175 2
RG5 55.5363 46.3809 8.3052 2
RG6 54.479 37.9681 14.1991 3
RG7 53.4126 30.379 20.21 2
RG8 51.9457 22.6439 27.2166 3
RG9 27.1486 67.7711 -8.41971 2
RG10 36.3903 65.9529 -3.77126 2
RG11 43.5724 63.5552 1.83727 3
RG12 49.5603 58.801 9.15039 1
RG13 50.985 51.6563 15.1855 1
RG14 49.9186 44.0671 21.1964 1
RG15 48.0203 36.4671 27.2187 3
RG16 46.5362 27.7774 32.0699 1
RG17 57.396 16.1945 -36.4118 0
RG18 58.3778 15.2128 -26.465 0
RG19 58.9454 15.3206 -15.3471 0
RG20 62.0052 13.2709 -6.59445 1
RG21 62.5866 12.1434 4.34797 1
RG22 61.4716 10.1797 12.1679 2
RG23 58.7037 8.46582 21.0591 3
RG24 54.6971 5.91189 29.8506 3
RG25 53.1204 25.3415 -36.0575 0
RG26 54.9587 23.4064 -25.2492 0
RG27 56.7479 23.3997 -16.1869 0
RG28 59.8048 22.8569 -6.21027 1
RG29 60.3908 21.3174 4.67365 1
RG30 58.8707 19.6198 13.5478 2
RG31 56.1073 17.494 22.3805 2
RG32 51.2734 14.5174 31.1249 1
RG33 56.6327 10.0058 -37.2779 0
RG34 58.8761 7.80476 -27.5238 0
RG35 61.9313 6.16692 -18.7126 0
RG36 63.745 5.19604 -8.77734 0
RG37 64.3293 2.56143 0.94111 1
RG38 62.8338 -0.100355 10.6882 2
RG39 60.0842 -3.4617 19.3454 2
RG40 56.0912 -7.25122 27.9613 3
RG41 54.0472 19.3054 -34.908 0
RG42 55.4496 17.9172 -25.0255 0
RG43 61.0125 13.9813 -17.5897 0
RG44 63.6581 13.0213 -7.66581 1
RG45 63.4013 11.1995 2.18109 1
RG46 61.9121 9.22102 13.0351 2
RG47 57.0873 5.42065 21.6625 3
RG48 52.674 2.03756 30.3426 2
RG49 49.1457 -21.2771 -36.5484 2
RG50 57.9297 -23.0913 -34.9227 2
RG51 63.8811 -24.5507 -27.1415 3
RG52 65.2651 -24.2914 -17.025 2
RG53 64.99 -24.4657 -6.94409 1
RG54 65.14 -25.4584 3.01409 1
RG55 64.0284 -25.2317 13.1649 3
RG56 61.2513 -26.1219 22.1732 2
RG57 51.0892 -11.4963 -37.2114 1
RG58 60.3046 -13.4455 -34.6014 1
RG59 65.831 -14.0866 -26.6976 1
RG60 66.4014 -15.4857 -16.8036 3
RG61 66.1262 -15.6599 -6.72269 1
RG62 66.683 -15.8235 3.34677 2
RG63 65.1401 -15.4618 12.5134 3
RG64 60.2787 -15.9674 21.6088 3
RH1 28.4214 -11.8426 -21.7547 3
RH2 32.9985 -10.6877 -20.6522 2
RH3 37.5493 -9.66379 -21.5881 2
RH4 42.5314 -8.77487 -21.5397 1
RH5 47.5181 -8.2978 -21.5499 2
RH6 52.5157 -7.54933 -20.5116 1
RH7 57.0819 -6.66584 -20.4575 1
RH8 62.0795 -5.91737 -19.4192 1
