LA1 -11.7632 23.8624 14.5756 2
LA2 -16.3936 22.7504 13.0252 2
LA3 -20.8615 20.4446 12.1833 2
LA4 -25.4308 18.5993 11.4678 3
LA5 -30.5787 17.1223 10.8324 3
LA6 -34.6708 15.3694 10.1631 3
LA7 -39.7174 13.4317 9.40134 3
LA8 -44.2867 11.5865 8.68582 3
LA9 -48.917 10.4745 7.13544 2
LA10 -53.5267 8.35659 7.38118 1
LA11 -58.0961 6.51133 6.66567 0
LA12 -62.6654 4.66608 5.95016 0
LB1 -7.30812 9.04296 13.6803 2
LB2 -9.64361 5.17959 14.5668 2
LB3 -12.3953 0.490557 16.242 2
LB4 -14.7308 -3.37281 17.1286 2
LB5 -18.0207 -7.42098 17.9226 2
LB6 -20.3562 -11.2844 18.8092 2
LB7 -23.1689 -15.2401 19.6495 2
LB8 -26.3574 -19.7489 20.3171 3
LB9 -29.1701 -23.7047 21.1574 2
LB10 -32.4601 -27.7528 21.9514 2
LB11 -34.7551 -31.3436 21.8767 2
LB12 -38.0451 -35.3917 22.6708 2
LD1 -13.8689 -16.8011 19.5977 2
LD2 -18.2447 -18.178 21.1038 2
LD3 -22.1837 -19.7352 23.6174 3
LD4 -26.3256 -20.3713 26.3837 3
LD5 -30.366 -21.4679 29.0237 3
LD6 -34.6093 -21.6433 31.9164 3
LD7 -38.6902 -23.0126 35.5177 2
LD8 -42.3549 -23.5562 38.3303 2
LD9 -46.0195 -24.0998 41.1429 3
LD10 -50.06 -25.1964 43.7829 2
LD11 -54.2423 -26.1051 47.5105 1
LD12 -58.0084 -26.1881 50.4495 0
LE1 3.33154 -4.22556 59.2581 2
LE2 -1.74498 -3.76781 59.1745 2
LE3 -6.82151 -3.31004 59.0909 3
LE4 -11.7966 -3.31289 58.8809 3
LE5 -16.4363 -3.03538 59.8049 3
LE6 -21.8886 -3.13063 59.5486 3
LE7 -26.7218 -3.32142 58.251 3
LE8 -31.6565 -3.0516 57.0798 3
LE9 -36.5301 -3.51504 56.7434 3
LE10 -41.3634 -3.70583 55.4458 2
LE11 -46.3995 -2.97541 54.4009 2
LE12 -50.9988 -2.42524 54.3636 2
LF1 -21.1115 21.9712 27.17 2
LF2 -21.0392 21.6215 32.2753 2
LF3 -20.4897 21.3642 37.427 2
LF4 -19.524 21.9326 41.79 3
LF5 -18.9746 21.6753 46.9416 3
LF6 -18.4251 21.418 52.0932 3
LF7 -17.8352 21.4334 56.2836 3
LF8 -17.2857 21.1761 61.4352 3
LF9 -16.7362 20.9188 66.5868 3
LF10 -16.0853 20.2009 71.6121 3
LF11 -15.4954 20.2163 75.8024 3
LF12 -15.4231 19.8666 80.9078 2
LG1 -23.0715 33.6295 18.9511 3
LG2 -22.8978 32.8192 23.9301 2
LG3 -22.6227 31.5483 28.7827 2
LG4 -22.449 30.738 33.7616 2
LG5 -22.2753 29.9277 38.7406 2
LG6 -21.6243 29.2098 43.7659 3
LG7 -21.4102 28.6722 47.7836 3
LG8 -21.2365 27.8619 52.7625 3
LG9 -20.5856 27.144 57.7878 3
LG10 -20.7877 25.7807 62.5941 3
LG11 -20.614 24.9704 67.573 2
LG12 -20.3388 23.6995 72.4256 2
LH1 6.47881 51.2586 29.3552 3
LH2 1.71703 53.0027 28.6094 3
LH3 -2.9433 54.2861 27.7372 2
LH4 -8.69992 55.5727 27.8601 3
LH5 -12.5787 55.5667 26.655 3
LH6 -17.6552 56.0244 26.5714 3
LH7 -22.6303 56.0216 26.3615 2
LH8 -27.504 55.5582 26.0251 2
LH9 -32.4386 55.828 24.8539 2
LH10 -37.3123 55.3645 24.5175 2
LH11 -42.6631 54.8087 24.1349 2
LH12 -47.6382 54.8058 23.9249 1
LI1 -7.59982 48.8608 4.15626 2
LI2 -7.93333 50.3535 9.76715 3
LI3 -8.12497 51.6583 14.2904 3
LI4 -8.41807 53.4237 18.94 3
LI5 -9.08694 54.6361 23.417 3
LI6 -9.38003 56.4015 28.0666 3
LI7 -10.1503 58.0744 32.67 3
LI8 -10.9207 59.7474 37.2733 3
LI9 -11.1123 61.0522 41.7965 3
LI10 -11.8826 62.7252 46.3999 3
LI11 -12.0743 64.0299 50.9231 3
LI12 -12.8446 65.7029 55.5265 3
LJ1 -23.8801 32.8901 -7.30009 3
LJ2 -27.4743 30.2237 -6.12691 3
LJ3 -31.5862 27.1923 -4.03875 3
LJ4 -35.3223 24.7139 -1.77793 3
LJ5 -38.957 21.7749 0.35651 3
LJ6 -42.1755 19.6615 1.70234 2
LJ7 -46.2874 16.6301 3.79051 2
LJ8 -49.5463 14.244 6.0976 2
LJ9 -53.6582 11.2126 8.18576 2
LJ10 -57.2928 8.27358 10.3202 1
LJ11 -61.029 5.79516 12.581 0
LJ12 -64.7247 3.58939 13.8806 0
RA1 22.7872 25.1532 11.1928 2
RA2 27.0511 24.3227 10.0962 2
RA3 32.2695 23.677 9.09215 2
RA4 37.5283 23.3039 7.12683 2
RA5 41.7922 22.4734 6.03023 3
RA6 46.5334 21.7353 4.9799 3
RA7 51.1731 21.4578 4.05595 3
RA8 56.4319 21.0848 2.09064 2
RA9 61.1731 20.3467 1.04031 2
RA10 65.8532 20.3418 -0.844898 0
RA11 70.4525 19.7917 -0.807581 0
RA12 75.7113 19.4186 -2.7729 0
RB1 25.994 14.1988 10.301 2
RB2 30.1056 10.8882 10.5751 3
RB3 33.7401 7.48513 10.803 2
RB4 37.3341 3.80941 11.9921 2
RB5 40.8671 0.866962 12.3463 2
RB6 44.5015 -2.53609 12.5741 3
RB7 48.136 -5.93915 12.802 2
RB8 51.7704 -9.3422 13.0298 2
RB9 55.5063 -13.2059 13.1312 2
RB10 59.0393 -16.1483 13.4855 2
RB11 63.2524 -19.9196 13.6332 1
RB12 66.8868 -23.3226 13.861 0
RC1 31.3452 -0.213989 19.9618 2
RC2 34.462 -3.98211 21.1046 2
RC3 37.6802 -8.21083 22.121 3
RC4 41.3147 -11.6139 22.3488 3
RC5 44.4315 -15.382 23.4917 2
RC6 47.5483 -19.1501 24.6345 2
RC7 50.7055 -22.6456 24.816 2
RC8 53.8223 -26.4137 25.9589 2
RC9 57.4163 -30.0894 27.148 2
RC10 61.0508 -33.4925 27.3758 1
RC11 64.1676 -37.2606 28.5186 0
RC12 67.7616 -40.9363 29.7077 0
