LA1 -20.1852 23.6349 -8.82038 2
LA2 -25.1447 21.6599 -8.41975 2
LA3 -29.6379 20.5711 -8.7077 2
LA4 -34.5566 19.0239 -8.0752 3
LA5 -39.0499 17.9351 -8.36314 3
LA6 -44.0288 16.868 -8.60579 2
LA7 -48.9475 15.3207 -7.97329 2
LA8 -53.9265 14.2536 -8.21594 2
LA9 -58.8452 12.7064 -7.58344 2
LA10 -63.3384 11.6177 -7.87139 2
LA11 -68.2571 10.0704 -7.23889 0
LA12 -73.1351 8.95096 -6.37451 0
LB1 -28.4715 8.53766 -6.24799 2
LB2 -32.5815 5.23605 -6.63358 2
LB3 -36.1651 2.3406 -6.83259 1
LB4 -40.3353 -0.480917 -8.09333 3
LB5 -44.4454 -3.78253 -8.47892 3
LB6 -48.029 -6.67797 -8.67793 3
LB7 -52.6443 -9.05009 -9.6615 2
LB8 -57.1993 -11.9023 -9.76992 2
LB9 -61.2279 -14.3484 -9.69176 2
LB10 -65.3168 -16.3143 -10.4888 1
LB11 -69.8718 -19.1665 -10.5972 0
LB12 -73.9411 -22.0403 -10.7509 0
LC1 -27.0954 48.4294 5.25707 1
LC2 -26.2271 46.8629 10.0513 3
LC3 -25.3995 44.8687 14.6136 2
LC4 -24.5312 43.3022 19.4078 2
LC5 -23.1969 42.6219 23.5134 2
LC6 -22.2879 41.4832 28.5395 1
LC7 -21.379 40.3445 33.5656 1
LC8 -20.0446 39.6643 37.6712 1
LC9 -19.1356 38.5255 42.6973 1
LC10 -17.7411 37.3652 47.678 1
LC11 -16.3871 35.7772 52.4269 1
LC12 -15.5791 34.6907 56.346 1
LD1 -7.26623 42.2003 5.0455 3
LD2 -11.9816 42.792 6.83737 3
LD3 -16.7376 42.9559 8.39736 2
LD4 -21.5133 44.0277 9.31408 2
LD5 -26.2286 44.6194 11.1059 2
LD6 -30.5396 44.3339 12.3888 3
LD7 -35.255 44.9256 14.1806 1
LD8 -40.011 45.0895 15.7406 3
LD9 -44.7671 45.2534 17.3006 3
LD10 -49.5231 45.4174 18.8606 2
LD11 -54.2384 46.009 20.6525 1
LD12 -58.9945 46.1729 22.2125 0
LE1 -10.9007 33.9109 38.4561 2
LE2 -15.15 35.3887 39.5594 2
LE3 -19.2983 36.8144 41.7698 1
LE4 -23.973 37.8339 43.7935 2
LE5 -28.1213 39.2595 46.0038 1
LE6 -32.4519 39.8819 46.6434 1
LE7 -37.5717 41.3508 48.9443 1
LE8 -42.3277 41.5147 50.5043 0
LE9 -47.0627 43.0143 51.6529 0
LE10 -51.6966 44.4615 53.9085 0
LF1 -11.1308 40.1294 -3.82313 1
LF2 -13.1752 40.9363 0.188178 2
LF3 -15.2 40.8351 4.84276 3
LF4 -17.2248 40.7341 9.49734 3
LF5 -19.3505 40.6852 13.0449 3
LF6 -20.8897 40.5625 17.6542 3
LF7 -22.8739 40.8891 22.5406 2
LF8 -24.3527 40.2863 28.0251 1
LF9 -26.3775 40.1853 32.6796 1
LF10 -27.9573 39.6348 37.057 1
LF11 -29.9821 39.5336 41.7116 2
LF12 -31.5619 38.9831 46.089 1
LG1 -7.1071 17.1776 45.0128 2
LG2 -11.964 17.3938 45.4657 3
LG3 -16.7803 18.0378 46.1506 3
LG4 -21.6372 18.254 46.6036 3
LG5 -26.4535 18.898 47.2884 3
LG6 -31.2698 19.542 47.9732 3
LG7 -36.0259 19.7059 49.5332 2
LG8 -41.3686 19.9438 50.0315 3
LG9 -46.1246 20.1077 51.5915 2
LG10 -50.9408 20.7516 52.2764 0
LG11 -55.7571 21.3956 52.9612 0
LG12 -60.5131 21.5595 54.5212 0
LH1 -9.23433 14.8853 49.615 3
LH2 -13.9904 15.0492 51.175 3
LH3 -19.2321 15.2347 52.7803 3
LH4 -24.089 15.451 53.2333 3
LH5 -28.8857 15.187 54.5614 3
LH6 -33.6614 16.2588 55.4781 2
LH7 -38.458 15.9949 56.8062 1
LH8 -43.2743 16.639 57.4911 1
LH9 -48.0304 16.8029 59.0511 0
LH10 -52.3007 16.9451 60.5658 0
LH11 -57.5425 17.1306 62.1711 0
LH12 -62.2578 17.7223 63.9629 0
RD1 6.80714 60.8578 15.4544 2
RD2 11.5827 59.786 14.5377 3
RD3 15.9329 58.2558 14.5414 3
RD4 20.7085 57.184 13.6247 3
RD5 25.5444 55.6321 13.5831 3
RD6 30.3607 54.9881 12.8983 3
RD7 35.1966 53.4363 12.8567 3
RD8 40.0128 52.7922 12.1719 3
RE1 5.83436 62.237 25.4193 2
RE2 9.94132 61.0515 27.9142 2
RE3 13.5219 59.46 30.2226 3
RE4 17.6289 58.2745 32.7175 2
RE5 21.7554 56.1812 35.8558 1
RE6 25.3768 55.0173 38.396 3
RE7 29.5243 54.2597 41.1228 1
RE8 33.6313 53.0742 43.6178 2
RE9 37.7383 51.8888 46.1127 0
RE10 41.3189 50.2972 48.4211 0
RE11 45.4454 48.2039 51.5593 0
RE12 49.0667 47.04 54.0995 0
