CAN1 15.3992 -77.826 28.944 1
CAN2 8.89919 -62.664 43.3874 1
CAN3 55.3682 -49.0378 13.9502 0
CAN4 49.6079 -31.4591 31.4946 0
LH1 -29.4366 16.0437 -44.9576 2
LH2 -29.7511 6.35263 -42.5586 2
LH3 -30.8011 -3.75317 -41.0799 3
LH4 -31.3315 -13.8988 -39.6942 2
LP1 -42.9592 36.7487 -32.9633 1
LP2 -44.4435 33.7416 -33.9434 2
LP3 -44.9345 30.1285 -35.1398 2
LP4 -45.8993 27.0816 -36.2128 2
RBT1 19.5123 13.3503 -44.4736 1
RBT2 20.8024 4.0662 -42.3226 2
RBT3 22.0008 -6.2708 -40.2328 2
RBT4 23.5944 -16.0494 -39.1881 2
RH1 28.0291 -10.8565 -52.8043 1
RH2 28.7932 -14.0948 -53.1732 1
RH3 29.1621 -17.8914 -52.4969 1
RH4 29.4066 -21.0898 -52.7729 2
