LA1 -12.7275 18.6191 -4.86904 2
LA2 -17.4318 16.8175 -3.5152 2
LA3 -22.1361 15.0159 -2.16136 2
LA4 -26.8082 13.5272 -1.75675 2
LA5 -31.0056 11.6958 -0.395584 3
LA6 -35.7099 9.8941 0.958256 3
LA7 -40.3881 8.57392 2.47167 2
LA8 -45.0924 6.77231 3.82551 3
LA9 -49.7125 6.24639 4.54924 3
LA10 -54.3907 4.92616 6.06265 2
LA11 -59.069 3.60594 7.57606 3
LA12 -63.7473 2.28573 9.08947 2
LB1 -24.6379 6.63864 -3.95404 2
LB2 -28.8292 4.63873 -3.70168 2
LB3 -33.5274 2.66863 -3.45664 2
LB4 -38.1995 1.17993 -3.05204 3
LB5 -42.4168 -1.30137 -2.95924 3
LB6 -47.1149 -3.27146 -2.71421 2
LB7 -51.3123 -5.10289 -1.35304 3
LB8 -56.0105 -7.07298 -1.108 3
LB9 -60.7148 -8.87459 0.245841 2
LB10 -65.4129 -10.8446 0.490877 2
LB11 -69.6041 -12.8446 0.743238 0
LB12 -74.3345 -15.1275 1.93752 0
LC1 -31.9539 -14.1365 -4.72916 2
LC2 -36.1069 -15.9921 -6.53484 3
LC3 -40.799 -18.1306 -7.39861 3
LC4 -44.9841 -20.299 -8.25506 3
LC5 -49.1372 -22.1544 -10.0607 3
LC6 -53.8552 -24.7744 -11.0841 3
LC7 -58.0403 -26.9428 -11.9405 2
LC8 -62.1934 -28.7983 -13.7462 2
LC9 -66.3785 -30.9667 -14.6026 0
LC10 -70.5897 -33.6165 -15.6187 0
LC11 -74.7427 -35.472 -17.4243 0
LC12 -78.9279 -37.6404 -18.2808 0
LD1 -53.5364 -23.2158 8.40307 3
LD2 -58.5532 -21.9549 8.64893 3
LD3 -63.0892 -21.205 8.74256 2
LD4 -68.132 -20.4255 8.82885 2
LE1 -56.1121 -20.732 20.7229 2
LE2 -60.6419 -20.1507 19.7077 2
LE3 -65.6787 -19.5396 18.6852 2
LE4 -70.7475 -19.2414 18.6119 0
LF1 -31.5385 16.0339 18.9255 2
LF2 -30.2105 14.067 24.6429 2
LF3 -28.7923 13.2073 28.6214 2
LF4 -27.9133 12.0645 33.5418 3
LF5 -26.5012 11.3733 38.6292 3
LF6 -25.057 10.995 42.7672 3
LF7 -24.1518 10.3336 47.8472 3
LF8 -23.2467 9.67219 52.9272 3
LF9 -22.3094 9.32366 57.0579 3
LF10 -21.9173 8.8606 63.2394 1
LF11 -20.98 8.51207 67.3702 1
LF12 -20.5557 8.3619 72.6024 2
LG1 -28.2527 -13.7676 -12.9101 2
LG2 -32.0213 -17.073 -12.0203 3
LG3 -35.315 -20.7212 -10.1739 3
LG4 -39.0835 -24.0266 -9.2841 3
LG5 -42.3193 -26.8804 -8.2274 2
LG6 -46.0939 -30.0173 -6.2288 3
LG7 -49.8624 -33.3228 -5.339 3
LG8 -53.605 -36.1468 -4.28964 3
LG9 -57.3735 -39.4522 -3.39984 2
LG10 -61.1481 -42.5891 -1.40124 2
LG11 -64.8907 -45.4131 -0.35187 1
LG12 -69.2242 -49.4831 1.32027 0
LH1 1.37852 51.4504 32.7678 2
LH2 -3.74236 50.7858 32.3754 3
LH3 -8.38852 49.7786 32.9396 3
LH4 -13.5093 49.114 32.5472 3
LH5 -18.1234 48.4196 32.1621 3
LH6 -23.2703 47.2735 31.6101 3
LH7 -27.8842 46.5791 31.2251 3
LH8 -33.0373 45.6016 31.7819 3
LH9 -37.6512 44.9072 31.3968 3
LH10 -42.8043 43.9298 31.9537 2
LH11 -47.8991 43.7465 31.7208 1
LH12 -52.5713 42.2579 32.1254 0
LI1 -38.2235 -2.19566 20.0643 2
LI2 -42.2969 -1.45166 23.3321 3
LI3 -45.8313 -0.424579 25.658 3
LI4 -49.8788 0.80081 29.0854 3
LI5 -53.9201 1.85772 31.404 3
LI6 -57.9353 3.39602 33.8821 2
LI7 -62.0088 4.14001 37.1499 1
LI8 -65.5692 4.68571 39.3162 0
LI9 -70.1236 5.94092 42.7363 0
LI10 -73.6579 6.968 45.0622 0
LI11 -77.7314 7.712 48.33 0
LI12 -82.2857 8.96721 51.75 0
