LA1 9.54591 -65.9702 59.4133 3
LA2 11.2638 -65.2129 64.0561 2
LA3 12.847 -63.6969 67.896 2
LA4 15.2205 -62.9101 72.7537 3
LA5 16.9384 -62.1528 77.3965 2
LA6 19.1772 -60.6073 81.4512 3
LA7 21.3268 -59.9752 85.9034 3
LA8 23.0447 -59.2179 90.5462 2
LB1 15.4127 -62.3164 56.5453 3
LB2 17.309 -59.7325 60.3934 2
LB3 19.2052 -57.1486 64.2415 2
LB4 21.2362 -55.3234 68.8924 1
LB5 22.7007 -52.6143 72.9312 1
LB6 24.0761 -50.8186 77.3673 3
LB7 25.8831 -49.148 81.6127 3
LB8 27.0346 -47.5067 85.6434 2
LC1 27.4156 -56.5263 52.415 3
LC2 29.5651 -55.8941 56.8672 1
LC3 32.1465 -55.3871 61.1286 1
LC4 34.7279 -54.88 65.39 1
LC5 36.8775 -54.2479 69.8422 1
LC6 39.5481 -52.8275 73.7062 1
LC7 41.6977 -52.1953 78.1583 3
LC8 43.4155 -51.4381 82.8011 3
LD1 20.3561 -38.093 78.0988 2
LD2 22.9375 -37.586 82.3603 3
LD3 25.4297 -37.9922 87.0191 2
LD4 27.5793 -37.3601 91.4712 2
LD5 30.1606 -36.853 95.7326 2
LD6 32.742 -36.346 99.994 0
LD7 35.3233 -35.839 104.255 0
LD8 37.6808 -35.4865 108.111 0
LE1 33.9386 -22.2719 72.213 3
LE2 36.1774 -20.7264 76.2678 3
LE3 38.4162 -19.1809 80.3226 3
LE4 40.6551 -17.6354 84.3773 2
LE5 42.686 -15.8102 89.0282 1
LE6 45.1326 -14.5444 92.4867 0
LE7 47.1637 -12.7192 97.1377 0
LE8 49.4024 -11.1738 101.193 0
LF1 58.4787 -12.444 62.5613 3
LF2 61.2384 -10.1103 66.0281 2
LF3 64.5646 -8.66052 70.1068 1
LF4 67.5323 -6.60652 72.9774 0
LF5 70.2028 -5.18619 76.8415 0
LF6 73.3943 -2.97761 80.1175 0
LF7 76.0648 -1.55728 83.9816 0
LF8 79.1671 -0.262035 87.6549 0
LG1 -31.3405 -4.62541 60.3707 2
LG2 -30.3076 -1.7912 64.6002 3
LG3 -29.2909 0.608753 67.828 3
LG4 -28.2581 3.44291 72.0575 3
LG5 -27.2253 6.27712 76.2869 2
LG6 -26.1925 9.11133 80.5164 2
LG7 -25.2489 11.0322 85.1432 2
LG8 -24.0083 13.5867 88.7766 0
LH1 -45.4646 -21.6939 75.851 3
LH2 -44.1347 -18.226 79.087 3
LH3 -42.1493 -14.7288 82.5377 2
LH4 -40.6847 -12.0198 86.5764 2
LH5 -39.4441 -9.46523 90.2098 1
LH6 -37.8904 -5.84287 93.8512 0
LH7 -36.6497 -3.28836 97.4844 0
LH8 -35.5277 0.459147 101.317 0
LI1 -48.8584 -55.1172 86.3483 3
LI2 -47.9602 -51.5243 89.7749 2
LI3 -46.8543 -48.211 92.6054 2
LI4 -45.867 -43.7047 95.6347 2
LI5 -44.761 -40.3914 98.4651 3
LI6 -43.8629 -36.7984 101.892 2
LI7 -42.8756 -32.2922 104.921 0
LI8 -41.5458 -28.8244 108.157 0
LJ1 -6.28108 -71.872 67.4616 2
LJ2 -6.17149 -71.8072 72.6684 3
LJ3 -6.19659 -70.9836 77.0723 3
LJ4 -6.51872 -70.7937 82.4698 3
LJ5 -6.4091 -70.7288 87.6765 2
LJ6 -6.52343 -70.8186 92.4778 2
LJ7 -6.41384 -70.7538 97.6846 3
LJ8 -6.52813 -70.8435 102.486 2
RA1 -7.09193 -74.9112 32.6118 2
RA2 -9.36019 -74.3503 28.3586 2
RA3 -12.284 -73.8189 23.8904 3
RA4 -14.6416 -74.1714 20.0344 3
RA5 -17.3416 -73.4854 15.9719 3
RA6 -19.8338 -73.0792 11.3131 3
RA7 -22.623 -73.3065 7.6478 2
RA8 -25.1151 -72.9003 2.98909 2
RB1 -1.43741 -69.6949 25.7376 3
RB2 -3.79487 -70.0474 21.8817 2
RB3 -6.28699 -69.6411 17.2228 2
RB4 -8.98704 -68.9552 13.1602 2
RB5 -11.3445 -69.3077 9.30428 1
RB6 -13.8367 -68.9014 4.64548 3
RB7 -16.7606 -68.37 0.177389 3
RB8 -19.1181 -68.7225 -3.67864 3
RC1 7.5389 -61.7462 18.3396 3
RC2 4.95759 -62.2532 14.0782 3
RC3 1.94447 -62.6351 10.0074 1
RC4 -1.06866 -63.0171 5.93673 1
RC5 -3.64997 -63.5241 1.67526 1
RC6 -6.23136 -64.0311 -2.58616 3
RC7 -8.58882 -64.3836 -6.44205 3
RC8 -11.3048 -64.1319 -11.5063 2
RD1 -27.7565 -77.7346 13.9341 3
RD2 -30.2924 -79.9137 10.8729 2
RD3 -33.3947 -81.2089 7.19949 2
RD4 -37.2418 -83.4469 3.70867 0
RD5 -39.6885 -84.7127 0.250062 0
RD6 -43.3117 -86.7961 -2.83522 0
RD7 -46.5032 -89.0047 -6.11121 0
RD8 -49.6947 -91.2132 -9.38728 0
RE1 -14.2483 -50.9028 5.65642 3
RE2 -17.9009 -50.8799 2.3725 3
RE3 -21.8667 -51.9249 -0.919438 3
RE4 -25.1769 -52.9404 -3.99664 3
RE5 -29.0535 -53.0721 -7.68595 3
RE6 -32.5875 -54.2422 -11.1687 3
RE7 -36.3294 -55.1326 -14.0552 0
RE8 -39.5504 -55.2349 -17.5298 0
RF1 27.175 -28.905 -15.0158 3
RF2 24.8014 -29.6917 -19.8734 3
RF3 23.0836 -30.449 -24.5162 2
RF4 20.9339 -31.0812 -28.9684 2
RF5 19.2161 -31.8385 -33.6111 0
RF6 17.0665 -32.4706 -38.0633 0
RF7 14.9168 -33.1028 -42.5154 0
RF8 12.678 -34.6483 -46.5701 0
RG1 -58.2652 -34.3713 58.939 3
RG2 -61.9313 -31.8079 56.4582 3
RG3 -65.6866 -30.1577 54.3747 2
RG4 -69.3528 -27.5943 51.894 3
RG5 -73.2268 -24.7512 50.0093 1
RG6 -76.6691 -22.0332 47.934 0
RG7 -80.767 -19.3447 45.6439 0
RG8 -84.5222 -17.6946 43.5605 0
RH1 -24.7736 -77.8616 47.0273 3
RH2 -28.4237 -74.864 45.5482 3
RH3 -31.5529 -71.0781 43.481 3
RH4 -34.9952 -68.3602 41.4057 3
RH5 -38.2136 -65.4877 39.7358 3
RH6 -41.4319 -62.6151 38.066 3
RH7 -44.9929 -58.7042 36.1894 3
RH8 -48.6429 -55.7065 34.7103 3
RI1 -47.903 -74.8183 63.9301 2
RI2 -50.7082 -75.4799 59.2632 3
RI3 -52.8579 -76.1121 54.8111 3
RI4 -55.3045 -77.3779 51.3526 3
RI5 -57.8858 -77.8849 47.0911 3
RI6 -60.2594 -78.6716 42.2335 2
RI7 -62.4981 -80.2171 38.1787 3
RI8 -65.0795 -80.7242 33.9173 2
