LD1 -44.9061 -47.534 -6.00014 3
LD8 -79.6822 -49.4329 -7.17666 0
LD2 -49.4314 -47.7386 -6.17303 3
LD3 -54.4322 -47.8562 -6.41476 2
LD4 -59.679 -48.9628 -6.20971 2
LD5 -64.6798 -49.0803 -6.45145 2
LD6 -69.6806 -49.1978 -6.69319 1
LD7 -74.6814 -49.3154 -6.93493 0
LE1 -37.3358 18.367 -16.4127 2
LE12 -43.8605 15.205 38.4944 2
LE2 -38.0578 18.5427 -11.2041 3
LE3 -38.3282 18.2555 -6.23758 3
LE4 -39.0979 17.6799 -1.651 2
LE5 -39.3445 17.7684 3.62653 2
LE6 -39.6386 17.1056 8.28196 3
LE7 -40.3607 17.2812 13.4906 3
LE8 -40.6549 16.6185 18.1461 3
LE9 -41.6229 15.805 23.8015 3
LE10 -42.1466 16.2185 27.9413 3
LE11 -43.1147 15.405 33.5968 3
LB1 -1.91896 7.6086 -25.2942 1
LB12 -50.2916 -16.5365 -29.9911 3
LB2 -6.26242 5.57641 -25.5736 1
LB3 -10.8281 2.93077 -25.0951 1
LB4 -15.1953 0.522948 -25.6855 1
LB5 -18.8411 -0.982949 -26.6538 2
LB6 -23.9061 -3.91707 -26.5552 2
LB7 -28.2734 -6.32489 -27.1456 2
LB8 -32.6168 -8.35708 -27.4249 2
LB9 -36.9603 -10.3893 -27.7043 2
LB10 -41.0816 -11.808 -28.7415 3
LB11 -45.9243 -14.1287 -29.4007 3
LC1 -27.9129 -21.9469 -25.1705 2
LC12 -70.827 -54.6492 -29.9157 0
LC2 -31.3292 -24.529 -25.6232 2
LC3 -35.9425 -27.9259 -25.7668 2
LC4 -39.8342 -30.4209 -26.2883 3
LC5 -43.4966 -33.9921 -26.2942 3
LC6 -47.4122 -36.8627 -27.1268 2
LC7 -51.3039 -39.3577 -27.6484 2
LC8 -55.4417 -42.8418 -27.7231 3
LC9 -58.8819 -45.7995 -28.4868 2
LC10 -62.9958 -48.908 -28.2505 2
LC11 -66.9114 -51.7786 -29.0831 1
LA1 -18.055 1.658 -32.2028 1
LA12 -72.9369 -0.523906 -36.864 0
LA2 -23.0558 1.54047 -32.4446 2
LA3 -28.0804 1.04731 -32.9973 2
LA4 -33.5567 1.01693 -33.3079 2
LA5 -38.082 0.81225 -33.4808 3
LA6 -43.0828 0.694721 -33.7226 3
LA7 -48.1074 0.201558 -34.2753 3
LA8 -53.1082 0.0840288 -34.5171 3
LA9 -58.109 -0.0335003 -34.7588 2
LA10 -63.1336 -0.526664 -35.3116 2
LA11 -67.9122 -0.0307435 -36.3112 0
LN1 -18.3809 36.6103 -23.7985 2
LN12 -33.1721 30.2352 28.7232 2
LN2 -19.8482 35.5084 -18.523 3
LN3 -21.0934 35.0199 -14.0053 3
LN4 -22.3386 34.5314 -9.48752 3
LN5 -23.8059 33.4295 -4.21196 3
LN6 -25.0511 32.941 0.305766 3
LN7 -26.2962 32.4525 4.82349 3
LN8 -27.7398 31.7263 10.4101 3
LN9 -29.4604 31.3249 14.859 3
LN10 -30.7056 30.8365 19.3767 3
LN11 -31.9269 30.7236 24.2055 2
LH1 -12.9405 37.8978 2.59061 2
LH2 -17.6642 37.4553 3.48661 3
LH3 -22.6412 37.7134 3.55592 3
LH4 -27.6182 37.9716 3.62523 3
LH5 -32.3419 37.5291 4.52123 3
LH6 -37.3189 37.7872 4.59054 3
LH7 -42.0426 37.3447 5.48654 3
LH8 -47.0196 37.6028 5.55585 3
LH9 -52.2188 37.2474 6.38299 2
LH10 -56.9425 36.8049 7.27899 2
LH11 -61.9195 37.063 7.3483 1
LH12 -66.667 36.2449 7.93325 0
RD1 31.09 -41.8147 -4.16123 3
RD8 62.7629 -50.1937 8.89846 0
RD2 35.6464 -42.9241 -2.40382 2
RD3 40.2029 -44.0334 -0.646414 2
RD4 44.2838 -45.0556 1.04214 2
RD5 48.6181 -46.7785 3.55738 2
RD6 53.1745 -47.8878 5.31479 1
RD7 57.7309 -48.9972 7.0722 0
RE1 26.6106 9.97911 -15.011 3
RE12 9.47968 26.6596 34.375 2
RE2 25.1836 11.3181 -10.3868 3
RE3 23.3049 13.12 -5.52043 3
RE4 22.0763 14.6968 -1.96513 3
RE5 20.6493 16.0358 2.65906 3
RE6 18.7468 17.462 7.21439 3
RE7 17.3197 18.8011 11.8386 3
RE8 15.4172 20.2273 16.3939 3
RE9 13.5147 21.6534 20.9492 3
RE10 12.0877 22.9925 25.5734 3
RE11 10.6845 24.7071 30.5087 2
RF1 29.6291 -18.9827 -3.26168 2
RF12 28.1612 8.10271 44.6239 2
RF2 29.9222 -16.1648 1.74437 2
RF3 29.6921 -14.011 6.05947 2
RF4 29.462 -11.8572 10.3746 2
RF5 29.7313 -9.41488 15.0696 3
RF6 29.7234 -6.64762 18.6268 3
RF7 29.5171 -4.11819 23.253 2
RF8 29.2871 -1.96438 27.5681 2
RF9 29.0808 0.565059 32.1943 3
RF10 28.5975 3.41947 35.6827 3
RF11 28.3912 5.94891 40.3088 2
RA1 7.40804 0.0931704 -29.9628 1
RA12 55.0712 -26.311 -25.4865 2
RA2 11.8692 -2.51873 -29.4496 2
RA3 15.8549 -5.04348 -29.0053 2
RA4 20.3399 -7.27975 -28.181 2
RA5 24.3256 -9.8045 -27.7366 2
RA6 28.8107 -12.0408 -26.9124 2
RA7 33.0185 -13.9521 -27.2259 2
RA8 37.4797 -16.564 -26.7126 3
RA9 41.9409 -19.1759 -26.1994 3
RA10 45.9266 -21.7006 -25.7551 2
RA11 50.61 -23.6991 -25.9997 2
RB1 11.7813 -5.71096 -29.4204 2
RB12 53.8478 -40.5459 -28.1312 1
RB2 15.521 -9.22479 -28.5292 2
RB3 19.0074 -12.038 -28.4647 2
RB4 22.7471 -15.5518 -27.5736 2
RB5 26.6852 -18.8279 -27.7513 2
RB6 30.6471 -21.7282 -27.618 3
RB7 34.1335 -24.5415 -27.5536 2
RB8 38.0716 -27.8175 -27.7313 2
RB9 42.0097 -31.0935 -27.909 2
RB10 45.4961 -33.9067 -27.8446 2
RB11 49.4342 -37.1828 -28.0223 2
RC1 15.0344 -18.3373 -22.8528 2
RC12 57.2272 -52.9838 -18.7349 0
RC2 18.9963 -21.2377 -22.7195 2
RC3 22.736 -24.7516 -21.8283 2
RC4 26.6979 -27.6519 -21.695 3
RC5 29.9383 -31.4542 -21.1838 2
RC6 33.9002 -34.3546 -21.0504 3
RC7 37.8621 -37.255 -20.9171 3
RC8 41.6018 -40.7688 -20.026 3
RC9 45.0882 -43.5821 -19.9615 3
RC10 49.0501 -46.4825 -19.8282 2
RC11 52.7899 -49.9963 -18.9371 0
RN1 13.5015 37.6688 -17.553 2
RN12 34.2218 23.1153 32.1622 2
RN2 15.5609 36.1946 -12.8644 2
RN3 17.1448 34.8075 -8.24457 2
RN4 19.4263 33.9468 -4.31376 3
RN5 21.4857 32.4726 0.374884 3
RN6 23.0697 31.0856 4.99468 3
RN7 24.6536 29.6985 9.61447 3
RN8 26.9352 28.8378 13.5453 3
RN9 28.5191 27.4507 18.1651 2
RN10 30.5785 25.9765 22.8537 3
RN11 32.1624 24.5895 27.4735 3
RH1 -0.330121 42.0656 0.424611 2
RH12 53.0771 44.8353 9.08784 0
RH2 4.21901 42.6459 0.908544 2
RH3 9.49693 42.4385 2.28802 3
RH4 14.0223 42.6431 2.4609 3
RH5 19.0469 43.1363 3.01369 3
RH6 23.8493 43.016 4.32431 3
RH7 28.8739 43.5092 4.87709 3
RH8 33.8985 44.0023 5.42988 3
RH9 38.701 43.8821 6.7405 2
RH10 43.7256 44.3752 7.29328 1
RH11 48.0525 44.3421 8.53505 0
RI1 -7.20733 -41.7983 11.0149 2
RI2 -3.70498 -41.4687 14.9476 2
RI3 0.44741 -41.364 17.5693 2
RI4 5.27365 -41.1087 19.191 3
RI12 43.6382 -41.1325 27.7804 2
RI5 9.60061 -41.1418 20.4328 3
RI6 14.403 -41.2621 21.7434 3
RI7 19.4038 -41.1445 21.9851 3
RI8 24.2063 -41.2648 23.2958 3
RI9 29.2309 -40.7717 23.8485 3
RI10 34.0333 -40.8919 25.1592 2
RI11 38.8119 -41.3879 26.1587 2
RK1 19.8655 23.8757 -37.4087 1
RK8 30.944 -8.02094 -29.6307 2
RK2 21.4573 19.7214 -36.3462 2
RK3 23.0253 15.1915 -35.5947 2
RK4 25.0926 10.95 -34.4633 2
RK5 26.4384 5.80666 -32.954 2
RK6 28.0302 1.65237 -31.8915 2
RK7 29.5982 -2.87756 -31.14 2
