LA1 -23.546 28.9841 3.92169 2
LA2 -28.4712 28.8514 4.35948 2
LA3 -33.546 28.8191 3.69737 3
LA4 -38.5608 29.2063 3.28558 3
LA5 -43.0891 29.5648 2.80498 3
LA6 -48.1038 29.952 2.39319 2
LA7 -53.029 29.8193 2.83098 2
LA8 -58.0438 30.2065 2.41919 2
LA9 -63.2082 30.694 0.907497 1
LA10 -67.5867 30.9522 1.5268 0
LA11 -72.6909 31.8592 0.26542 0
LA12 -76.8516 33.6481 -1.73284 0
LB1 -29.0927 3.95168 -0.216081 2
LB2 -32.8297 0.696208 -0.63707 3
LB3 -36.4172 -2.65949 0.0418631 2
LB4 -40.1542 -5.91496 -0.379124 2
LB5 -43.8912 -9.17034 -0.8001 2
LB6 -47.4785 -12.5261 -0.121187 2
LB7 -50.729 -15.8102 -0.610978 3
LB8 -54.8925 -18.6174 -0.712815 2
LB9 -58.6295 -21.8729 -1.1338 2
LB10 -62.7928 -24.6801 -1.23565 2
LB11 -65.9832 -27.5448 -1.47512 0
LB12 -69.7202 -30.8001 -1.8961 0
LC1 -15.1608 55.4146 59.2288 3
LC2 -20.2356 55.3822 58.5667 2
LC3 -25.3105 55.35 57.9046 2
LC4 -30.2959 54.7978 58.0921 2
LC5 -34.8242 55.1563 57.6115 2
LC6 -39.899 55.124 56.9494 2
LC7 -44.8242 54.9914 57.3871 2
LC8 -49.8991 54.9591 56.725 1
LC9 -54.8845 54.4069 56.9125 0
LC10 -59.9594 54.3747 56.2504 0
LC11 -65.0049 53.4031 56.1875 0
LC12 -69.9301 53.2705 56.6253 0
RA1 24.1319 26.1728 -2.82182 2
RA2 28.9007 27.4922 -1.33994 3
RA3 33.6694 28.8117 0.141951 3
RA4 37.9518 30.1599 1.69264 3
RA5 42.2942 31.9275 3.49366 3
RA6 47.0629 33.247 4.97555 2
RA7 51.7716 34.1469 6.20711 2
RA8 56.4509 35.9862 6.83941 2
RA9 61.2196 37.3057 8.3213 1
RA10 65.4418 38.2344 9.62167 0
RA11 70.1211 40.0736 10.254 0
RA12 74.8297 40.9736 11.4855 0
RB1 26.032 11.9973 5.9607 2
RB2 30.6859 9.09326 4.87057 2
RB3 34.8239 7.15705 3.24997 2
RB4 39.0515 4.70116 2.47898 2
RB5 43.279 2.24518 1.70798 2
RB6 47.5667 0.20873 1.18729 3
RB7 51.7942 -2.24715 0.416303 2
RB8 55.9924 -3.76382 -0.953965 2
RB9 60.7064 -6.24844 -1.79378 2
RB10 64.994 -8.28488 -2.31445 2
RB11 69.2818 -10.3213 -2.83514 1
RB12 73.5694 -12.3578 -3.35581 0
RC1 32.8149 2.25623 5.17132 3
RC2 36.9824 -0.619209 4.15 2
RC3 40.8129 -3.56624 4.2974 3
RC4 44.554 -5.9935 3.5952 3
RC5 48.3845 -8.94063 3.74259 3
RC6 52.7015 -11.9163 3.82118 2
RC7 56.5921 -14.4439 4.2189 3
RC8 60.8197 -16.8999 3.44789 3
RC9 65.1367 -19.8755 3.52648 2
RC10 69.514 -22.4319 3.85537 0
RC11 72.8286 -24.4109 3.47232 0
RC12 77.6923 -26.9958 3.73242 0
RD1 31.4769 4.20942 47.704 2
RD2 33.2583 4.07003 53.3162 2
RD3 34.3435 3.64005 57.647 3
RD4 36.0354 4.02044 62.4096 2
RD5 37.7273 4.40073 67.1723 2
RD6 39.4487 3.84188 72.5342 2
RD7 40.5939 3.83136 77.1153 1
RD8 42.3152 3.27242 82.4772 1
RD9 43.947 3.23335 86.9895 0
RD10 45.5186 2.77475 91.2515 0
RD11 46.6638 2.76423 95.8326 0
RD12 46.8963 3.23071 100.802 0
RE1 41.0488 26.5695 32.1269 1
RE2 40.7639 25.7058 37.5138 1
RE3 41.3023 24.8851 41.6631 1
RE4 41.4438 23.5732 46.7308 1
RE5 42.132 22.6522 51.98 1
RE6 42.8201 21.7311 57.2292 1
RE7 42.9924 21.7781 61.9479 1
RE8 43.6805 20.857 67.1971 1
RE9 44.3686 19.936 72.4463 1
RE10 45.1169 19.4344 77.9458 1
RE11 45.0793 19.1621 81.3144 1
RE12 45.6779 18.7609 85.714 0
RF1 14.8949 -0.872885 69.8825 3
RF2 16.0695 -1.82264 75.0629 3
RF3 17.6103 -3.64002 79.6738 2
RF4 18.7248 -5.00933 84.6039 2
RF5 20.2055 -7.24615 88.9645 1
RF6 21.8961 -9.16388 94.6754 0
RF7 22.8609 -10.4328 98.5055 0
RF8 24.4018 -12.2502 103.116 0
RG1 19.5666 75.2967 35.9541 1
RG2 23.361 74.3754 38.5218 1
RG3 26.8185 73.3826 42.2582 1
RG4 30.2761 72.3897 45.9947 1
RG5 33.7937 71.8164 49.9814 1
RG6 37.1617 71.3434 52.8683 1
RG7 40.7689 70.2502 57.7046 0
RG8 44.1369 69.7771 60.5915 0
RG9 47.108 68.813 64.3967 0
RG10 50.5654 67.8201 68.1331 0
RG11 54.1433 67.6662 72.3702 0
RG12 57.1451 68.0608 75.8265 0
RH1 9.05479 46.4526 22.9451 3
RH2 10.2896 45.9223 28.3758 1
RH3 11.5244 45.3921 33.8065 1
RH4 12.6095 44.9621 38.1373 1
RH5 13.8443 44.4319 43.568 1
RH6 15.0189 43.4822 48.7484 1
RH7 16.104 43.0522 53.0792 1
RH8 17.2787 42.1025 58.2596 1
RH9 18.3932 40.7332 63.1896 1
RH10 19.9648 40.2746 67.4516 1
RH11 21.626 39.2962 72.5632 1
RH12 22.8006 38.3465 77.7436 1
RI1 19.6759 8.55228 64.552 1
RI2 24.3245 9.03282 65.5332 2
RI3 29.0624 8.99349 67.3641 2
RI4 33.7403 8.53471 68.9446 1
RI5 38.4182 8.07582 70.5251 1
RI6 43.0668 8.55636 71.5063 1
RI7 48.2312 8.06887 73.018 1
RI8 53.306 8.10118 73.6801 1
RI9 58.5306 8.03318 75.4421 0
RI10 63.6656 8.48498 76.3546 0
RI11 68.5533 8.34534 79.2853 0
RI12 73.6883 8.79715 80.1977 0
