LF1 2.1313 61.8021 12.6956 1
LF2 -0.554871 70.073 17.0564 1
LF3 -6.36908 75.5624 24.1579 2
LF4 -12.2393 78.3656 31.0859 1
LF5 -17.3802 78.0908 39.9455 1
LF6 -21.4345 74.0825 47.6311 1
LG1 -1.69558 61.5826 74.1366 2
LG2 -5.8923 53.2646 80.0493 1
LG3 -10.1195 46.0091 84.5362 2
LG4 -12.5743 37.4633 89.0349 1
LG5 -14.9905 28.2075 91.6011 2
LG6 -16.1777 19.5281 94.7662 1
LG7 -18.594 10.2723 97.3324 2
LG8 -20.6223 -0.701234 98.2189 2
LG9 -10.8797 62.7064 69.4455 1
LG10 -15.014 54.8452 75.1917 2
LG11 -18.8918 46.5819 79.9313 2
LG12 -21.0901 37.634 83.4236 2
LG13 -23.9808 28.4724 86.0702 2
LG14 -26.397 19.2166 88.6363 2
LG15 -28.1835 9.7178 92.2149 2
LG16 -29.2697 0.78521 93.2809 2
LG17 -19.3956 62.8771 63.8343 2
LG18 -23.211 55.0706 68.4074 2
LG19 -26.0776 47.0758 72.8198 2
LG20 -28.4634 36.7575 76.8119 2
LG21 -31.0736 28.3607 80.2179 1
LG22 -33.4898 19.1049 82.7841 2
LG23 -36.3805 9.94326 85.4306 1
LG24 -37.848 0.499136 87.8362 2
LG25 -26.2945 61.9064 57.1422 2
LG26 -29.2236 53.4548 61.7213 2
LG27 -32.6271 45.0974 66.3806 2
LG28 -35.9296 36.4867 68.9409 2
LG29 -37.6535 27.4447 72.3529 2
LG30 -40.8631 18.2284 76.1724 2
LG31 -43.5358 9.37468 79.745 2
LG32 -46.3639 0.669873 82.2249 2
LG33 -32.6565 61.2984 50.2032 2
LG34 -36.2154 53.0899 53.7699 2
LG35 -39.3625 44.3303 57.4229 2
LG36 -41.1489 34.8315 61.0014 2
LG37 -44.2335 26.5288 64.4878 1
LG38 -46.4318 17.5809 67.9801 2
LG39 -50.3721 8.86082 72.8864 2
LG40 -51.7772 -0.12649 75.1253 1
LG41 -37.1451 59.1469 41.1771 2
LG42 -41.2409 50.5757 44.9906 2
LG43 -43.8511 42.1788 48.3967 2
LG44 -46.3683 33.1762 53.062 2
LG45 -49.259 24.0146 55.7085 2
LG46 -51.5198 14.6099 59.3674 2
LG47 -54.3864 6.61514 63.7799 2
LG48 -57.471 -1.68758 67.2662 2
LG49 -39.262 56.5245 31.7493 2
LG50 -42.8834 47.8592 35.4826 2
LG51 -46.0929 38.6428 39.3021 2
LG52 -48.7656 29.7891 42.8747 2
LG53 -52.1066 21.8885 47.3675 2
LG54 -53.9555 11.9329 51.1127 2
LG55 -56.5657 3.53597 54.5187 2
LG56 -55.9179 -5.97691 57.5291 2
LG57 -41.5038 52.9886 22.6547 2
LG58 -43.7021 44.0407 26.147 2
LG59 -43.7851 35.0241 30.2442 1
LG60 -46.9946 25.8077 34.0637 2
LG61 -52.257 17.117 37.1118 1
LG62 -54.4554 8.16909 40.6041 2
LG63 -56.4982 -0.927671 45.1891 1
LG64 -57.5299 -9.75596 49.4469 2
LIH1 7.13814 5.52976 72.3382 1
LIH2 7.39257 15.2118 74.4581 1
LIH3 7.86493 25.2017 77.5042 1
LIH4 8.43826 34.9385 78.4511 1
LIH5 7.6815 44.3521 80.8982 1
LIH6 3.8367 52.8559 81.1351 2
LST1 -27.2102 -2.84394 -1.0175 1
LST2 -37.0577 -5.57824 -2.11022 1
LST3 -46.9886 -4.6632 1.00226 1
LST4 -54.7802 -2.65011 6.48555 1
LST5 -60.0206 -0.0899471 14.4259 1
LST6 -60.6809 1.32491 23.8289 2
RFR1 24.7873 77.5695 44.2332 1
RFR2 27.6159 73.7176 53.4864 1
RFR3 30.3581 68.2421 61.1403 2
RFR4 31.7461 61.2766 68.5285 1
RFR5 33.3281 53.4522 75.0768 1
RFR6 33.9999 45.1062 79.8532 2
