R2A1 31.6564 -0.828324 -0.706993 2
R2A2 36.0541 -1.12132 -1.06041 1
R2A3 41.4058 -0.884611 -1.4498 2
R2A4 46.29 -1.15609 -1.83862 3
R2A5 51.1552 -0.9409 -2.19261 2
R2A6 56.0204 -0.725709 -2.5466 2
R2A7 61.4475 -0.557251 -1.94117 2
R2A8 66.3127 -0.342062 -2.29516 0
R2C1 36.6014 -32.11 7.82942 3
R2C2 41.5045 -32.8681 7.40578 3
R2C3 46.3513 -34.0447 5.95249 3
R2C4 50.768 -34.8243 5.56424 3
R2C5 55.6902 -36.0691 5.10577 2
R2C6 60.5933 -36.8273 4.68213 3
R2C7 65.4401 -38.0038 3.22884 2
R2C8 69.9323 -38.8518 3.83541 0
R2C9 74.8734 -40.5833 3.3421 0
R2C10 79.8146 -42.3148 2.8488 0
R2C11 84.1179 -42.0528 1.5354 0
R2C12 84.7367 -43.5596 2.39033 0
R2B1 36.9735 -10.8888 -7.83148 3
R2B2 41.8197 -10.1869 -8.15064 2
R2B3 46.6659 -9.48507 -8.4698 3
R2B4 51.5875 -8.85146 -7.79415 2
R2B5 56.4338 -8.14962 -8.11331 2
R2B6 61.7665 -7.42624 -8.46787 1
R2B7 66.1452 -7.23257 -8.78647 0
R2B8 71.4589 -6.02252 -9.1062 0
R2B9 75.9131 -5.8971 -8.42998 0
R2B10 81.6379 -4.59729 -9.77992 0
R2B11 86.579 -6.32877 -10.2732 0
R2B12 87.9816 -4.80421 -10.2749 0
R2E1 43.4684 10.3785 20.276 2
R2E2 42.9288 10.4126 26.3505 2
R2E3 42.8003 10.5365 31.3948 1
R2E4 42.6719 10.6604 36.4391 3
R2E5 42.468 10.8526 40.4886 3
R2E6 42.826 10.9979 45.4975 2
R2E7 43.2593 11.0751 51.5012 2
R2E8 43.6173 11.2206 56.5101 2
R2E9 43.9754 11.366 61.519 2
R2E10 44.2579 11.5797 65.5331 2
R2E11 45.1589 12.1651 71.5363 2
R2E12 45.4416 12.3786 75.5503 1
R2D1 45.9188 -42.5354 28.5226 2
R2D2 50.8031 -42.8069 28.1338 2
R2D3 56.1737 -43.0568 27.7096 3
R2D4 61.039 -42.8416 27.3556 2
R2D5 65.8478 -43.0448 25.972 1
R2D6 71.2375 -43.7815 25.5129 0
R2D7 76.1216 -44.0529 25.1241 0
R2D8 81.0812 -44.3926 25.7301 0
R2G1 23.0289 28.2589 33.104 3
R2G2 27.9695 28.4058 33.7449 3
R2G3 32.8348 28.621 33.3909 2
R2G4 37.719 28.3496 33.0021 2
R2G5 42.5841 28.5648 32.6481 3
R2G6 47.4683 28.2932 32.2592 2
R2G7 52.4279 27.9535 32.8652 2
R2G8 57.7987 27.7035 32.441 2
R2G9 62.6828 27.4321 32.0522 1
R2G10 67.156 27.0708 32.6936 0
R2G11 72.0211 27.286 32.3396 0
R2G12 77.3349 28.4961 32.0199 0
R2F1 43.9298 19.8047 18.8773 2
R2F2 49.395 18.9998 19.4131 1
R2F3 54.2982 18.2417 18.9894 2
R2F4 59.2578 17.902 19.5954 1
R2F5 63.6935 16.6357 19.1724 1
R2F6 69.1586 15.8308 19.7081 0
R2F7 73.1076 14.543 19.3205 0
R2F8 75.1671 13.5875 20.104 0
LG1 -6.2311 27.9841 48.3707 3
LG2 -11.0773 27.2822 48.6898 3
LG3 -16.4854 26.6271 48.0496 3
LG4 -20.8451 25.9469 48.3333 3
LG5 -26.1969 25.7101 48.7227 2
LG6 -31.1185 25.0765 48.0471 3
LG7 -35.9837 24.8613 48.4011 2
LG8 -40.8299 24.1594 48.7202 1
LG9 -45.7516 23.5258 48.0446 1
LG10 -50.5788 22.3373 48.3289 0
LG11 -55.5004 21.7037 47.6533 0
LG12 -60.3845 21.9752 48.0421 0
R2H1 24.3758 15.7421 17.065 3
R2H2 27.2044 15.0218 21.8273 2
R2H3 29.471 14.3481 25.6301 2
R2H4 32.2807 14.1145 30.4272 3
R2H5 35.1093 13.3942 35.1895 3
R2H6 36.814 12.7673 38.0329 2
R2H7 39.6236 12.5337 42.83 3
R2H8 42.8823 11.4164 46.5272 2
R2H10 48.4452 10.5307 55.0917 2
R2H11 51.1794 10.3653 58.8939 2
R2H12 53.9326 9.7132 62.6614 2
R2H9 45.111 11.7161 50.3996 2
LE1 -26.6598 -1.57 25.7768 3
LE2 -27.2369 -2.44095 30.7868 2
LE3 -27.3464 -2.80373 35.7963 2
LE4 -27.4748 -2.67982 40.8406 3
LE5 -27.509 -3.11085 46.8449 3
LE6 -28.1994 -2.94022 50.9298 3
LE7 -28.3089 -3.30299 55.9392 3
LE8 -28.924 -3.20062 61.0189 3
LE9 -29.0525 -3.07671 66.0632 3
LE10 -29.6485 -3.46101 71.1081 3
LE11 -30.3389 -3.29038 75.193 2
LE12 -30.5239 -3.5849 79.2077 1
LD1 -37.599 -49.6863 21.2944 2
LD2 -42.4263 -50.8748 21.5788 3
LD3 -47.3289 -51.9951 20.8683 2
LD4 -52.1561 -53.1837 21.1526 2
LD5 -56.5722 -54.2824 20.4067 1
LD6 -61.8859 -55.4925 20.7265 0
LD7 -66.2646 -55.6862 21.0451 0
LD8 -71.1102 -58.2664 20.2301 0
LC1 -20.5673 -32.0579 10.1556 3
LC2 -24.44 -34.5951 9.26986 2
LC3 -28.78 -37.6406 8.38467 3
LC4 -32.6527 -40.1777 7.49891 3
LC5 -36.5253 -42.715 6.61315 3
LC6 -40.3225 -45.3205 6.7222 1
LC7 -45.1492 -48.3874 5.87241 3
LC8 -48.9464 -50.9929 5.98146 3
LC9 -53.7166 -53.6415 6.16131 2
LC10 -57.1027 -56.1571 5.24015 0
LC11 -61.873 -58.8057 5.42001 0
LC12 -65.6892 -60.9245 5.56389 0
LB1 -22.2659 -12.2032 5.61524 2
LB2 -26.1949 -15.1589 3.69984 3
LB3 -30.0486 -18.1828 2.77925 1
LB4 -33.4157 -21.1852 1.82326 3
LB5 -37.2693 -24.209 0.902673 2
LB6 -41.5904 -27.7411 -0.0173447 2
LB7 -44.9765 -30.2569 -0.938505 2
LB8 -49.3167 -33.3023 -1.82369 3
LB9 -53.6757 -35.8611 -2.67406 2
LB10 -56.0699 -38.8203 -3.70084 1
LB11 -61.8695 -41.9303 -4.47983 0
LB12 -65.2557 -44.4461 -5.40099 0
LA1 -15.4998 1.74626 6.05943 2
LA2 -19.9539 1.62083 5.38321 2
LA3 -25.381 1.45238 4.77778 3
LA4 -30.3971 1.37368 3.14214 3
LA5 -34.8511 1.24827 2.46592 3
LA6 -39.8107 1.588 1.85992 3
LA7 -44.7514 1.44105 1.2191 3
LA8 -49.692 1.29412 0.578276 2
LA9 -55.1191 1.12566 -0.0271489 0
LA10 -59.5732 1.00023 -0.703372 0
LA11 -64.0273 0.874818 -1.3796 0
LA12 -67.0598 1.78729 -2.09236 0
LH1 2.53318 22.2317 17.1554 2
LH2 0.383191 22.3378 21.3465 3
LH3 -1.20487 22.3971 26.497 2
LH4 -2.88734 23.0114 30.6875 1
LH5 -4.4944 23.5574 35.8728 1
LH6 -6.08248 23.6167 41.0233 1
LH7 -7.84034 24.2992 44.219 3
LH8 -9.4474 24.8452 49.4043 3
LH9 -11.1299 25.4595 53.5948 3
LH10 -12.7369 26.0055 58.7801 3
LH11 -14.4194 26.6198 62.9707 3
LH12 -16.5129 27.1443 68.1914 3
LF1 -34.6202 19.3714 36.8638 3
LF2 -39.5418 18.7379 36.1881 3
LF3 -44.388 18.036 36.5073 2
LF4 -49.7397 17.7993 36.8967 1
LF5 -54.0994 17.119 37.1804 0
LF6 -59.5265 16.9505 36.575 0
LF7 -63.4187 16.7783 36.8582 0
LF8 -65.8702 17.1574 37.07 0
