RA1 17.7135 18.4139 -22.1759 2
RA2 22.6796 18.7946 -23.1006 2
RA3 27.154 18.8318 -23.0849 2
RA4 32.6117 19.1664 -24.0292 3
RA5 37.6279 19.9998 -24.7624 3
RA6 42.5938 19.9909 -24.7662 3
RA7 47.1184 20.4809 -24.5589 2
RA8 52.0845 20.8616 -25.4837 2
RA9 57.5421 20.8065 -25.507 0
RA10 62.5583 21.64 -26.2402 0
RA11 67.5243 21.6311 -26.244 0
RA12 72.0489 22.1211 -26.0367 0
RB1 18.8374 17.0542 -28.18 2
RB2 23.7533 16.2029 -27.4544 2
RB3 28.7194 16.194 -27.4582 3
RB4 33.1437 15.7785 -27.6339 3
RB5 38.6013 14.9442 -25.8153 3
RB6 43.5674 14.9353 -25.8191 3
RB7 48.4833 14.0841 -25.0934 2
RB8 53.3992 13.6224 -25.2887 2
RB9 58.8568 13.1777 -24.391 0
RB10 63.2812 12.7622 -24.5668 0
RB11 68.7388 12.3176 -23.6691 0
RB12 73.6547 11.4663 -22.9434 0
RC1 32.9045 -8.22304 -26.9294 3
RC2 36.5364 -11.3088 -28.2348 3
RC3 39.6268 -15.1909 -28.7913 3
RC4 43.2587 -18.6663 -29.1757 3
RC5 46.8405 -22.5945 -29.7516 3
RC6 49.9308 -26.4764 -30.3081 2
RC7 53.5628 -29.9518 -30.6925 0
RC8 56.653 -33.8338 -31.2489 0
RC9 60.285 -36.9197 -32.5543 0
RC10 63.4254 -40.3489 -32.9192 0
RC11 67.0073 -44.277 -33.4952 0
RC12 70.1476 -47.7062 -33.86 0
RD1 33.0418 31.4443 -4.71978 2
RD2 37.466 31.8081 -6.7375 1
RD3 41.3988 32.6076 -9.6567 2
RD4 45.773 32.5186 -11.866 2
RD5 50.1973 33.2718 -14.8047 1
RD6 54.6217 34.0252 -17.7434 0
RD7 58.5042 33.9824 -19.9331 0
RD8 62.9286 34.3461 -21.9509 0
RD9 67.3027 34.6467 -25.0811 0
RD10 71.7271 35.0104 -27.0989 0
RD11 76.6931 35.7807 -28.9446 0
RD12 81.6591 36.551 -30.7904 0
RE1 32.1298 16.3836 -4.57617 2
RE2 36.6042 15.6417 -2.71846 2
RE3 41.1288 14.9629 0.251769 3
RE4 46.0949 14.1747 2.08995 2
RE5 50.0777 13.479 3.9672 2
RE6 55.0939 12.754 6.91789 0
RE7 59.5684 12.012 8.7756 0
RE8 63.6013 11.769 10.8444 0
RE9 68.0758 10.6374 13.6231 0
RE10 73.5835 9.86627 16.5542 0
RE11 76.5833 9.65242 17.5496 0
RE12 79.4827 7.75386 20.0038 0
RF1 32.1104 6.84676 -7.52479 2
RF2 36.9762 6.71158 -9.75359 2
RF3 41.4006 7.07531 -11.7713 3
RF4 45.7748 6.98628 -13.9806 3
RF5 50.6405 6.85109 -16.2094 2
RF6 55.0147 6.76206 -18.4187 2
RF7 60.3721 6.58072 -20.667 0
RF8 64.2547 6.53786 -22.8567 0
RF9 69.1205 6.40263 -25.0855 0
RF10 73.0031 5.97024 -26.3543 0
RF11 78.3604 5.7889 -28.6026 0
RF12 83.6677 5.5444 -31.9634 0
RG1 5.78257 48.5574 -6.16668 3
RG2 10.7486 48.159 -5.24946 3
RG3 15.7648 48.6027 -5.06173 3
RG4 20.7309 48.5939 -5.06551 2
RG5 25.747 49.0377 -4.87775 2
RG6 30.7631 49.0919 -3.76903 2
RG7 35.2877 49.5819 -3.56175 2
RG8 40.7955 49.59 -2.47255 1
RG9 45.8117 50.0339 -2.2848 0
RG10 50.3362 50.1343 -1.15653 0
RG11 55.3524 50.5781 -0.968798 0
RG12 60.3686 50.6324 0.139945 0
RH1 9.12346 38.3679 14.4961 3
RH2 14.0394 37.5166 15.2218 3
RH3 19.0055 36.7285 17.06 3
RH4 23.9214 35.8772 17.7857 3
RH5 28.8373 35.026 18.5114 3
RH6 33.7532 34.1747 19.237 3
RH7 38.1775 33.3696 19.9822 2
RH8 43.5851 32.4722 20.6884 2
RH9 48.4509 31.1682 21.2225 1
RH10 53.3166 29.4746 22.6777 0
RH11 57.7409 28.6695 23.4229 0
RH12 62.6068 27.3655 23.957 0
RI1 1.74173 7.39602 14.4236 3
RI2 6.7579 7.83985 14.6113 3
RI3 11.724 7.83095 14.6076 3
RI4 16.7401 8.27478 14.7953 3
RI5 21.7062 8.26588 14.7915 3
RI6 26.7724 9.55207 14.2498 3
RI7 31.297 10.0421 14.4571 3
RI8 36.3633 11.3283 13.9154 3
RI9 40.938 12.271 14.3142 2
RI10 46.0043 13.1676 14.6935 3
RI11 51.1207 14.9065 14.3433 2
RI12 55.6955 15.8493 14.7421 0
RJ1 16.4682 34.8634 -17.3887 2
RJ2 16.7691 36.0216 -12.5556 3
RJ3 17.5614 36.7438 -6.82109 3
RJ4 17.8622 37.9018 -1.98801 3
RJ5 18.1129 38.6072 2.65357 3
RJ6 18.4136 39.7652 7.48666 3
RJ7 19.1559 40.4244 12.1087 3
RJ8 19.4566 41.1928 17.8628 3
RJ9 20.2489 42.3047 22.6763 3
RJ10 20.4996 43.01 27.3179 2
RJ11 21.2419 43.6692 31.9399 2
RJ12 21.984 44.3283 36.562 2
RK1 0.0936552 54.3272 -0.468456 2
RK2 4.12665 53.6946 2.52131 2
RK3 7.61797 52.6553 5.33905 3
RK4 11.6008 51.1803 9.05826 3
RK5 15.1422 50.5939 12.0676 3
RK6 19.1752 49.9612 15.0573 3
RK7 22.6665 48.5324 18.7961 3
RK8 26.2078 47.9459 21.8053 3
RK9 29.7492 47.3594 24.8146 3
RK10 33.2907 46.3833 28.7449 1
RK11 37.3236 45.361 32.6556 0
RK12 40.3233 44.7576 34.5719 0
RL1 33.1437 15.7785 -27.6339 3
RL2 34.7591 11.6454 -27.2108 2
RL3 36.2744 6.60687 -27.1707 2
RL4 38.3313 1.58519 -26.0376 3
RL5 39.8967 -3.00068 -25.806 3
RL6 41.4621 -7.58645 -25.5743 3
RL7 43.519 -12.2185 -25.3623 3
RL8 45.0844 -16.8043 -25.1306 2
RL9 46.6497 -21.3902 -24.899 2
RL10 48.2151 -26.3656 -23.7464 3
RL11 50.2721 -30.9976 -23.5343 2
RL12 51.8374 -35.5835 -23.3027 2
RM1 39.1219 34.0734 -32.9242 2
RM2 39.1624 29.1733 -32.8255 3
RM3 39.2028 24.2733 -32.7268 2
RM4 39.7349 19.327 -32.6476 2
RM5 39.7754 14.4269 -32.5489 2
RM6 39.8158 9.5268 -32.4502 2
RM7 40.3479 4.58053 -32.3711 2
RM8 40.3883 -0.319558 -32.2724 2
RM9 40.8702 -5.32895 -33.3057 2
RM10 40.9608 -9.77629 -33.0155 2
RM11 41.4928 -15.1122 -32.0154 2
RM12 41.5333 -20.4019 -30.9957 3
