LA1 45.6599 -50.5556 36.2023 2
LA2 50.5771 -51.3669 36.1309 3
LA3 55.4885 -52.2982 37.0287 2
LA4 60.4028 -53.1695 37.442 1
LA5 65.3171 -54.0408 37.8552 0
LA6 70.1935 -53.9204 38.3911 0
LA7 75.1049 -54.8517 39.2889 0
LA8 80.0192 -55.723 39.7021 0
LA9 84.8927 -55.6626 40.7225 0
LA10 89.3162 -56.6119 41.6153 0
LA11 94.6804 -56.4734 42.1563 0
LA12 99.1068 -57.3628 42.5644 0
LB1 46.757 -49.7709 22.0374 3
LB2 51.6685 -50.7022 22.9352 2
LB3 56.5419 -50.6418 23.9556 2
LB4 61.4154 -50.5814 24.976 1
LB5 65.8389 -51.5307 25.8687 0
LB6 70.7124 -51.4703 26.8891 0
LB7 75.5887 -51.3499 27.425 0
LB8 80.5001 -52.2812 28.3228 0
LB9 85.3765 -52.1607 28.8586 0
LB10 90.2908 -53.032 29.2719 0
LB11 95.1671 -52.9116 29.8077 0
LB12 100.041 -52.8512 30.8281 0
LC1 51.9774 -43.7136 15.4382 2
LC2 56.8566 -43.5331 15.4895 2
LC3 61.7738 -44.3444 15.4181 1
LC4 66.691 -45.1557 15.3468 1
LC5 71.5702 -44.9752 15.3981 0
LC6 76.9753 -45.7685 15.3319 0
LC7 81.8573 -45.528 14.8986 0
LC8 86.7745 -46.3393 14.8273 0
LC9 91.6537 -46.1589 14.8785 0
LC10 96.5329 -45.9784 14.9298 0
LC11 101.941 -46.7117 14.379 0
LC12 106.82 -46.5312 14.4303 0
LD1 59.1401 -49.0228 3.50662 1
LD2 62.009 -46.571 0.875211 0
LD3 64.3548 -43.0855 -2.1234 0
LD4 66.7386 -40.5917 -5.24451 0
LD5 69.5724 -37.0882 -8.23803 0
LD6 71.9561 -34.5944 -11.3591 0
LD7 74.787 -31.1509 -13.8681 0
LD8 77.1707 -28.6571 -16.9892 0
LD9 80.0045 -25.1535 -19.9827 0
LD10 82.3854 -22.7198 -22.6192 0
LD11 85.2191 -19.2162 -25.6127 0
LD12 87.6001 -16.7825 -28.2493 0
LG1 60.376 -24.1047 30.709 3
LG2 65.2172 -22.9325 30.8829 2
LG3 70.0584 -21.7603 31.0567 1
LG4 74.4146 -20.5462 30.7409 0
LG5 79.2587 -19.314 30.4302 0
LG6 84.1 -18.1418 30.6041 0
LG7 89.4321 -16.8916 30.2985 0
LG8 93.7883 -15.6775 29.9827 0
LG9 98.6324 -14.4453 29.672 0
LG10 102.989 -13.2311 29.3561 0
LG11 108.321 -11.9809 29.0506 0
LG12 112.68 -10.7067 28.2502 0
LH1 61.6425 -35.8463 44.515 2
LH2 66.4866 -34.6141 44.2043 1
LH3 70.9216 -35.3234 43.1587 0
LH4 76.2916 -35.0649 42.7306 0
LH5 80.7237 -35.8342 42.1695 0
LH6 85.6466 -36.5255 41.1291 0
LH7 90.5695 -37.2168 40.0886 0
LH8 95.4924 -37.908 39.0481 0
LH9 100.415 -38.5993 38.0076 0
LH10 104.85 -39.3086 36.962 0
LH11 109.285 -40.0179 35.9164 0
LH12 114.246 -41.7009 34.7534 0
LI1 32.8843 -19.1691 71.995 2
LI2 37.2405 -17.955 71.6791 1
LI3 42.5754 -16.6447 70.889 1
LI4 46.9345 -15.3706 70.0886 1
LI5 52.2694 -14.0603 69.2985 1
LI6 56.6256 -12.8462 68.9826 0
LI7 61.4726 -11.554 68.1874 0
LI8 66.3167 -10.3218 67.8767 0
LI9 71.1608 -9.08963 67.566 0
LI10 76.0078 -7.79743 66.7707 0
LI11 81.3398 -6.54719 66.4651 0
LI12 85.6989 -5.27304 65.6646 0
LJ1 31.616 -2.11186 39.6585 3
LJ2 36.5038 -1.75138 38.256 1
LJ3 41.3888 -1.45091 37.3382 2
LJ4 46.2795 -1.03042 35.4512 2
LJ5 51.1644 -0.729947 34.5333 1
LJ6 55.5643 -0.387509 33.1257 2
LJ7 60.4493 -0.0870394 32.2079 2
LJ8 65.3371 0.273443 30.8054 2
LJ9 70.1869 1.62566 29.5256 1
LJ10 75.0748 1.98614 28.1231 0
LJ11 79.9597 2.28661 27.2053 0
LJ12 84.8475 2.64709 25.8028 0
LK1 28.1214 -4.42583 8.35394 3
LK2 33.0443 -5.11709 7.31345 2
LK3 37.4793 -5.82639 6.26785 2
LK4 42.3643 -5.52592 5.35005 3
LK5 47.2872 -6.21718 4.30955 2
LK6 52.1693 -5.97672 3.87625 3
LK7 57.0542 -5.67625 2.95835 2
LK8 61.9363 -5.4358 2.52505 1
LK9 66.8592 -6.12706 1.48455 1
LK10 71.7442 -5.82659 0.566748 0
LK11 76.6291 -5.52612 -0.351153 0
LK12 81.5549 -6.15737 -1.87615 0
LL1 46.0842 -40.0919 98.5112 0
LL2 46.3938 -34.8751 97.1911 0
LL3 46.747 -30.5301 94.7791 0
LL4 47.0946 -26.3051 93.3363 0
LL5 46.922 -20.9863 91.0419 0
LL6 47.7575 -16.7433 89.6043 0
LL7 48.0671 -11.5265 88.2841 0
LL8 48.4175 -7.24149 86.3568 0
LL9 49.215 -2.0067 85.0417 0
LL10 50.0533 2.29637 83.1195 0
LL11 50.8916 6.59945 81.1973 0
LL12 51.6892 11.8342 79.8823 0
RB1 9.90364 -45.834 27.7187 1
RB2 5.05373 -47.1862 28.9986 2
RB3 0.729824 -49.5121 30.1609 2
RB4 -3.63498 -50.9063 31.9305 3
RB5 -7.95899 -53.2322 33.0929 3
RB6 -12.8088 -54.5844 34.3727 3
RB7 -17.1708 -55.9186 35.6576 3
RB8 -21.5356 -57.3127 37.4273 2
RB9 -25.8975 -58.6469 38.7122 2
RB10 -30.2215 -60.9728 39.8746 2
RB11 -35.0713 -62.325 41.1544 1
RB12 -39.4333 -63.6592 42.4394 0
RC1 3.02495 -41.7311 16.8696 2
RC2 -1.81635 -42.9033 16.6957 2
RC3 -6.61956 -45.0672 16.3993 2
RC4 -11.4609 -46.2394 16.2254 2
RC5 -16.267 -48.4633 16.4135 2
RC6 -20.6203 -49.6174 16.2448 1
RC7 -25.4616 -50.7896 16.0709 2
RC8 -30.3057 -52.0218 16.3816 1
RC9 -35.1089 -54.1857 16.0851 1
RC10 -39.9502 -55.3579 15.9113 1
RC11 -44.3035 -56.512 15.7425 0
RC12 -49.1447 -57.6842 15.5686 0
RH1 1.49998 -35.3906 46.675 2
RH2 -2.00581 -33.8336 49.3072 2
RH3 -5.5524 -31.3448 52.5465 3
RH4 -9.0581 -29.7877 55.1786 3
RH5 -12.6018 -27.2388 57.9334 3
RH6 -16.1076 -25.6818 60.5655 2
RH7 -20.1392 -23.151 63.3152 2
RH8 -24.1329 -21.6119 65.9422 2
RH9 -27.6386 -20.0549 68.5744 1
RH10 -31.1822 -17.506 71.3291 1
RH11 -34.1972 -15.8709 73.4819 1
RH12 -38.2288 -13.3401 76.2315 1
