LA1 -8.64907 23.4024 -16.9647 1
LA2 -13.6392 23.1325 -16.0588 2
LA3 -18.6928 23.756 -15.8132 2
LA4 -23.1864 24.0184 -15.7489 2
LA5 -28.162 24.2151 -15.7272 2
LA6 -33.201 25.3053 -16.3659 3
LA7 -38.1619 25.9686 -17.2286 3
LA8 -43.1375 26.1653 -17.2069 2
LA9 -48.0351 25.9352 -17.4092 2
LA10 -52.9473 25.2384 -16.7272 2
LA11 -57.7815 24.1147 -16.2691 2
LA12 -60.0937 21.0659 -13.3929 2
LB1 -15.2193 12.8556 -21.5081 2
LB2 -20.1949 13.0523 -21.4865 2
LB3 -25.1704 13.249 -21.4648 2
LB4 -30.146 13.4457 -21.4431 2
LB5 -35.1216 13.6424 -21.4215 3
LB6 -40.1606 14.7326 -22.0602 3
LB7 -44.7321 15.4218 -21.7719 3
LB8 -49.7857 16.0453 -21.5263 2
LB9 -54.3719 16.2679 -20.3538 2
LB10 -58.5054 15.6228 -17.37 1
LB11 -60.1022 13.5192 -12.8523 2
LB12 -60.2532 11.6126 -8.2068 2
LC1 -36.828 58.2734 -26.1676 2
LC2 -39.2956 53.9183 -25.1142 3
LC3 -41.6707 49.6029 -25.169 3
LC4 -44.0603 44.821 -24.3395 3
LC5 -46.5133 40.9325 -24.1704 3
LC6 -48.8884 36.6173 -24.2252 2
LC7 -51.356 32.2621 -23.1717 2
LC8 -53.3417 27.9726 -22.0757 3
LC9 -55.9799 24.0046 -19.69 3
LC10 -58.1361 20.1021 -17.2617 2
LC11 -59.4844 17.1847 -14.3002 2
LC12 -60.4433 14.2932 -10.1879 2
LD1 -29.2211 64.6978 -10.2128 2
LD2 -33.0425 62.3454 -8.12478 2
LD3 -36.3821 60.0587 -5.99418 2
LD4 -39.6582 56.8785 -3.20321 3
LD5 -43.4017 54.0993 -1.33919 3
LD6 -46.6779 50.9191 1.45178 2
LD7 -49.9394 48.2056 3.35843 2
LD8 -52.6556 44.6642 5.96806 2
LD9 -54.4078 41.2543 8.66294 1
LD10 -56.2527 37.8045 12.4661 2
LD11 -57.2116 34.913 16.5785 2
LD12 -58.1559 32.4881 19.8065 2
LE1 -37.0598 -34.221 -32.0111 2
LE2 -44.2807 -27.6597 -33.1911 2
LE3 -51.0051 -20.5659 -35.2127 2
LE4 -57.6032 -13.0992 -33.643 3
LF1 -12.0712 94.1033 7.8498 2
LF2 -20.7606 90.2941 5.69619 3
LF3 -29.2939 85.6313 3.09466 2
LF4 -37.2819 80.1407 1.19612 2
LF5 -45.1919 74.2232 -0.926379 2
LF6 -51.5439 66.2492 -0.715976 2
LGr1 -20.8759 -68.2675 -33.8794 2
LGr2 -29.4744 -65.5569 -30.3292 3
LGr3 -38.2142 -61.5259 -27.2155 3
LGr4 -45.3381 -55.5249 -23.0354 2
LGr5 -50.5341 -49.2611 -18.6849 3
LGr6 -55.5456 -40.7576 -14.2802 3
LGr7 -56.6868 -31.2619 -10.4188 3
LGr8 -57.19 -22.5542 -6.96267 3
LGr9 -20.0721 -75.4295 -26.3374 3
LGr10 -28.0185 -70.8801 -21.8061 2
LGr11 -35.4684 -65.7985 -18.1166 3
LGr12 -42.7483 -58.9438 -13.4886 2
LGr13 -48.0223 -52.2531 -8.91412 2
LGr14 -52.3958 -44.5376 -4.91471 3
LGr15 -53.941 -35.5345 -1.3199 2
LGr16 -53.0763 -26.2028 2.48803 3
LGr17 -16.9077 -78.7428 -17.8562 2
LGr18 -25.0101 -73.3398 -12.8771 2
LGr19 -32.0706 -68.2323 -8.03666 2
LGr20 -38.698 -61.6988 -4.69829 2
LGr21 -44.454 -55.0739 -0.166393 3
LGr22 -49.3874 -46.9973 4.01435 2
LGr23 -51.8965 -38.1255 7.52391 3
LGr24 -53.0377 -28.6298 11.3853 2
LGr25 -12.1128 -79.6193 -9.19306 3
LGr26 -20.0594 -75.0699 -4.66184 2
LGr27 -27.1199 -69.9625 0.178581 2
LGr28 -34.2437 -63.9615 4.35864 2
LGr29 -40.9782 -57.9345 9.6896 2
LGr30 -46.2378 -50.7773 13.3798 2
LGr31 -49.7887 -41.6101 17.0281 3
LGr32 -51.8158 -32.6726 20.5803 3
LGr33 -51.3839 50.2757 -17.0586 2
LGr34 -53.8612 42.6938 -10.9232 1
LGr35 -55.3745 35.2432 -4.70261 1
LGr36 -56.2499 27.0046 1.11273 2
LGr37 -56.3173 19.7511 7.46122 2
LGr38 -54.627 10.9874 13.0418 2
LGr39 -53.0145 2.65056 18.8463 2
LGr40 -53.004 -5.02975 24.9708 3
LGr41 -53.4515 44.8533 -24.4775 2
LGr42 -55.8507 36.8445 -18.5661 2
LGr43 -57.846 29.3282 -12.3881 2
LGr44 -58.2394 21.1554 -6.53015 3
LGr45 -57.6689 13.114 -0.586943 3
LGr46 -56.2125 5.63072 5.66547 2
LGr47 -54.4295 -3.09315 10.1378 2
LGr48 -54.419 -10.7735 16.2623 2
LGr49 -46.1042 45.2521 -35.454 2
LGr50 -53.3572 38.4132 -32.3978 2
LGr51 -56.7837 31.1665 -27.232 2
LGr52 -59.0904 23.1975 -22.4289 2
LGr53 -60.5403 14.8534 -15.5479 2
LGr54 -60.3738 6.31949 -9.87125 2
LGr55 -58.2649 -1.48502 -4.90844 3
LGr56 -56.0779 -9.71635 -0.169575 3
LGr57 -42.2759 38.3643 -40.1564 2
LGr58 -49.9818 32.3931 -38.9115 1
LGr59 -55.2436 24.9235 -35.0244 1
LGr60 -58.5142 16.8231 -30.3065 2
LGr61 -60.8354 8.3875 -24.6191 1
LGr62 -61.3848 1.06832 -18.3132 2
LGr63 -60.7364 -7.39996 -12.5939 1
LGr64 -60.1512 -14.9747 -7.53504 3
