LB1 -22.8811 20.0099 -2.99857 2
LB2 -28.2231 20.9658 -3.6291 2
LB3 -32.5762 22.3326 -5.28211 3
LB4 -37.4178 23.5866 -5.54195 3
LB5 -42.2719 24.5248 -6.174 3
LB6 -47.1133 25.7789 -6.43384 3
LB7 -51.9674 26.7172 -7.06589 3
LB8 -56.809 27.9713 -7.32574 2
LB9 -61.1625 29.2077 -7.58709 0
LB10 -66.5045 30.1636 -8.21763 0
LB11 -70.858 31.3999 -8.47898 0
LB12 -75.6995 32.654 -8.73882 0
LD1 -41.4082 33.4596 10.5574 2
LD2 -40.985 31.2115 15.6531 2
LD3 -40.5363 29.7254 20.1016 2
LD4 -39.5996 28.2215 24.5485 2
LD5 -39.1765 25.9735 29.6442 2
LD6 -38.2272 24.7855 34.4634 3
LD7 -37.791 22.9835 38.5396 3
LD8 -37.3423 21.4974 42.9881 2
LD9 -36.4312 19.2316 48.0822 3
LD10 -36.4705 17.763 52.5322 3
LD11 -36.0598 15.1992 57.2557 2
LD12 -36.0865 14.0465 62.0779 2
LE1 -34.4787 7.87023 22.4252 3
LE2 -33.0415 6.66454 27.2428 3
LE3 -32.1048 5.16072 31.6898 3
LE4 -30.6801 3.63926 36.1352 3
LE5 -29.281 1.35593 41.2279 3
LE6 -28.3189 0.613973 45.0276 3
LE7 -26.9072 -1.35357 50.4924 3
LE8 -25.457 -2.11316 54.2906 3
LE9 -24.5333 -4.06306 59.757 3
LE10 -23.5711 -4.80502 63.5567 3
LE11 -22.6219 -5.99306 68.3759 3
LE12 -21.1846 -7.19874 73.1935 3
LF1 -42.8113 18.9045 42.8104 3
LF2 -47.2406 18.1159 41.7074 3
LF3 -52.6333 17.6784 40.9797 3
LF4 -57.0883 16.1279 40.524 2
LF5 -62.481 15.6904 39.7962 1
LF6 -66.9103 14.9018 38.6933 0
LF7 -71.8276 14.1308 37.5918 0
LF8 -76.7449 13.3599 36.4904 0
LG1 -1.47434 24.9618 67.0213 2
LG2 -4.36514 25.7543 70.9303 2
LG3 -6.80608 25.4517 75.1129 3
LG4 -9.73499 25.1666 79.2969 1
LG5 -12.6639 24.8816 83.481 1
LG6 -15.1048 24.5789 87.6636 0
LG7 -18.0338 24.2938 91.8476 0
LG8 -20.4747 23.9911 96.0302 0
LH1 -1.98033 11.288 63.2661 1
LH2 -7.36046 11.1662 62.9106 3
LH3 -12.2401 11.3426 62.9258 3
LH4 -17.1452 10.7571 63.5882 2
LH5 -22.0374 10.6178 63.2311 2
LH6 -26.9169 10.7942 63.2463 3
LH7 -31.8221 10.2087 63.9087 2
LH8 -37.2022 10.0869 63.5532 1
LI1 -4.89133 13.1429 48.3392 3
LI2 -9.75836 13.635 48.7266 3
LI3 -14.638 13.8115 48.7418 3
LI4 -19.505 14.3036 49.1292 3
LI5 -24.359 15.2419 48.4971 3
LI6 -29.7266 15.4359 48.5138 3
LI7 -34.1182 15.5947 48.5275 3
LI8 -39.4732 16.1045 48.9164 2
LI9 -44.3273 17.0428 48.2844 2
LI10 -49.6823 17.5526 48.6733 2
LJ1 -1.92697 -24.9145 29.9239 2
LJ2 -6.85725 -26.1316 29.8419 3
LJ3 -11.7875 -27.3487 29.7598 3
LJ4 -16.2299 -28.5833 29.6763 3
LJ5 -21.1346 -29.0385 28.9471 3
LJ6 -26.0649 -30.2556 28.8651 3
LJ7 -30.9825 -31.1568 29.1553 3
LJ8 -35.8999 -31.9277 28.0538 2
LJ9 -40.3422 -33.1624 27.9703 1
LJ10 -45.2725 -34.3795 27.8883 2
LJ11 -50.1773 -34.8346 27.159 2
LJ12 -55.1075 -36.0516 27.077 2
LK1 -36.1347 -13.5218 52.8006 3
LK2 -36.1488 -14.3588 57.995 3
LK3 -36.1374 -14.4339 62.5422 2
LK4 -36.1515 -15.2708 67.7366 3
LK5 -36.1527 -15.6617 71.9115 2
LK6 -36.1797 -16.9448 78.1254 1
LK7 -36.6688 -17.3181 82.3018 0
LK8 -36.6828 -18.155 87.4962 0
LL1 -35.424 -20.5794 49.1561 3
LL2 -34.9628 -21.7498 53.9768 1
LL3 -34.5139 -23.236 58.4252 3
LL4 -34.0527 -24.4064 63.2459 3
LL5 -33.6295 -26.6544 68.3416 1
LL6 -33.6562 -27.8072 73.1638 1
LL7 -33.2075 -29.2934 77.6122 0
LL8 -33.2467 -30.7619 82.0622 0
LM1 -1.71345 -46.6332 36.8129 2
LM2 -6.60601 -46.9028 37.8475 1
LM3 -11.473 -46.4107 38.2349 3
LM4 -16.3527 -46.2342 38.2501 3
LM5 -21.7328 -46.356 37.8946 3
LM6 -26.6375 -46.8111 37.1653 2
LM7 -31.0544 -47.284 36.4346 3
LM8 -35.9335 -46.9773 35.0581 2
LM9 -40.8257 -47.1166 34.7011 2
LM10 -45.705 -46.81 33.3246 2
LM11 -51.0851 -46.9317 32.9691 2
LM12 -55.9646 -46.7553 32.9843 1
RB1 21.3599 14.2995 -7.97545 2
RB2 26.2649 14.885 -8.63786 2
RB3 31.1446 14.7086 -8.65304 3
RB4 36.0622 15.6098 -8.94325 2
RB5 40.9419 15.4334 -8.95843 3
RB6 46.335 16.0013 -9.62236 2
RB7 50.7392 16.1583 -9.26381 2
RB8 56.1323 16.7262 -9.92774 1
RD1 31.6875 25.0852 45.2988 2
RD2 35.6922 27.6006 46.8727 2
RD3 39.6843 29.8003 48.0744 1
RD4 44.2024 33.06 48.9996 1
RD5 48.1944 35.2596 50.2012 1
RD6 52.1991 37.7751 51.7751 1
RD7 56.1912 39.9747 52.9768 0
RD8 60.2088 42.9362 53.5312 0
RD9 64.2134 45.4517 55.1051 0
RD10 67.2171 47.3709 55.9376 0
RE1 25.3881 -25.5667 22.5084 3
RE2 35.1477 -25.7892 21.0864 3
RE3 44.9454 -24.9341 19.3893 2
RE4 54.7557 -23.7631 18.0645 2
RE5 64.5404 -23.354 17.3869 2
RE6 69.9084 -23.4177 15.9786 0
RE7 75.802 -22.5518 15.6853 0
RE8 80.7578 -20.5729 15.1201 0
