LA1 -7.44718 19.6518 -35.9037 2
LA2 -12.359 17.6692 -35.7149 2
LA3 -17.2401 16.4435 -35.2666 2
LA4 -22.1211 15.2177 -34.8183 2
LA5 -27.0391 13.6693 -33.4242 3
LA6 -31.5203 12.4242 -32.9669 2
LA7 -36.4013 11.1984 -32.5186 2
LA8 -41.2978 9.59427 -32.2001 3
LA9 -45.7944 7.97067 -31.8725 3
LA10 -50.6909 6.36644 -31.554 3
LA11 -55.172 5.12132 -31.0966 2
LA12 -60.5207 2.83532 -29.9711 1
LB1 -7.00493 12.5895 -35.1241 2
LB2 -11.9014 10.9852 -34.8055 3
LB3 -16.3826 9.7401 -34.3482 3
LB4 -21.2421 8.45863 -34.9754 2
LB5 -26.1384 6.8544 -34.6569 2
LB6 -30.9979 5.57283 -35.2841 2
LB7 -35.4945 3.94933 -34.9565 3
LB8 -40.354 2.66776 -35.5838 2
LB9 -44.8506 1.04416 -35.2562 3
LB10 -49.7317 -0.181498 -34.8079 3
LB11 -54.6065 -1.84153 -35.5649 2
LB12 -59.1031 -3.46511 -35.2373 1
LF1 -28.6898 70.957 -15.0 2
LF2 -33.1679 70.9589 -12.0024 2
LF3 -37.6245 70.905 -10.0804 2
LF4 -42.4809 70.8705 -8.16738 3
LF5 -46.5747 70.4746 -5.29055 1
LF6 -50.6313 70.4013 -3.35948 0
LF7 -55.1249 70.0248 -0.491675 0
LF8 -59.5815 69.9709 1.43036 0
LE1 -21.8058 80.2645 -15.7846 2
LE2 -23.0916 80.5456 -11.5095 2
LE3 -24.7618 81.2247 -7.11385 2
LE4 -26.0691 81.5618 -1.76335 2
LE5 -27.3395 82.2214 2.6414 3
LE6 -28.21 82.8617 7.05514 0
LE7 -29.9171 83.2182 12.3966 0
LE8 -31.2244 83.5551 17.7471 0
LC1 -22.1232 74.8104 -13.4285 2
LC2 -26.1708 75.5499 -10.1625 3
LC3 -29.8338 75.8916 -7.01714 3
LC4 -33.4815 76.6117 -3.74207 2
LC5 -37.1292 77.3317 -0.466982 1
LC6 -41.1922 77.6927 2.66932 0
LC7 -44.8398 78.4128 5.94439 0
LC8 -48.4721 79.5114 9.3492 0
LD1 -20.8051 65.5984 -2.77479 2
LD2 -24.422 67.0754 0.759745 2
LD3 -27.6544 68.1547 4.17357 2
LD4 -31.2867 69.2532 7.57838 2
LD5 -34.919 70.3518 10.9832 1
LD6 -38.1669 71.0526 14.2673 0
LD7 -41.3993 72.1318 17.6811 0
LD8 -44.6842 72.5099 21.911 0
LG1 -4.44726 85.2761 -10.2239 2
LG2 -8.11036 85.6178 -7.0786 3
LG3 -11.7735 85.9594 -3.93327 2
LG4 -15.4736 85.9784 0.157832 2
LG5 -18.7368 86.3007 3.31219 2
LG6 -22.4153 86.2639 6.32778 1
LG7 -26.1154 86.2828 10.4189 0
LG8 -29.8154 86.3018 14.51 0
LH1 -0.280966 69.5263 -15.4348 2
LH2 -4.6944 69.3608 -15.6638 2
LH3 -9.92287 68.8556 -16.0406 3
LH4 -14.7145 68.6537 -17.3541 3
LH5 -19.5432 68.1292 -17.7219 3
LH6 -24.3873 67.2261 -18.2194 3
LH7 -29.1635 67.4027 -19.4032 2
LH8 -34.0076 66.4997 -19.9007 2
LH9 -39.2207 66.373 -20.1477 3
LH10 -44.0339 66.2269 -20.3857 3
LH11 -49.2993 65.399 -19.8167 1
LH12 -54.128 64.8744 -20.1845 0
LI1 -3.78811 31.6295 5.33243 3
LI2 -9.01658 31.1242 4.95566 1
LI3 -13.8606 30.2212 4.45816 2
LI4 -18.6893 29.6966 4.09042 3
LI5 -23.518 29.1721 3.72265 3
LI6 -28.362 28.2691 3.22515 3
LI7 -33.1691 27.6886 1.7819 3
LI8 -38.0132 26.7856 1.2844 3
LI9 -42.8203 26.2053 -0.158875 3
LI10 -47.6642 25.3022 -0.656352 2
LI11 -52.4559 25.1004 -1.96989 2
LI12 -57.3154 23.8189 -2.59713 2
LJ1 -19.6249 71.7493 -41.8657 1
LJ2 -20.5631 71.31 -36.7657 2
LJ3 -21.8335 71.9697 -32.3609 2
LJ4 -23.1717 71.5498 -27.2699 3
LJ5 -24.0791 71.8674 -21.9104 3
LJ6 -25.3649 72.1486 -17.6354 3
LJ7 -27.0721 72.5051 -12.2939 2
LJ8 -28.773 72.4271 -8.15767 3
LJ9 -30.4956 72.4051 -2.94593 2
LJ10 -31.7659 73.0648 1.45879 2
LJ11 -33.0516 73.3459 5.7338 2
LJ12 -34.3744 73.3045 10.9546 0
LK1 -2.71292 62.857 -46.3532 2
LK2 -3.99867 63.1383 -42.0782 2
LK3 -4.90616 63.4559 -36.7187 3
LK4 -6.17651 64.1156 -32.3139 2
LK5 -7.49923 64.0742 -27.0932 3
LK6 -8.76959 64.7338 -22.6884 3
LK7 -10.0769 65.0709 -17.3379 3
LK8 -10.9474 65.7112 -12.9242 3
LK9 -12.2547 66.0482 -7.57366 3
LK10 -13.1253 66.6885 -3.15992 3
LK11 -13.9804 67.7074 1.38357 3
LK12 -14.8725 68.4035 6.87282 3
LL1 -4.53403 52.0888 11.2265 3
LL2 -9.30106 53.0782 11.3777 2
LL3 -14.0835 53.6891 11.3992 3
LL4 -19.2504 54.6977 11.5413 3
LL5 -24.0328 55.3086 11.5628 3
LL6 -28.7998 56.298 11.714 2
LL7 -34.0191 56.6055 12.6722 2
LL8 -38.8015 57.2164 12.6936 2
LL9 -43.547 58.1499 11.7693 1
LL10 -48.7601 58.0231 11.5222 0
LL11 -53.5209 58.5782 10.4682 0
LL12 -59.1184 58.8494 10.3418 0
LM1 -3.86523 38.5218 23.5409 3
LM2 -8.3187 36.7867 21.7175 3
LM3 -12.7937 35.1073 20.9696 3
LM4 -16.8628 32.9743 19.0254 3
LM5 -21.3532 30.9165 18.1477 3
LM6 -25.8067 29.1813 16.3243 3
LM7 -30.2818 27.502 15.5763 2
LM8 -34.7198 26.1454 13.8826 1
LM9 -39.2103 24.0875 13.0049 3
LM10 -43.6854 22.4082 12.257 3
LM11 -48.1233 21.0514 10.5633 2
LM12 -52.5984 19.3721 9.81533 2
RA1 20.1411 28.1754 -31.917 2
RA2 24.8712 26.8633 -31.1224 2
RA3 29.5858 25.1728 -30.4575 2
RA4 34.3159 23.8608 -29.6629 3
RA5 39.0151 21.7919 -29.1278 3
RA6 43.7452 20.4798 -28.3332 3
RA7 48.4753 19.1678 -27.5386 3
RA8 53.2053 17.8558 -26.744 2
RB1 26.2787 15.7469 -28.5162 2
RB2 30.9719 14.1122 -26.7758 2
RB3 35.7019 12.8002 -25.9813 2
RB4 40.0322 11.5075 -25.1957 3
RB5 44.7468 9.81705 -24.5308 3
RB6 49.4769 8.50503 -23.7362 3
RB7 54.1546 6.49177 -22.1256 2
RB8 58.8846 5.17975 -21.331 2
RB9 63.6147 3.86773 -20.5364 2
RB10 68.3447 2.5557 -19.7418 1
RB11 72.6596 0.884568 -19.086 0
RB12 77.3681 -0.371673 -17.2158 0
RC1 4.6457 47.2617 20.5117 2
RC2 9.44357 47.0294 20.62 3
RC3 14.6043 46.4549 21.6831 3
RC4 19.4329 46.9794 22.0508 2
RC5 24.6306 46.7278 22.1681 2
RC6 29.4438 46.8738 22.4062 2
RC7 34.2508 47.4541 23.8494 3
RC8 39.4485 47.2024 23.9667 2
RC9 44.2618 47.3485 24.2048 1
RC10 49.4749 47.4752 24.4518 1
RC11 54.2881 47.6214 24.6898 0
RC12 59.5012 47.748 24.9369 0
