LA1 -24.8509 -21.7281 8.09387 1
LA2 -29.59 -23.5058 6.66651 2
LA3 -33.817 -25.7209 5.08604 2
LA4 -37.5865 -27.4946 3.77509 3
LA5 -42.2983 -29.7117 2.1364 3
LA6 -46.0406 -31.9247 0.614137 3
LA7 -50.2676 -34.1398 -0.966338 3
LA8 -54.4947 -36.3548 -2.54681 3
LA9 -58.749 -38.1306 -3.91597 2
LA10 -63.0815 -40.782 -4.60286 2
LA11 -67.3085 -42.997 -6.18334 0
LA12 -72.0476 -44.7748 -7.6107 0
LB1 -27.3003 -27.0154 4.10388 2
LB2 -31.6873 -28.7881 3.83962 2
LB3 -36.4263 -30.5659 2.41226 1
LB4 -40.7861 -32.7779 1.93668 3
LB5 -45.0403 -34.5537 0.56753 3
LB6 -49.3728 -37.2051 -0.119366 3
LB7 -53.7326 -39.4171 -0.594941 3
LB8 -58.5499 -42.0706 -1.34004 2
LB9 -62.3194 -43.8443 -2.65099 2
LB10 -67.1367 -46.4977 -3.39609 2
LB11 -70.9061 -48.2714 -4.70704 0
LB12 -75.7507 -50.4855 -5.24082 0
LC1 -39.6432 -6.40221 16.0701 2
LC2 -44.299 -5.97522 17.9673 2
LC3 -48.4699 -5.5462 19.9228 2
LC4 -53.1256 -5.11921 21.82 2
LC5 -57.8086 -4.25288 23.9286 2
LC6 -62.4643 -3.82589 25.8259 1
LC7 -66.9874 -3.40191 26.6182 1
LC8 -72.1279 -2.97696 28.4572 0
LC9 -76.2716 -2.98727 30.2014 0
LC10 -81.3067 -2.12599 31.1468 0
LC11 -85.9352 -2.13834 32.8328 0
LC12 -90.4582 -1.71436 33.6251 0
LD1 -16.9668 -5.91718 3.31573 2
LD2 -19.9759 -5.03669 7.86694 2
LD3 -22.422 -3.27848 11.7941 3
LD4 -24.4615 -2.39391 16.4617 3
LD5 -26.5011 -1.50934 21.1293 3
LD6 -28.4351 -0.188433 24.9034 3
LD7 -30.4747 0.696136 29.571 3
LD8 -32.0294 1.58274 34.2968 3
LD9 -33.9635 2.90365 38.0709 3
LD10 -35.5454 4.2296 43.008 2
LD11 -37.4795 5.55051 46.7821 2
LD12 -39.519 6.43508 51.4497 2
LE1 -15.436 11.2886 30.9226 2
LE2 -20.3111 11.7075 30.5519 3
LE3 -25.1863 12.1264 30.1811 3
LE4 -30.1397 11.6697 30.4926 3
LE5 -34.9877 11.6493 29.9105 3
LE6 -39.8356 11.6289 29.3285 3
LE7 -44.7108 12.0479 28.9577 3
LE8 -49.5587 12.0275 28.3756 2
LE9 -54.4067 12.0071 27.7935 2
LE10 -59.7394 11.9846 27.1532 1
LE11 -64.5874 11.9642 26.5712 0
LE12 -70.0256 11.5055 26.8245 0
LF1 -35.4589 0.136052 -2.6253 1
LF2 -37.0118 -4.69382 -1.80975 2
LF3 -38.08 -9.52166 -0.935987 2
LF4 -39.0428 -13.9131 -0.955809 2
LF5 -40.7012 -19.1794 0.753322 3
LF6 -41.7694 -24.0072 1.62708 3
LF7 -42.8648 -28.3957 2.71216 3
LF8 -43.8275 -32.7872 2.69234 3
LF9 -45.4859 -38.0534 4.40147 3
LF10 -46.4487 -42.4449 4.38165 3
LF11 -47.6495 -47.2697 6.36031 3
LF12 -49.0971 -51.6633 6.28228 3
LG1 -34.0668 -49.4454 -4.29011 2
LG2 -37.5352 -52.5291 -3.96701 2
LG3 -41.1362 -55.6098 -2.539 2
LG4 -44.6318 -58.2541 -2.00458 2
LG5 -48.3383 -61.7711 0.316998 2
LG6 -51.9393 -64.8518 1.745 3
LG7 -55.5676 -67.4931 3.38432 3
LG8 -59.6807 -70.1365 4.96544 2
LG9 -62.7969 -73.2151 6.45165 1
LG10 -66.91 -75.8585 8.03276 0
LG11 -70.511 -78.9391 9.46076 0
LG12 -74.1393 -81.5804 11.1001 0
RA1 13.7218 -22.4376 14.5377 2
RA2 18.6514 -23.7352 14.4858 2
RA3 23.6865 -24.5965 13.5403 3
RA4 28.1041 -25.4568 13.6416 3
RA5 33.1392 -26.3181 12.6961 3
RA6 38.0416 -27.1764 12.8555 3
RA7 42.9712 -28.474 12.8037 3
RA8 47.8736 -29.3323 12.9631 3
RA9 52.6433 -30.1876 14.2274 3
RA10 57.5185 -30.6065 14.5982 2
RA11 62.4209 -31.4648 14.7576 1
RA12 67.2178 -32.7594 15.8106 0
RB1 16.2734 -32.9987 1.84809 2
RB2 19.6194 -36.4931 2.77478 2
RB3 23.423 -39.5462 3.971 3
RB4 27.1993 -42.16 5.37854 2
RB5 30.9484 -44.3343 6.9974 2
RB6 34.6976 -46.5087 8.61627 2
RB7 38.9315 -48.6811 10.2933 2
RB8 43.1654 -50.8534 11.9704 2
RB9 47.3993 -53.0258 13.6475 3
RB10 51.6332 -55.1981 15.3245 2
RB11 55.8671 -57.3705 17.0016 2
RB12 60.101 -59.5428 18.6787 2
RC1 28.5937 2.22386 24.9778 2
RC2 33.093 0.0455137 24.4451 2
RC3 37.6195 -2.57218 23.701 1
RC4 41.7394 -4.31623 22.2165 1
RC5 46.2386 -6.49458 21.6838 2
RC6 50.7651 -9.11227 20.9397 1
RC7 55.3698 -10.8543 19.5134 1
RC8 59.3843 -13.0347 18.9225 0
RC9 63.8836 -15.213 18.3897 0
RC10 68.0035 -16.9571 16.9052 0
RC11 73.0148 -19.5727 16.2194 0
RC12 77.0292 -21.7531 15.6284 0
RD1 5.02923 -2.31967 4.31095 2
RD2 6.94973 -2.73681 8.81028 2
RD3 8.27997 -3.59233 14.145 3
RD4 9.23088 -4.01354 18.5279 3
RD5 10.5339 -4.42972 24.0739 3
RD6 11.9696 -4.8489 28.515 3
RD7 13.2999 -5.70442 33.8497 3
RD8 14.7356 -6.1236 38.2908 3
RD9 15.6865 -6.54482 42.6737 3
RD10 16.9895 -6.96099 48.2197 3
RD11 17.8349 -7.81855 53.4962 3
RD12 19.2706 -8.23773 57.9373 3
RE1 -3.0338 17.4753 29.8118 2
RE2 1.27835 16.1787 30.8066 3
RE3 6.04807 15.3234 32.071 3
RE4 10.845 14.0287 33.124 3
RE5 15.6419 12.7341 34.177 3
RE6 20.5171 12.3152 34.5478 3
RE7 25.2868 11.4599 35.8121 3
RE8 30.0566 10.6046 37.0764 2
RE9 34.3415 9.74727 38.2826 2
RE10 39.2439 8.88899 38.442 2
RE11 44.0408 7.59436 39.495 1
RE12 48.7323 5.86339 41.4416 0
RF1 26.8262 5.21788 2.73025 1
RF2 29.1243 0.843663 4.22279 2
RF3 30.9649 -3.97193 5.44579 2
RF4 32.2935 -8.35023 6.82191 2
RF5 34.2123 -12.2901 7.36266 2
RF6 36.0529 -17.1057 8.58567 2
RF7 37.8935 -21.9213 9.80867 2
RF8 39.7069 -26.2976 11.243 2
RF9 42.0322 -31.1111 12.5242 3
RF10 43.9511 -35.0511 13.065 3
RF11 45.7644 -39.4273 14.4993 3
RF12 47.5778 -43.8036 15.9336 3
RG1 27.0313 -65.8343 11.7038 2
RG2 31.1291 -65.81 14.4375 2
RG3 34.7149 -65.3483 17.3243 3
RG4 39.2702 -64.8826 20.3275 3
RG5 42.8832 -64.8603 23.003 2
RG6 47.4658 -64.8339 25.7949 3
RG7 51.6691 -64.3732 27.6349 2
RG8 55.7397 -63.9095 30.5799 2
RG9 59.8375 -63.8851 33.3136 1
RG10 63.9081 -63.4214 36.2586 0
RG11 68.0059 -63.397 38.9923 0
RG12 72.2092 -62.9363 40.8324 0
