LA1 -14.6086 5.34771 20.1342 2
LA2 -19.4911 5.08743 19.7172 2
LA3 -24.3685 5.24666 19.5501 2
LA4 -29.6875 5.93246 18.5076 1
LA5 -34.5699 5.67218 18.0907 3
LA6 -39.4063 5.92254 16.8151 3
LA7 -44.2888 5.66226 16.3982 3
LA8 -49.1713 5.40197 15.9812 2
LA9 -54.0025 6.07185 14.9555 2
LA10 -59.3676 6.24701 14.7716 2
LA11 -64.2501 5.98672 14.3546 1
LA12 -69.0814 6.6566 13.3289 0
LB1 -20.897 -4.00009 23.5547 1
LB2 -25.343 -5.20646 23.7633 2
LB3 -30.2767 -6.39691 23.9551 2
LB4 -35.2565 -8.098 25.0054 3
LB5 -39.7025 -9.30436 25.2139 3
LB6 -44.6311 -10.0753 25.6555 3
LB7 -49.5648 -11.2657 25.8473 2
LB8 -54.0108 -12.4721 26.0558 2
LB9 -58.9906 -14.1732 27.1062 2
LB10 -63.9243 -15.3636 27.298 2
LB11 -68.8529 -16.1346 27.7396 1
LB12 -73.8327 -17.8357 28.7899 0
LC1 -24.758 -7.0466 19.206 2
LC2 -28.7829 -10.4576 19.2906 2
LC3 -32.7617 -13.358 18.5166 3
LC4 -36.2527 -16.2743 17.7594 3
LC5 -40.2725 -19.2658 18.0938 2
LC6 -44.2513 -22.1661 17.3199 2
LC7 -48.7178 -25.0506 16.5292 2
LC8 -52.6914 -27.5314 16.0051 3
LC9 -56.7163 -30.9424 16.0897 3
LC10 -60.6951 -33.8428 15.3158 3
LC11 -64.181 -36.3396 14.8083 0
LC12 -68.1598 -39.2399 14.0344 0
LD1 -27.3201 16.3047 30.6276 3
LD2 -26.0053 17.151 35.8605 2
LD3 -25.1374 18.1043 39.9684 2
LD4 -23.8226 18.9506 45.2013 2
LD5 -23.0007 19.3933 50.1677 3
LD6 -21.6399 20.7502 54.5421 3
LD7 -20.3302 21.177 59.5252 3
LD8 -19.0206 21.6037 64.5083 3
LD9 -18.1936 22.466 69.7245 3
LD10 -17.3256 23.4193 73.8324 3
LD11 -16.5037 23.862 78.7988 3
LD12 -15.6819 24.3047 83.7652 3
LE1 -38.1724 -0.633377 31.6181 2
LE2 -36.8782 -1.46517 35.8518 2
LE3 -36.1127 -2.37216 41.1772 2
LE4 -34.8133 -2.78443 45.6608 2
LE5 -33.5191 -3.61622 49.8945 2
LE6 -32.2659 -4.53913 55.2366 3
LE7 -30.9665 -4.9514 59.7201 3
LE8 -29.7184 -6.29384 64.8125 3
LE9 -28.419 -6.70611 69.296 3
LE10 -27.6074 -7.10245 73.7628 2
LE11 -26.8368 -7.58993 79.338 2
LE12 -66.2807 -11.7509 85.2281 0
LF1 -17.7215 14.6614 62.7785 3
LF2 -21.7719 12.4179 64.7208 3
LF3 -25.8224 10.1743 66.6632 3
LF4 -29.8728 7.93069 68.6055 2
LF5 -33.9233 5.68711 70.5479 2
LF6 -37.9737 3.44353 72.4902 2
LF7 -42.0242 1.19995 74.4325 2
LF8 -46.0746 -1.04363 76.3749 3
LF9 -50.1302 -3.70672 78.0674 3
LF10 -54.6684 -5.93438 79.9931 0
LF11 -58.185 -7.68324 81.0936 0
LF12 -62.7693 -10.4215 83.8778 0
LG1 -13.8804 -4.25017 61.0546 3
LG2 -17.9103 -4.81567 63.9961 3
LG3 -21.9351 -4.96166 67.1874 3
LG4 -25.965 -5.52717 70.129 2
LG5 -29.5071 -6.1086 73.0872 2
LG6 -34.0248 -6.65818 76.012 2
LG7 -38.0547 -7.22369 78.9535 2
LG8 -42.5262 -7.26263 81.0198 1
LG9 -47.0439 -7.81221 83.9446 0
LG10 -51.0328 -8.28659 85.7777 0
LG11 -55.5504 -8.83618 88.7025 0
LG12 -60.0732 -9.80528 91.3775 0
LH1 -23.6088 -61.9843 33.1822 2
LH2 -27.567 -59.9416 36.5141 3
LH3 -31.0425 -58.3343 39.613 3
LH4 -34.5232 -57.1465 42.462 3
LH5 -37.9987 -55.5392 45.5609 3
LH6 -41.9671 -54.3355 48.3932 2
LH7 -45.4427 -52.7283 51.492 2
LH8 -49.95 -52.4388 54.9164 3
LH9 -53.3743 -49.9014 57.4065 2
LH10 -56.855 -48.7136 60.2556 2
LH11 -60.3766 -47.6169 64.213 0
LH12 -63.8522 -46.0097 67.3118 0
LI1 -3.80568 36.9908 48.8526 3
LI2 -8.6779 37.5696 48.9352 3
LI3 -14.043 37.7447 48.7514 3
LI4 -18.8742 38.4146 47.7256 2
LI5 -23.7516 38.5738 47.5585 3
LI6 -28.6289 38.7331 47.3913 3
LI7 -33.4602 39.403 46.3656 3
LI8 -38.8253 39.5781 46.1817 3
LI9 -43.7077 39.3178 45.7647 3
LI10 -48.5902 39.0575 45.3477 2
LI11 -53.4676 39.2168 45.1806 2
LI12 -58.3449 39.376 45.0134 1
LJ1 -1.69593 -42.7823 53.9327 2
LJ2 -6.62965 -43.9728 54.1245 2
LJ3 -11.5634 -45.1632 54.3163 2
LJ4 -16.4971 -46.3537 54.5081 3
LJ5 -20.9431 -47.56 54.7167 3
LJ6 -25.8307 -48.2398 54.0499 3
LJ7 -31.2521 -49.4144 54.225 3
LJ8 -35.693 -50.2012 54.6833 3
LJ9 -40.6216 -50.9721 55.1249 3
LJ10 -45.5553 -52.1626 55.3167 3
LJ11 -49.95 -52.4388 54.9164 3
LJ12 -55.8592 -53.5974 55.0748 2
LK1 -30.5734 -37.9489 16.8204 2
LK2 -31.266 -38.3886 22.3454 3
LK3 -31.9124 -38.3177 27.0119 3
LK4 -32.5589 -38.2467 31.6783 3
LK5 -33.2463 -38.2669 37.4532 3
LK6 -33.8928 -38.196 42.1196 3
LK7 -34.5392 -38.125 46.7861 3
LK8 -35.1857 -38.0541 51.4526 3
LK9 -36.366 -38.4779 56.9609 2
LK10 -37.0124 -38.4069 61.6273 2
LK11 -38.1415 -37.9006 66.5269 2
LK12 -39.2757 -37.8137 71.1766 2
LL1 -17.1874 28.1304 17.2397 1
LL2 -17.341 28.6049 22.1727 3
LL3 -17.9823 29.0954 27.089 3
LL4 -18.1308 29.9894 32.2718 3
LL5 -18.7721 30.4799 37.188 2
LL6 -18.9257 30.9544 42.121 2
LL7 -19.0793 31.4289 47.054 2
LL8 -19.7206 31.9194 51.9702 2
LL9 -19.8742 32.3939 56.9032 3
LL10 -20.5104 33.3039 62.0693 3
LL11 -20.6178 34.2891 66.1437 3
LL12 -20.7714 34.7636 71.0767 3
LM1 -47.5128 -18.4884 58.9336 2
LM2 -52.3696 -16.6511 59.7656 3
LM3 -56.6926 -14.3191 59.7557 3
LM4 -61.5546 -12.9013 60.3379 2
LM5 -65.8775 -10.5692 60.3281 0
LM6 -70.2517 -9.16737 60.927 0
LM7 -75.0625 -6.81942 60.9005 0
LM8 -79.4418 -5.83708 61.2496 0
LM9 -82.8508 -5.30609 61.3824 0
LM10 -84.355 -5.34945 62.4406 0
LM11 -86.7476 -4.75919 61.4984 0
LM12 -88.2005 -3.87238 61.9479 0
RB1 20.708 4.23733 15.5463 2
RB2 25.5289 2.72842 16.0724 2
RB3 29.8622 1.23543 16.5819 2
RB4 34.6832 -0.273484 17.108 3
RB5 39.5042 -1.7824 17.6341 2
RB6 43.8323 -3.69491 17.8938 3
RB7 48.6532 -5.20382 18.4199 3
RB8 53.4742 -6.71274 18.9461 3
RB9 58.2952 -8.22165 19.4722 3
RB10 63.1162 -9.73056 19.9983 3
RB11 67.9372 -11.2395 20.5245 1
RB12 72.2704 -12.7325 21.0339 0
RC1 22.414 -10.1231 23.4032 2
RC2 26.6909 -12.9658 24.2716 2
RC3 31.0087 -15.7173 24.0316 2
RC4 35.3778 -17.5387 23.1829 3
RC5 39.6956 -20.2902 22.9429 3
RC6 44.0596 -22.5311 21.8444 3
RC7 48.3825 -24.8632 21.8543 3
RC8 53.2393 -26.7005 21.0223 3
RC9 57.6084 -28.5219 20.1736 3
RC10 61.9314 -30.8539 20.1834 3
RC11 66.7933 -32.2717 19.6012 1
RC12 70.6234 -35.0073 19.3445 0
RF1 19.8301 -67.4144 29.9554 2
RF2 24.7075 -67.5737 30.1225 3
RF3 29.5848 -67.7329 30.2897 3
RF4 34.5083 -67.3815 29.5983 3
RF5 39.8734 -67.5566 29.7822 3
RF6 44.7507 -67.7159 29.9494 3
RF7 49.669 -67.784 29.0082 2
RF8 54.5515 -67.5237 29.4252 0
RF9 59.9627 -67.1882 28.7505 0
RF10 65.3278 -67.3634 28.9344 0
RF11 70.2051 -67.5226 29.1016 0
RF12 76.104 -67.203 28.4436 0
