LA1 -12.9936 -26.5736 -9.67231 2
LA2 -18.2211 -26.1246 -10.5064 2
LA3 -23.4681 -26.149 -11.4736 2
LA4 -28.0249 -26.4363 -11.6061 2
LA5 -33.0626 -26.7333 -11.6342 3
LA6 -38.3096 -26.7577 -12.6014 3
LA7 -43.1379 -27.3271 -11.6904 3
LA8 -48.195 -28.0976 -11.8516 2
LA9 -53.2327 -28.3945 -11.8797 2
LA10 -58.2704 -28.6914 -11.9077 1
LA11 -63.308 -28.9884 -11.9358 0
LA12 -68.5356 -28.5393 -12.77 0
LB1 -17.5593 -37.8221 -10.8541 2
LB2 -22.6553 -39.5394 -11.2814 2
LB3 -27.503 -40.5824 -10.5035 2
LB4 -31.9088 -42.5626 -10.0961 3
LB5 -36.5473 -43.8781 -8.37907 3
LB6 -40.9336 -45.3849 -7.83861 3
LB7 -45.5915 -47.1738 -6.25464 2
LB8 -50.2493 -48.9628 -4.67068 2
LB9 -54.6357 -50.4696 -4.13022 2
LB10 -59.2935 -52.2585 -2.54625 2
LB11 -64.1608 -53.7749 -1.90139 0
LB12 -68.3377 -55.5542 -0.42183 0
LD1 -30.6436 -62.5761 0.85141 3
LD2 -35.3942 -61.2518 2.29469 3
LD3 -40.3735 -60.1284 2.66581 2
LD4 -45.1241 -58.804 4.10909 2
LD5 -49.6226 -57.671 4.37579 3
LD6 -54.3926 -56.8201 5.686 3
LD7 -59.8529 -55.7062 6.16153 1
LD8 -64.3319 -54.0997 6.5613 0
LE1 -32.185 -23.7879 -25.883 3
LE2 -36.1915 -26.7867 -23.7305 1
LE3 -39.9265 -29.5033 -22.6215 1
LE4 -43.4521 -32.4925 -20.5733 2
LE5 -46.9583 -35.0082 -18.3922 3
LE6 -51.1742 -37.7345 -17.1787 3
LE7 -54.6998 -40.7236 -15.1306 3
LE8 -58.8963 -42.9764 -13.7841 3
LE9 -62.6312 -45.6931 -12.6751 0
LE10 -66.6183 -48.2184 -10.3895 0
LE11 -70.3339 -50.4616 -9.14746 0
LE12 -74.0689 -53.1782 -8.03845 0
LF1 -21.7086 -29.7111 0.943469 2
LF2 -20.5842 -29.18 6.17123 2
LF3 -19.6497 -27.9028 10.593 2
LF4 -18.0443 -27.362 15.7163 2
LF5 -17.6102 -26.5679 20.1094 3
LF6 -16.5052 -26.5102 25.2041 3
LF7 -16.0516 -25.2427 29.7302 3
LF8 -15.408 -24.7211 35.0624 3
LF9 -14.9933 -24.4005 39.3224 3
LF10 -14.8695 -24.8354 44.4929 3
LF11 -14.7458 -25.2704 49.6633 2
LF12 -15.1223 -26.1884 54.8051 2
LG1 -24.1298 -38.9889 5.1798 2
LG2 -23.0248 -38.9312 10.2745 2
LG3 -22.4202 -39.3565 15.3405 2
LG4 -21.8155 -39.7819 20.4066 3
LG5 -21.4008 -39.4613 24.6666 3
LG6 -20.7767 -39.4132 29.8657 3
LG7 -20.6335 -39.3747 35.1692 2
LG8 -20.5292 -40.2831 40.2066 3
LG9 -19.944 -41.1819 45.1395 3
LG10 -19.8591 -42.5638 50.0438 2
LG11 -19.2933 -43.9361 54.8437 2
LG12 -19.2473 -46.2648 59.4819 3
LH1 -42.5496 -25.834 12.0385 3
LH2 -45.5205 -26.054 16.8963 2
LH3 -48.2393 -26.4654 20.5775 1
LH4 -51.6289 -26.1404 23.5571 1
LH5 -55.5188 -26.2984 26.5081 0
LH6 -59.18 -26.2555 30.5312 0
LH7 -62.8177 -26.6048 32.3055 0
LH8 -65.0751 -27.4801 35.7492 0
LI1 -3.89351 7.65105 23.7879 2
LI2 -8.72185 7.08157 24.6989 3
LI3 -13.5308 6.98555 25.743 3
LI4 -18.1498 6.14353 27.5931 3
LI5 -22.9781 5.57405 28.5041 3
LI6 -28.2679 5.46843 29.6526 2
LI7 -33.0768 5.37241 30.6967 3
LI8 -37.9051 4.80293 31.6077 2
LJ1 3.88276 -90.3339 18.1101 2
LJ2 0.818569 -93.7869 19.9207 3
LJ3 -3.35842 -95.5662 21.4003 3
LJ4 -7.93464 -96.327 21.1347 3
LJ5 -12.9529 -96.1505 21.2397 3
LJ6 -18.01 -96.9209 21.0785 3
LJ7 -22.8383 -97.4904 21.9895 3
LJ8 -27.9149 -98.7343 21.6953 2
LJ9 -32.7626 -99.7772 22.4733 2
LJ10 -37.8197 -100.548 22.3121 3
LJ11 -42.396 -101.308 22.0465 2
LJ12 -47.4531 -102.079 21.8854 2
LK1 -33.067 -71.6848 44.5368 3
LK2 -31.846 -75.1327 47.5235 2
LK3 -30.1635 -79.0444 50.2726 3
LK4 -28.0001 -82.9464 52.9174 3
LK5 -27.2405 -85.9304 56.1415 2
LK6 -26.9619 -88.924 59.47 0
LK7 -27.1641 -91.9272 62.9029 0
LK8 -27.1375 -94.7294 67.408 0
LL1 -16.9889 -77.9868 39.124 3
LL2 -15.9422 -79.3495 43.8195 3
LL3 -15.3765 -80.7217 48.6194 2
LL4 -14.8301 -82.5675 53.2862 2
LL5 -14.2838 -84.4132 57.953 3
LL6 -13.7374 -86.2589 62.6199 1
LL7 -13.6914 -88.5877 67.258 0
LL8 -13.6454 -90.9165 71.8962 0
RA1 15.8903 -29.6654 -13.8135 2
RA2 20.4899 -29.2969 -15.7966 2
RA3 25.2794 -29.6743 -16.9738 2
RA4 29.8789 -29.3058 -18.9569 3
RA5 34.6684 -29.6832 -20.1341 2
RA6 39.2485 -29.7881 -22.2503 2
RA7 44.038 -30.1655 -23.4275 2
RA8 48.8469 -30.0695 -24.4715 2
RA9 53.427 -30.1744 -26.5878 1
RA10 58.046 -29.3324 -28.4379 0
RA11 62.8549 -29.2364 -29.482 0
RA12 66.4538 -29.8339 -31.5225 0
RG1 30.6243 -45.4738 3.87095 2
RG2 30.7091 -46.8557 8.77526 2
RG3 30.5653 -48.4385 12.6074 2
RG4 30.6307 -50.2938 17.3786 2
RG5 30.6961 -52.1492 22.1499 3
RG6 30.7616 -54.0045 26.9211 3
RG7 30.827 -55.8598 31.6923 3
RG8 30.9119 -57.2417 36.5966 3
RG9 30.4965 -59.1066 41.4723 3
RG10 30.5814 -60.4885 46.3766 3
RG11 30.6468 -62.3439 51.1478 2
RG12 30.7317 -63.7257 56.0521 3
RH1 42.1875 -24.1867 1.08201 1
RH2 44.8706 -27.1323 3.8885 2
RH3 47.7825 -29.8769 7.76715 2
RH4 50.4851 -32.349 10.7067 2
RH5 53.1877 -34.8211 13.6463 3
RH6 56.119 -37.0923 17.658 2
RH7 59.0309 -39.837 21.5366 3
RH8 61.7335 -42.3091 24.4762 1
