LAT1 -16.2658 24.583 -27.0777 1
LAT2 -24.8987 25.9758 -30.7336 1
LAT3 -34.2833 26.6803 -27.7931 2
LAT4 -41.5327 25.9551 -21.364 2
LDA1 -10.2619 16.7988 -6.98323 1
LDA2 -14.9935 17.915 -8.45326 2
LDA3 -19.663 19.349 -9.55774 2
LDA4 -24.5615 19.7354 -10.3649 2
LDA5 -29.293 20.8516 -11.835 3
LDA6 -34.1915 21.2379 -12.6421 3
LDA7 -39.0278 21.9419 -13.0838 3
LDA8 -43.9687 22.2338 -12.4971 3
LDAH1 -11.8451 7.26756 -4.29988 2
LDAH2 -17.0541 8.486 -5.77752 2
LDAH3 -21.4752 8.77016 -6.57709 2
LDAH4 -26.3736 9.15648 -7.38428 2
LDAH5 -31.6448 10.0572 -9.22744 3
LDAH6 -36.5433 10.4436 -10.0346 3
LDAH7 -41.069 10.3155 -9.80584 3
LDAH8 -46.072 10.2896 -9.58467 3
LDMH1 -14.4841 4.43874 -2.04453 2
LDMH2 -19.2157 5.55501 -3.51455 2
LDMH3 -24.1764 5.62362 -4.68727 2
LDMH4 -28.5973 5.90777 -5.48684 2
LDMH5 -33.558 5.97639 -6.65956 3
LDMH6 -38.5186 6.04501 -7.83228 3
LDMH7 -43.7506 4.97143 -7.3138 3
LDMH8 -48.2763 4.84334 -7.08501 3
LFP1 4.32671 71.6935 2.82913 2
LFP2 3.35307 81.3575 5.68328 2
LFP3 -3.70629 86.0749 10.6107 1
LFP4 -12.3454 85.7507 15.6231 1
LFP5 -20.2588 81.7538 19.7908 1
LFP6 -27.5708 75.8695 23.54 1
LFP7 -33.5749 69.0431 26.581 2
LFP8 -37.918 60.5373 28.1903 2
LG1 -32.0413 67.08 29.331 2
LG2 -33.8336 59.145 35.2283 2
LG3 -34.2558 50.5859 40.7828 2
LG4 -34.6356 42.1212 44.9435 2
LG5 -34.6623 32.9189 48.3808 2
LG6 -35.042 24.4543 52.5415 2
LG7 -36.3568 16.4171 58.4464 1
LG8 -36.3835 7.2149 61.8836 2
LG9 -37.7055 63.4306 22.378 2
LG10 -39.331 56.2256 27.6125 2
LG11 -40.2927 47.4509 32.7939 2
LG12 -41.6698 39.096 38.3333 2
LG13 -42.0495 30.6314 42.494 2
LG14 -42.6583 21.119 46.952 3
LG15 -43.8685 13.4941 51.8285 2
LG16 -44.062 3.56192 55.9286 3
LG17 -42.4974 51.7738 9.84373 2
LG18 -44.9958 45.314 17.1879 1
LG19 -46.062 38.5478 24.5549 3
LG20 -47.1904 31.4638 31.5564 2
LG21 -47.8413 24.2776 38.5655 2
LG22 -48.6166 16.456 44.8435 2
LG23 -47.7928 9.05791 50.4815 2
LG24 -45.599 1.03551 55.7769 2
LG25 -41.1477 43.6643 4.27001 2
LG26 -44.9738 37.9233 10.563 2
LG27 -47.7827 32.2957 17.2367 2
LG28 -50.8208 25.6204 24.2077 3
LG29 -51.9491 18.5365 31.2092 2
LG30 -52.6623 11.0326 37.8528 2
LG31 -52.9601 3.10881 44.1384 2
LG32 -51.7211 -4.70924 49.4185 2
LG33 -41.7469 37.9379 -3.69579 1
LG34 -46.5898 32.0835 2.21642 2
LG35 -49.4413 26.3613 10.284 2
LG36 -53.3296 20.3027 16.2115 2
LG37 -55.4749 13.1053 22.8322 3
LG38 -55.7106 5.49924 29.4834 2
LG39 -55.9464 -2.10681 36.1345 3
LG40 -53.6904 -9.81145 41.7954 3
LG41 -42.5128 31.4813 -10.9988 1
LG42 -47.8333 25.7292 -5.09416 2
LG43 -51.7639 19.576 2.22716 2
LG44 -55.5278 14.1527 8.88566 2
LG45 -57.6732 6.95537 15.5064 2
LG46 -57.3268 -0.340613 21.1368 2
LG47 -56.6699 -8.46876 27.4377 2
LG48 -54.9959 -16.4835 34.1193 2
LG49 -39.2474 22.2594 -26.3675 2
LG50 -44.9209 17.2449 -19.7395 2
LG51 -49.9305 13.0813 -12.0072 2
LG52 -53.9853 8.71334 -4.25974 2
LG53 -57.2717 3.18789 2.40637 2
LG54 -59.1063 -2.42085 10.8547 2
LG55 -59.5707 -8.65391 18.9604 3
LG56 -57.8965 -14.2479 26.7993 2
LG57 -33.9769 14.0966 -27.9959 1
LG58 -40.5005 9.69863 -22.4115 1
LG59 -46.6515 4.78625 -15.7911 2
LG60 -53.1752 0.38832 -10.2066 2
LG61 -57.3543 -4.61512 -3.19019 2
LG62 -59.2509 -10.5416 4.89266 3
LG63 -59.0712 -16.1468 12.3431 2
LG64 -56.609 -22.6752 20.86 2
LMT1 -17.9272 21.4212 -27.9604 1
LMT2 -25.4421 16.4293 -30.8228 1
LMT3 -33.9769 14.0966 -27.9959 1
LMT4 -41.8707 10.3229 -22.0688 1
LO1 -4.09543 -50.8594 13.597 2
LO2 -6.92439 -59.1308 17.3541 2
LO3 -13.5105 -66.2673 21.4158 2
LO4 -22.5226 -68.4977 24.2351 2
LO5 -31.178 -64.5555 24.8897 2
LO6 -38.7933 -58.2081 23.929 2
LO7 -45.1006 -50.3818 23.4172 2
LO8 -50.1194 -41.2999 21.5951 2
LOF1 -0.426947 48.3797 -11.9723 1
LOF2 -9.79212 46.8868 -8.42965 1
LOF3 -19.4255 46.3206 -6.95131 2
LOF4 -29.3694 46.5865 -6.14344 2
LOF5 -37.5933 45.8423 -1.48897 1
LOF6 -43.4529 44.7161 6.3569 1
LP1 -33.3466 -44.6448 52.3057 2
LP2 -39.3008 -37.5561 51.0705 2
LP3 -33.3466 -44.6448 52.3057 2
LP4 -39.3008 -37.5561 51.0705 2
LP5 -44.2151 -28.062 48.22 2
LP6 -48.9854 -20.13 46.7027 3
LPT1 -41.6477 -34.3572 -9.36152 2
LPT2 -45.8558 -26.3383 -13.659 2
LPT3 -50.0442 -18.0963 -16.197 2
LPT4 -52.5941 -8.98445 -15.8562 1
RDA1 23.1376 14.2647 -5.89535 2
RDA2 28.0361 13.8783 -5.08816 2
RDA3 33.1013 14.2219 -4.94382 3
RDA4 37.9376 13.5179 -4.50216 3
RDA5 43.0028 13.8615 -4.3578 3
RDA6 47.8391 13.1575 -3.91614 2
RDA7 52.8422 13.1834 -4.13732 2
RDA8 57.8453 13.2093 -4.3585 2
RDH1 25.4618 6.17396 -9.69442 2
RDH2 30.2359 5.15222 -9.61829 3
RDH3 35.1344 4.76588 -8.81111 2
RDH4 39.6795 2.69646 -8.43767 2
RDH5 44.9933 1.89025 -7.9884 3
RDH6 49.872 1.28073 -8.94064 2
RDH7 54.7082 0.576688 -8.49898 2
RDH8 59.6491 0.284888 -9.08568 1
