LA1 -8.1305 5.66781 -10.6865 2
LA2 -12.8206 6.64677 -10.8162 2
LA3 -18.1761 7.20863 -11.2105 2
LA4 -22.8016 7.58143 -10.5475 3
LA5 -27.4917 8.56038 -10.6772 3
LA6 -32.1818 9.53933 -10.8069 3
LA7 -37.5373 10.1012 -11.2011 2
LA8 -42.1627 10.4739 -10.5381 2
LB1 -7.90347 -0.049221 -10.0307 1
LB2 -12.5936 0.929732 -10.1604 2
LB3 -17.8619 1.95529 -10.2073 2
LB4 -22.5521 2.93424 -10.337 2
LB5 -27.1775 3.30702 -9.67395 3
LB6 -32.4458 4.33258 -9.72077 3
LB7 -37.1359 5.31153 -9.85046 3
LB8 -42.3395 5.73092 -9.10458 3
LC1 -16.3315 -11.6288 -4.32017 2
LC2 -21.7966 -12.6005 -4.61663 2
LC3 -26.0406 -14.2715 -4.28615 2
LC4 -30.9274 -15.2898 -4.66549 3
LC5 -35.7496 -16.9142 -4.25213 3
LC6 -40.6365 -17.9324 -4.63147 3
LC7 -45.4586 -19.5569 -4.2181 3
LC8 -50.1935 -20.7176 -3.4573 3
LD1 -18.4183 -35.3571 -9.67907 2
LD2 -23.5443 -36.6965 -11.546 2
LD3 -27.853 -37.7614 -12.0082 2
LD4 -32.8919 -38.6372 -13.5277 2
LD5 -37.7787 -39.6554 -13.907 1
LD6 -42.5137 -40.8161 -13.1462 1
LD7 -47.3134 -41.3708 -13.1781 1
LD8 -52.5394 -42.0212 -11.987 0
LE1 -35.3266 -39.5236 23.8388 2
LE2 -40.6822 -38.9618 23.4445 3
LE3 -45.3723 -37.9828 23.3148 3
LE4 -50.1496 -37.4676 22.8377 2
LE5 -55.3308 -35.9783 23.1383 0
LE6 -60.0433 -36.0692 23.4539 0
LE7 -65.3117 -35.0437 23.407 0
LE8 -69.4236 -34.1113 23.1945 0
LF1 -21.1963 21.0022 9.67607 3
LF2 -21.5704 21.4528 15.0973 3
LF3 -22.0319 21.4398 20.1711 3
LF4 -22.4933 21.4268 25.2449 3
LF5 -22.354 22.437 29.7905 3
LF6 -22.2373 22.3773 34.7815 3
LF7 -22.6114 22.828 40.2027 3
LF8 -23.0728 22.815 45.2765 3
LG1 2.86272 40.9261 25.4686 2
LG2 -2.49278 41.4879 25.0744 3
LG3 -7.2701 42.0032 24.5972 3
LG4 -12.6256 42.565 24.203 3
LG5 -17.3382 42.4741 24.5185 3
LG6 -22.1155 42.9894 24.0414 3
LG7 -27.5581 43.0876 23.2997 3
LG8 -31.8445 43.0926 22.3922 3
LH1 5.90522 28.2023 4.13682 2
LH2 4.24511 29.9585 8.13841 2
LH3 1.91967 31.2976 11.8754 3
LH4 -0.919178 32.0771 16.488 1
RA1 22.6191 8.10685 -8.81097 2
RA2 27.4188 8.66142 -8.77908 2
RA3 32.1314 8.75232 -9.09464 2
RA4 37.4445 9.86646 -9.93832 3
RA5 42.2443 10.421 -9.90643 3
RA6 47.0663 12.0454 -10.3198 3
RA7 51.8661 12.6001 -10.2879 3
RA8 57.1792 13.7141 -11.1316 2
RB1 26.8588 -5.04447 -9.12187 2
RB2 31.6586 -4.4899 -9.08998 2
RB3 36.3935 -3.32916 -9.85079 3
RB4 41.7715 -2.82117 -9.90177 2
RB5 46.5712 -2.2666 -9.86988 3
RB6 51.3062 -1.10585 -10.6307 3
RB7 56.0187 -1.01496 -10.9462 1
RB8 60.8184 -0.460384 -10.9144 3
RC1 28.0278 -19.3307 -1.21906 3
RC2 32.095 -22.4027 -0.115985 3
RC3 35.584 -25.4282 1.06996 2
RC4 38.9859 -28.9173 1.90846 3
RC5 42.4748 -31.9428 3.09441 3
RC6 45.8767 -35.4319 3.93291 3
RC7 49.2785 -38.921 4.77141 2
RC8 53.2585 -42.4567 5.52704 2
RD1 33.4445 -42.512 -4.24983 3
RD2 36.9335 -45.5374 -3.06388 2
RD3 40.4873 -49.169 -1.08523 3
RD4 43.9763 -52.1945 0.100716 2
RD5 47.0391 -55.3158 2.50969 2
RD6 51.0191 -58.8515 3.26531 1
RD7 54.0819 -61.9729 5.67428 0
RD8 57.5709 -64.9983 6.86023 0
RE1 30.9371 -34.0082 31.4726 3
RE2 35.5625 -34.3809 30.8096 3
RE3 40.9179 -34.9428 31.2038 3
RE4 45.6306 -34.8519 30.8883 3
RE5 50.3431 -34.761 30.5727 1
RE6 55.5466 -35.1804 29.8268 2
RE7 60.2591 -35.0895 29.5113 2
RE8 66.0409 -35.5555 28.6825 1
RF1 29.7428 8.66394 7.43262 2
RF2 29.9467 9.068 12.771 2
RF3 30.0636 9.00836 17.7619 2
RF4 29.6893 9.45901 23.1831 3
RF5 29.7413 10.0056 27.3813 3
RF6 29.9454 10.4096 32.7197 3
RF7 30.0621 10.35 37.7106 3
RF8 30.1789 10.2903 42.7015 3
RG1 16.5642 26.5321 0.727145 2
RG2 18.5251 27.8661 5.37163 2
RG3 20.3988 28.7366 9.66866 2
RG4 22.2949 30.6769 13.5204 2
RG5 24.834 31.9644 18.082 3
RG6 26.7948 33.2984 22.7265 3
RG7 28.7557 34.6326 27.371 3
RG8 31.1428 36.0626 30.7925 3
RH1 16.1087 39.3078 19.3643 3
RH2 20.8212 39.3986 19.0487 3
RH3 26.1991 39.9066 18.9977 3
RH4 30.9765 39.3913 19.4749 3
RH5 35.689 39.4822 19.1593 3
RH6 41.1316 39.384 19.901 3
RH7 45.8443 39.475 19.5855 2
RH8 51.1997 38.913 19.9798 2
