LAT1 -15.9848 17.2071 -8.07222 2
LAT2 -20.4136 23.557 -15.0364 1
LAT3 -24.4544 28.4855 -20.4833 2
LAT4 -33.5412 31.2417 -20.48 2
LDA1 -9.99462 13.3885 7.21389 2
LDA2 -14.8979 12.8413 6.70874 2
LDA3 -19.7766 12.7188 6.43922 2
LDA4 -24.6799 12.1715 5.93407 3
LDH1 -12.43 5.32295 4.94413 2
LDH2 -16.848 4.74549 4.44237 2
LDH3 -21.7761 3.77354 3.70159 2
LDH4 -26.6433 3.7095 2.32168 2
LF1 3.25942 70.2498 11.7355 1
LF2 2.22684 77.8683 18.1875 1
LF3 0.647871 84.609 25.2752 1
LF4 -4.48888 88.9545 32.0358 1
LF5 -11.9485 87.2994 38.8151 0
LF6 -18.6605 81.7616 43.4806 1
LF7 -23.555 73.9793 46.9815 2
LF8 -27.0449 64.9492 47.5649 2
LG1 -26.7946 54.0523 54.1308 2
LG2 -29.8487 44.1426 54.2463 2
LG3 -34.7948 35.2031 54.8195 2
LG4 -37.7632 26.626 54.5315 2
LG5 -39.386 16.2009 54.4215 2
LG6 -41.0089 5.77587 54.3116 2
LG7 -42.5459 -3.31659 53.7981 2
LG8 -42.6764 -13.3492 52.8236 2
LG9 -31.0108 55.7001 44.5781 3
LG10 -34.0402 46.2152 44.9292 3
LG11 -37.0944 36.3054 45.0447 2
LG12 -39.6631 26.3654 45.1636 3
LG13 -41.6855 17.3033 44.6467 2
LG14 -44.2544 7.36328 44.7656 2
LG15 -46.3016 -2.12367 44.0131 2
LG16 -46.9784 -13.0338 43.6743 3
LG17 -36.588 58.522 31.0449 1
LG18 -36.7642 48.2555 34.5119 3
LG19 -38.324 39.046 36.2192 3
LG20 -39.92 29.3534 38.8013 3
LG21 -41.516 19.6608 41.3833 1
LG22 -43.1006 10.0266 42.855 3
LG23 -44.1617 1.15314 45.9117 3
LG24 -43.3442 -9.05679 47.1647 2
LG25 -39.0839 56.5344 21.8414 3
LG26 -39.26 46.2678 25.3084 2
LG27 -39.8243 37.4227 27.2581 2
LG28 -42.8403 28.3038 28.9553 3
LG29 -44.9712 17.792 31.0627 3
LG30 -47.0031 8.97897 34.1127 3
LG31 -48.0889 -0.319186 36.9338 2
LG32 -48.7524 -10.8632 37.941 3
LG33 -35.9568 41.705 0.0611464 2
LG34 -39.8041 35.4441 6.7321 3
LG35 -43.7258 27.9091 12.6962 3
LG36 -46.1915 20.2835 18.6704 2
LG37 -47.2009 12.5671 24.6548 1
LG38 -48.26 4.00138 30.1679 1
LG39 -47.2783 -2.98639 36.6371 2
LG40 -45.9239 -12.0694 40.8212 3
LG41 -39.1211 37.0238 -7.22831 3
LG42 -43.018 29.9135 -1.02861 2
LG43 -45.9194 23.1674 5.41349 3
LG44 -47.8996 15.5116 11.3911 2
LG45 -50.4148 7.03648 16.8941 3
LG46 -51.3632 0.22808 22.2393 2
LG47 -50.9661 -8.42829 27.7626 2
LG48 -49.1243 -17.2338 34.4065 3
LG49 -36.8852 32.918 -15.1196 2
LG50 -43.15 26.559 -12.0324 2
LG51 -48.566 18.3238 -7.66016 2
LG52 -50.0877 9.90524 -4.37119 2
LG53 -53.9484 3.27815 0.953746 1
LG54 -53.9127 -3.22451 7.65181 2
LG55 -54.4005 -10.4878 12.7648 2
LG56 -53.0193 -18.8384 19.6409 2
LG57 -32.8659 26.3924 -20.8443 2
LG58 -41.4852 21.1509 -19.5236 2
LG59 -48.7208 14.8524 -16.4432 2
LG60 -52.2201 6.0715 -12.293 2
LG61 -54.2747 -2.85854 -7.02227 1
LG62 -55.7696 -10.5447 -1.04126 3
LG63 -55.7091 -16.6225 5.89244 2
LG64 -53.8177 -24.5786 13.0076 2
LMT1 -16.0276 8.8149 -6.99386 2
LMT2 -22.1337 11.7408 -13.6325 2
LMT3 -28.6642 15.6047 -20.9136 2
LMT4 -36.1615 20.1446 -23.2887 2
LOF1 19.4277 39.4173 3.37517 2
LOF2 9.7677 40.5633 1.32224 1
LOF3 0.121199 42.0757 0.61533 1
LOF4 -10.0087 43.9258 2.36144 2
LOF5 -19.2154 45.1739 6.09948 1
LOF6 -28.4108 46.4805 8.72713 2
LPT1 -52.8918 -28.1409 -11.7854 2
LPT2 -55.7118 -18.7181 -12.4128 2
LPT3 -56.0914 -9.08005 -11.6773 1
LPT4 -54.5409 0.378665 -9.8178 3
RAT1 20.7184 27.3308 -10.1069 2
RAT2 26.063 26.1337 -18.5492 2
RAT3 35.1974 23.9193 -20.5378 2
RAT4 44.2499 20.9876 -17.21 1
RDA1 14.4284 13.5613 0.317507 2
RDA2 18.8692 14.2557 -1.40151 2
RDA3 23.3347 15.3749 -2.8849 2
RDA4 28.2608 16.0391 -4.60052 2
RDH1 20.4635 8.1889 -4.68678 2
RDH2 25.3896 8.85313 -6.40241 3
RDH3 30.2434 8.55095 -6.36852 3
RDH4 35.6187 8.70177 -7.206 3
RF1 13.0644 88.2762 24.3851 0
RF2 19.7552 87.0189 31.9696 1
RF3 25.8003 83.1852 39.2474 1
RF4 30.7507 77.2882 45.3402 1
RF5 35.128 69.7813 49.3767 1
RF6 37.4646 60.6962 52.4572 1
RMT1 18.9643 15.3391 -5.3718 1
RMT2 24.7084 12.7792 -13.4073 2
RMT3 32.8948 10.7422 -17.6233 2
RMT4 42.6633 11.0457 -18.1947 2
ROF1 18.8488 86.8149 20.3877 1
ROF2 26.4968 85.131 26.633 1
ROF3 33.0635 81.7502 33.0394 0
ROF4 38.5241 76.2478 39.3712 0
ROF5 40.9237 68.3785 44.2689 1
ROF6 41.768 58.901 48.214 2
RPT1 21.839 -16.5366 -3.42669 2
RPT2 29.0364 -11.029 -8.08877 2
RPT3 37.1952 -5.33248 -9.17728 2
RPT4 45.3291 -0.060799 -10.5014 2
