LA1 -15.9076 7.58176 17.8591 3
LA2 -19.9485 8.76613 15.1243 2
LA3 -23.9896 9.95051 12.3894 3
LA4 -28.5015 11.5121 9.99049 3
LA5 -32.4736 12.8074 8.64724 3
LA6 -36.967 13.354 6.70421 3
LA7 -41.9313 14.2779 5.09714 3
LA8 -46.4079 15.1998 3.46603 3
LA9 -50.8845 16.1217 1.83491 2
LA10 -55.8135 16.4058 0.995634 1
LA11 -60.7947 16.9544 -0.923354 0
LA12 -65.2698 16.486 -2.41051 0
LB1 -17.9275 10.8718 6.36637 2
LB2 -22.332 9.12394 6.4148 2
LB3 -27.2243 7.37806 6.48728 1
LB4 -32.1335 5.25689 6.24783 2
LB5 -36.0857 4.14679 5.50442 3
LB6 -40.9948 2.02562 5.26498 3
LB7 -45.8871 0.279743 5.33746 3
LB8 -50.744 -2.10584 6.17774 2
LB9 -55.1318 -3.47843 6.53807 2
LB10 -59.5364 -5.22632 6.58648 2
LB11 -63.924 -6.59882 6.94686 1
LB12 -68.8163 -8.34472 7.01932 0
LC1 -20.7118 -5.34124 0.800105 2
LC2 -25.1333 -7.46442 0.536599 2
LC3 -30.0424 -9.58552 0.297191 2
LC4 -33.9762 -11.7107 0.00963421 3
LC5 -38.8854 -13.8319 -0.229821 3
LC6 -43.3237 -16.3303 -0.805198 3
LC7 -47.2759 -17.4403 -1.54859 3
LC8 -52.202 -19.9368 -2.09997 2
LC9 -57.1112 -22.058 -2.33942 2
LC10 -61.0801 -23.5434 -3.39473 2
LC11 -66.0063 -26.0399 -3.94611 0
LC12 -70.3924 -28.8027 -3.44181 0
LD1 -43.9489 -0.881324 -4.83604 3
LD2 -49.3472 -1.61023 -5.19541 2
LD3 -53.3009 -1.33002 -6.08277 2
LD4 -59.17 -1.68165 -6.10617 2
LD5 -64.099 -1.39754 -6.94547 1
LD6 -69.0097 -2.12835 -7.32885 0
LD7 -73.9033 -2.48396 -7.40035 0
LD8 -79.2679 -2.46228 -7.13588 0
LD9 -84.1954 -3.56838 -7.83117 0
LD10 -86.6493 -5.32413 -7.87892 0
LD11 -89.5922 -5.68759 -8.04658 0
LD12 -91.5629 -3.27444 -8.55027 0
LE1 -39.5496 -7.23823 -14.242 2
LE2 -42.4712 -11.3973 -13.6659 2
LE3 -44.9573 -15.2939 -14.1935 2
LE4 -47.879 -19.453 -13.6174 3
LE5 -50.8529 -23.3477 -14.1209 2
LE6 -53.339 -27.2443 -14.6485 2
LE7 -56.2776 -31.7786 -14.3843 2
LE8 -58.7285 -36.3151 -14.1442 0
LE9 -61.6855 -39.8344 -14.3358 0
LE10 -64.1547 -43.3557 -14.5515 0
LE11 -66.6239 -46.8771 -14.7672 0
LE12 -68.6056 -50.4004 -15.007 0
LF1 -33.6823 -27.951 7.30364 3
LF2 -39.0821 -27.2895 6.80035 3
LF3 -43.942 -26.8945 7.35269 3
LF4 -48.8189 -26.8748 7.5931 2
LF5 -53.6788 -26.4798 8.14544 2
LF6 -57.5803 -26.464 8.3378 2
LF7 -63.9555 -25.7987 7.88256 0
LF8 -68.3277 -25.4057 8.41085 0
LF9 -73.2046 -25.3859 8.65131 0
LF10 -78.586 -25.7395 8.60386 0
LF11 -83.4812 -24.7048 8.38839 0
LF12 -86.4396 -26.8339 8.05278 0
LG1 -1.32812 -41.9995 20.161 2
LG2 -6.25712 -41.7153 19.3217 2
LG3 -10.6463 -41.6976 19.5381 3
LG4 -16.046 -41.0362 19.0348 3
LG5 -20.4875 -40.754 18.1714 3
LG6 -25.8872 -40.0926 17.6681 3
LG7 -30.2764 -40.0749 17.8845 3
LG8 -35.6931 -39.7888 17.0692 3
LG9 -40.5699 -39.769 17.3097 3
LG10 -45.5158 -39.8602 16.1585 2
LG11 -50.3927 -39.8404 16.3989 2
LG12 -55.3048 -39.181 15.8716 2
LH1 0.70627 32.2042 45.4262 2
LH2 -3.69979 31.8467 45.3307 3
LH3 -9.09811 31.1178 44.9713 3
LH4 -13.0165 30.7582 44.8517 3
LH5 -18.3795 29.3896 45.2601 3
LH6 -23.761 29.036 45.2127 3
LH7 -28.6716 28.3052 44.8293 3
LH8 -33.0776 27.9476 44.7338 3
LH9 -37.9714 27.5921 44.6623 3
LH10 -43.3344 26.2234 45.0707 3
LH11 -48.7327 25.4945 44.7114 3
LH12 -53.1036 24.4972 45.3836 2
LI1 -32.7545 -5.91976 24.3151 2
LI2 -37.6666 -5.26032 23.7877 2
LI3 -43.0665 -4.59891 23.2844 2
LI4 -47.4909 -3.94144 22.733 2
LI5 -52.4383 -2.64227 21.4379 3
LI6 -57.8381 -1.98086 20.9345 2
LI7 -62.7502 -1.32142 20.4072 0
LI8 -67.6792 -1.03727 19.5679 0
LI9 -73.0791 -0.375853 19.0646 0
LI10 -77.5204 -0.0936732 18.2012 0
LI11 -81.9447 0.56379 17.6498 0
LI12 -85.8125 1.33014 18.466 0
LJ1 -32.3793 15.2246 30.1935 2
LJ2 -36.7545 18.3983 30.4339 2
LJ3 -41.5991 20.5588 31.1542 1
LJ4 -45.939 23.0928 32.1624 2
LJ5 -50.2959 25.2514 32.8586 1
LJ6 -54.1481 27.7834 33.8428 0
LJ7 -58.5049 29.9419 34.539 0
LJ8 -62.8619 32.1006 35.2353 0
LJ9 -66.7311 34.2572 35.9075 0
LJ10 -72.5847 35.6712 36.0521 0
LJ11 -76.4876 37.0772 36.1004 0
LJ12 -78.423 38.8508 36.3646 0
LK1 -7.06837 31.6676 16.6826 2
LK2 -9.78584 30.6216 21.1457 2
LK3 -12.5386 30.2154 24.841 2
LK4 -15.256 29.1695 29.304 3
LK5 -18.0256 28.388 32.6874 3
LK6 -20.7953 27.6066 36.0708 3
LK7 -24.0005 26.5626 40.5579 3
LK8 -26.7348 25.1413 44.7091 3
LK9 -29.9921 24.3618 48.1165 3
LK10 -32.7265 22.9406 52.2677 2
LK11 -36.4714 22.1631 55.6992 2
LK12 -39.2411 21.3816 59.0826 2
LL1 -26.025 37.4166 18.436 2
LL2 -27.5695 32.7654 17.2365 1
LL3 -29.1493 28.754 15.2692 2
LL4 -30.7461 24.3673 12.99 2
LL5 -31.803 19.7142 11.7663 3
LL6 -33.3828 15.7028 9.79903 3
LL7 -34.9442 10.6763 8.28758 3
LL8 -36.5241 6.66494 6.32026 3
LL9 -38.1208 2.27824 4.04102 3
LL10 -39.7007 -1.73322 2.07367 3
LL11 -41.2805 -5.7446 0.106361 3
LL12 -42.3895 -10.1333 -2.19692 3
LM1 -24.7861 40.0958 3.67982 2
LM2 -29.6122 41.2414 4.85599 1
LM3 -34.4384 42.3869 6.03216 1
LM4 -39.2631 42.1422 7.3523 1
LM5 -44.0893 43.2878 8.52852 0
LM6 -48.9154 44.4334 9.70469 0
LM7 -53.2708 45.2017 10.5449 0
LM8 -58.0969 46.3473 11.7211 0
