LA1 -15.2005 5.33329 -34.6654 1
LA2 -20.1467 4.35299 -33.8477 2
LA3 -25.5082 3.37063 -33.0042 2
LA4 -29.6603 3.35012 -32.7463 1
LA5 -34.6066 2.36981 -31.9286 3
LA6 -39.5528 1.38951 -31.1108 1
LA7 -44.4843 0.730927 -30.0298 1
LA8 -49.4816 0.384596 -29.9837 2
LA9 -53.6122 -0.913333 -29.4809 3
LA10 -58.1432 -1.89159 -28.6889 2
LA11 -63.0895 -2.87189 -27.8712 2
LA12 -68.0357 -3.85219 -27.0534 1
LB1 -33.5405 -8.52467 -35.766 3
LB2 -37.3002 -10.7857 -36.079 2
LB3 -41.854 -14.0065 -35.8321 2
LB4 -46.0437 -16.5914 -36.3826 1
LB5 -49.7523 -19.4863 -35.9239 2
LB6 -53.9272 -21.7494 -36.211 3
LB7 -58.0658 -24.9683 -35.9899 1
LB8 -61.8402 -27.551 -36.5662 2
LB9 -66.445 -30.1378 -37.0909 1
LB10 -70.5689 -33.0349 -36.6064 1
LB11 -74.7438 -35.298 -36.8936 0
LB12 -79.2976 -38.5189 -36.6467 0
LC1 -28.7998 -15.2015 -33.7897 2
LC2 -32.0274 -18.4067 -32.3218 2
LC3 -35.3208 -21.2996 -31.8888 3
LC4 -38.9931 -25.1503 -30.9218 2
LC5 -42.2355 -28.6773 -29.7172 3
LC6 -45.9441 -31.5722 -29.2585 2
LC7 -49.6017 -35.1012 -28.0281 2
LC8 -52.8588 -38.9498 -27.0869 2
LC9 -56.167 -42.1646 -26.9173 2
LC10 -59.8393 -46.0153 -25.9503 1
LC11 -63.5479 -48.9102 -25.4915 1
LC12 -67.2202 -52.761 -24.5245 1
LD1 -36.2005 -36.3489 -33.8274 3
LD2 -40.3391 -39.5677 -33.6062 2
LD3 -44.084 -41.5069 -33.6559 2
LD4 -47.6825 -43.749 -31.3721 2
LD5 -51.6814 -45.6715 -28.7993 1
LD6 -55.2209 -46.6267 -25.4622 1
LD7 -57.9447 -47.8995 -22.44 1
LD8 -61.4479 -49.8105 -18.5946 2
LE1 -32.4123 24.9728 -48.4932 1
LE2 -33.557 20.1787 -47.1725 1
LE3 -34.687 15.7063 -45.5885 1
LE4 -35.817 11.2339 -44.0045 1
LE5 -36.9471 6.76156 -42.4205 1
LE6 -37.6767 1.96951 -41.1256 1
LE7 -39.2219 -2.50491 -39.5158 1
LE8 -40.3371 -6.65557 -37.6685 1
LE9 -41.4671 -11.1279 -36.0845 2
LE10 -42.5971 -15.6003 -34.5005 3
LE11 -44.1276 -19.753 -32.6274 2
LE12 -45.2576 -24.2254 -31.0434 2
LF1 -49.3333 12.975 -13.1702 2
LF2 -53.8052 13.2836 -11.3249 1
LF3 -58.6777 13.9119 -9.19051 2
LF4 -62.6834 13.5886 -6.59932 1
LF5 -67.1554 13.8972 -4.75401 0
LF6 -71.6274 14.2059 -2.9087 0
LF7 -76.0994 14.5145 -1.0634 0
LF8 -80.9355 14.1871 1.57936 0
LG1 -34.2215 14.2546 -24.7818 2
LG2 -33.0391 14.9399 -19.1133 2
LG3 -32.3527 15.6139 -14.7174 3
LG4 -31.2362 16.6115 -10.0839 2
LG5 -30.0687 16.9752 -4.67878 1
LG6 -28.9523 17.9729 -0.0453051 2
LG7 -27.8506 18.6489 4.32483 2
LG8 -27.1494 19.6445 8.98409 3
LG9 -25.5667 20.0103 14.3634 3
LG10 -24.8654 21.0058 19.0227 3
LG11 -23.7489 22.0035 23.6562 3
LG12 -23.0477 22.9991 28.3154 3
LH1 -33.5277 -5.86978 -21.9227 3
LH2 -34.0358 -5.83601 -16.6777 3
LH3 -34.1434 -6.1219 -11.7219 3
LH4 -34.6516 -6.08813 -6.47699 3
LH5 -35.2107 -5.42039 -2.00372 3
LH6 -35.7188 -5.38661 3.24122 2
LH7 -36.2416 -5.67456 8.22283 2
LH8 -37.2308 -5.33058 12.4585 3
LH9 -37.7536 -5.61853 17.4401 3
LH10 -38.677 -5.58681 22.7109 2
LH11 -39.1999 -5.87476 27.6925 2
LH12 -40.1743 -5.20907 32.1915 2
LI1 -36.7265 -51.1696 -3.20423 3
LI2 -40.1369 -53.1163 -4.57798 3
LI3 -44.7565 -56.0248 -5.36605 2
LI4 -48.152 -57.6499 -6.47646 1
LI5 -52.7864 -60.8802 -7.52787 2
LI6 -57.0418 -63.1527 -9.11339 1
LI7 -60.8821 -65.4233 -10.7247 1
LI8 -65.1013 -68.6515 -11.8019 0
LJ1 -5.36943 34.2123 -28.4366 1
LJ2 -6.32903 35.1996 -23.6742 2
LJ3 -7.70385 36.1851 -18.886 3
LJ4 -8.67821 36.8508 -14.3869 3
LJ5 -9.2226 37.8402 -9.65033 3
LJ6 -10.1823 38.8276 -4.88794 3
LJ7 -10.7266 39.8171 -0.151326 3
LJ8 -11.2052 40.4943 5.62029 3
LJ9 -12.1648 41.4817 10.3827 3
LJ10 -12.724 42.1495 14.856 3
LJ11 -13.2683 43.1389 19.5926 2
LJ12 -14.2279 44.1264 24.355 2
LK1 -2.36087 41.512 7.16717 2
LK2 -7.00877 41.4799 6.15246 2
LK3 -11.5909 41.1357 6.17275 3
LK4 -17.4549 41.7409 5.76206 3
LK5 -22.9184 42.0265 5.06225 3
LK6 -26.6701 41.6863 5.03097 3
LK7 -32.5489 41.9699 4.35695 3
LK8 -37.9976 42.5772 3.92048 2
LK9 -41.7345 42.5588 4.15253 2
LK10 -47.1981 42.8444 3.45272 2
LK11 -51.7654 42.8218 3.73635 1
LK12 -56.799 43.4312 3.2741 0
LL1 -4.42896 36.7496 13.7586 3
LL2 -9.44778 37.6807 13.5596 3
LL3 -14.0366 38.9356 13.5983 3
LL4 -18.6403 39.8687 13.3736 2
LL5 -23.2801 41.7575 12.6405 3
LL6 -28.2842 43.0103 12.705 2
LL7 -32.873 44.2652 12.7436 2
LL8 -37.8771 45.518 12.808 3
LM1 -5.39382 -46.8334 -1.71467 1
LM2 -9.9316 -46.2125 -0.904368 1
LM3 -14.8846 -45.5936 -0.0682804 1
LM4 -19.8524 -45.2965 0.504468 2
LM5 -23.9898 -44.9954 1.02565 2
LM6 -29.8685 -44.7118 0.351624 3
LM7 -34.8658 -45.0581 0.397698 3
LM8 -39.4479 -45.4024 0.417988 3
LM9 -44.8093 -46.3847 1.26151 1
LM10 -48.9615 -46.4053 1.51936 2
LM11 -54.8254 -45.8 1.10867 1
LM12 -59.378 -45.5009 1.65563 2
RA1 16.6267 -0.511965 -26.0226 2
RA2 20.8367 -2.72457 -25.5271 2
RA3 25.4471 -5.25683 -25.3207 2
RA4 30.0064 -7.15513 -25.886 3
RA5 34.5657 -9.05343 -26.4513 2
RA6 39.1761 -11.5857 -26.245 2
RA7 42.9049 -13.4881 -26.7587 3
RA8 47.4642 -15.3864 -27.324 3
RA9 52.0746 -17.9187 -27.1177 3
RA10 56.2187 -19.819 -27.6572 3
RA11 61.2443 -22.3493 -27.4766 3
RA12 65.4032 -23.9279 -27.7528 2
RB1 21.2913 -9.16435 -32.1437 2
RB2 27.4092 -16.4595 -28.1747 2
RB3 34.3066 -23.1165 -25.029 2
RB4 41.1892 -30.0953 -22.1465 3
RB5 47.9698 -35.8061 -20.8075 3
RB6 54.7865 -42.4727 -18.96 3
RB7 62.0844 -49.4493 -16.1034 2
RB8 68.916 -55.7941 -13.9926 0
RB9 75.7328 -62.4607 -12.1452 0
RB10 81.2099 -65.9445 -11.4821 0
RC1 26.4096 -25.0763 -24.8208 3
RC2 33.4658 -32.0814 -25.8591 2
RC3 40.5071 -39.4084 -27.1609 3
RC4 46.6669 -46.1053 -29.1827 2
RC5 53.2783 -53.7559 -30.722 2
RC6 59.8534 -60.4508 -32.7696 1
RC7 66.0132 -67.1478 -34.7914 0
RC8 69.7488 -70.6493 -35.3235 0
RC9 72.5735 -74.1644 -37.1023 0
RC10 76.199 -78.3189 -39.4594 0
