LF1 -17.7927 72.8103 9.68781 3
LF2 -22.72 72.4837 9.84116 3
LF3 -27.6473 72.1571 9.99452 3
LF4 -32.5746 71.8305 10.1479 3
LF5 -38.0058 71.0451 10.4305 3
LF6 -42.4416 70.7038 10.5811 2
LF7 -47.3814 69.9037 10.8611 2
LF8 -52.8126 69.1183 11.1436 2
LF9 -57.7399 68.7918 11.297 2
LF10 -62.6796 67.9917 11.5769 2
LF11 -67.6194 67.1916 11.8568 1
LF12 -72.5591 66.3915 12.1367 0
LG1 -18.9211 45.6063 28.3163 3
LG2 -23.811 46.7001 28.09 3
LG3 -28.2093 47.7793 27.861 3
LG4 -33.0992 48.8731 27.6347 3
LG5 -37.9912 50.1601 26.3249 3
LG6 -42.8811 51.2539 26.0986 3
LG7 -47.7709 52.3478 25.8723 3
LG8 -52.1443 54.3739 25.3902 3
LG9 -57.0489 55.1874 24.2069 3
LG10 -61.9262 56.7547 23.8541 3
LG11 -66.8036 58.3221 23.5012 2
LG12 -71.6809 59.8894 23.1484 0
LD1 -33.3079 15.2873 -6.74059 2
LD2 -37.3022 13.0374 -6.08638 2
LD3 -41.7879 10.8022 -5.42949 2
LD4 -45.7968 8.27191 -5.73221 3
LD5 -49.8035 5.54851 -4.95144 3
LD6 -54.3164 2.55942 -5.12493 3
LD7 -58.3107 0.309505 -4.47072 3
LD8 -62.8236 -2.67958 -4.64421 3
LD9 -66.8178 -4.92949 -3.99 3
LD10 -71.3307 -7.91858 -4.16349 2
LD11 -75.3249 -10.1685 -3.50927 1
LD12 -79.8378 -13.1576 -3.68276 0
LE1 -44.3039 44.3107 -8.14824 2
LE2 -44.2428 45.2392 -3.23699 3
LE3 -44.6608 46.6558 1.55038 2
LE4 -44.6122 47.1108 6.58819 3
LE5 -44.5511 48.0392 11.4994 2
LE6 -44.5048 48.6873 15.4538 2
LE7 -44.9352 49.6304 20.3677 3
LE8 -45.3657 50.5735 25.2816 3
LE9 -45.7961 51.5166 30.1955 2
LE10 -46.2265 52.4598 35.1095 2
LE11 -46.657 53.4029 40.0234 3
LE12 -47.0874 54.346 44.9373 2
LB1 -26.1721 43.6985 -15.4522 2
LB2 -30.6726 41.1829 -15.7522 2
LB3 -35.1583 38.9477 -15.0954 2
LB4 -39.6462 36.9055 -15.522 2
LB5 -44.1466 34.3899 -15.822 2
LB6 -48.6323 32.1547 -15.1651 3
LB7 -53.1203 30.1126 -15.5917 3
LB8 -57.6207 27.597 -15.8918 3
LB9 -62.0939 25.8352 -15.3614 3
LB10 -66.1029 23.3049 -15.6641 2
LB11 -70.5761 21.5432 -15.1338 2
LB12 -75.089 18.5541 -15.3073 2
LC1 -33.4348 31.911 -21.496 2
LC2 -37.4393 28.9945 -19.6318 2
LC3 -41.446 26.2711 -18.851 2
LC4 -45.4402 24.0212 -18.1968 3
LC5 -49.4447 21.1047 -16.3325 2
LC6 -53.4514 18.3813 -15.5518 2
LC7 -57.4581 15.6579 -14.771 2
LC8 -61.4626 12.7414 -12.9067 3
LC9 -65.4694 10.018 -12.126 3
LC10 -69.4761 7.29464 -11.3452 3
LC11 -73.9743 4.58594 -10.5618 2
LC12 -78.4725 1.87723 -9.7783 0
LA1 -42.75 67.8868 -21.6861 2
LA2 -44.3514 63.3891 -21.496 2
LA3 -46.4568 58.4326 -21.1767 3
LA4 -48.0436 54.2154 -20.0297 3
LA5 -49.6575 49.2442 -19.713 3
LA6 -51.259 44.7465 -19.5229 3
LA7 -52.8582 40.0557 -18.2494 3
LA8 -54.4597 35.5581 -18.0593 3
LA9 -56.0464 31.3408 -16.9122 3
LA10 -57.6457 26.65 -15.6386 3
LA11 -59.2596 21.6789 -15.322 3
LA12 -60.8735 16.7077 -15.0053 3
LN1 -38.285 26.458 9.95208 3
LN2 -38.7279 26.9277 14.9926 3
LN3 -39.1709 27.3973 20.0331 3
LN4 -39.1223 27.8523 25.0709 3
LN5 -39.5527 28.7954 29.9848 3
LN6 -40.0103 28.9847 34.0683 3
LN7 -39.9493 29.9131 38.9796 3
LN8 -40.3797 30.8563 43.8935 3
LN9 -40.8101 31.7994 48.8074 3
LN10 -40.7366 33.2013 53.5921 3
LN11 -40.6756 34.1298 58.5034 3
LN12 -40.6145 35.0582 63.4146 2
LO1 -42.6397 33.0815 -6.20515 2
LO2 -41.5832 34.454 -1.42581 2
LO3 -40.0477 35.3384 3.4774 2
LO4 -38.9912 36.7109 8.25673 2
LO5 -37.9347 38.0835 13.0361 2
LO6 -37.3697 39.4707 17.8181 3
LO7 -35.8218 40.8286 22.5947 3
LO8 -35.2567 42.2158 27.3768 3
LO9 -34.2127 43.1149 32.2826 3
LO10 -33.171 44.2071 36.105 3
LO11 -32.1145 45.5796 40.8844 3
LL1 -20.2765 62.7236 46.4689 3
LL2 -25.1869 62.4843 48.6627 3
LL3 -29.6454 61.003 50.15 3
LL4 -34.5682 60.2902 52.4704 2
LM1 -49.5015 -14.7666 -20.1724 2
LM2 -54.8931 -14.3246 -19.186 2
LM3 -59.287 -13.6317 -17.248 2
LM4 -63.177 -12.4799 -15.4392 2
LM5 -67.5686 -11.98 -12.4177 2
LM6 -71.4711 -11.3017 -10.4824 2
LM7 -75.8356 -10.048 -6.63052 0
LM8 -79.7233 -9.08933 -3.73826 0
LM9 -83.1342 -8.42574 -1.80562 0
LM10 -86.5305 -7.48176 1.08396 0
LM11 -90.895 -6.22803 4.93584 0
LM12 -95.247 -4.5008 8.66116 0
LJ1 -21.0059 70.9225 -19.6926 2
LJ2 -21.9402 71.4069 -14.6494 2
LJ3 -22.8746 71.8912 -9.60623 2
LJ4 -23.809 72.3756 -4.56306 3
LJ5 -24.7434 72.8599 0.480102 3
LJ6 -25.1863 73.3295 5.52059 3
LJ7 -26.1229 74.007 9.48026 3
LJ8 -27.0573 74.4913 14.5234 3
LJ9 -27.9792 75.4491 19.44 3
LJ10 -28.9011 76.407 24.3566 3
LJ11 -29.8378 77.0844 28.3163 3
LJ12 -30.7721 77.5687 33.3595 2
LK1 -13.4277 88.0188 9.69749 2
LK2 -17.8466 87.7648 11.8886 3
LK3 -21.7739 87.4962 14.077 3
LK4 -26.1781 87.5225 17.2251 3
LK5 -30.597 87.2685 19.4162 3
LK6 -35.0158 87.0145 21.6073 3
LK7 -38.9285 87.0262 24.7527 2
LK8 -43.3474 86.7722 26.9438 2
LK9 -47.7662 86.5182 29.1349 2
LK10 -52.1976 85.7908 31.4525 2
LK11 -56.125 85.5221 33.641 0
LK12 -61.0206 85.5631 36.7917 0
LH1 -20.3848 -3.26302 16.6131 3
LH2 -25.2849 -2.83575 17.5969 3
LH3 -29.7059 -2.89665 18.7045 3
LH4 -34.5913 -2.189 20.6452 3
LH5 -39.5039 -2.23521 21.7555 3
LH6 -43.9125 -1.82263 22.7365 3
LH7 -48.8104 -1.58846 24.8038 3
LH8 -53.7105 -1.16118 25.7875 3
LH9 -58.623 -1.2074 26.8978 3
LH10 -63.5209 -0.973231 28.965 2
LH11 -67.942 -1.03413 30.0726 2
LH12 -73.3336 -0.592174 31.0591 1
RE1 17.2897 47.3841 -5.66794 3
RE2 16.8344 47.3802 -0.500898 2
RE3 16.858 46.8882 4.79002 2
RE4 16.4026 46.8844 9.95706 2
RE5 15.945 47.0737 14.0406 2
RE6 15.4896 47.0698 19.2076 3
RE7 15.0342 47.066 24.3747 3
RE8 14.5766 47.2553 28.4582 3
RE9 14.6127 47.2367 33.6226 3
RE10 14.1697 47.7064 38.6631 3
RE11 14.2058 47.6879 43.8274 3
RF1 -8.98355 71.1255 10.0192 3
RF2 -4.05405 71.259 10.9494 3
RF3 0.875454 71.3925 11.8795 3
RF4 5.79248 71.0525 12.9362 3
RF5 10.6948 70.4321 13.036 3
RF6 16.1033 70.0774 14.09 3
RF7 20.5288 69.7521 15.1493 3
RF8 25.9351 69.5906 15.1199 3
RF9 30.3607 69.2653 16.1792 3
RF10 35.7692 68.9106 17.2332 2
RF11 40.18 68.3049 17.3357 2
RF12 45.097 67.9649 18.3924 1
RG1 -9.4022 34.9144 25.8825 3
RG2 -4.49988 34.294 25.9823 3
RG3 0.402434 33.6736 26.0821 2
RG4 5.29227 32.5798 26.3084 2
RG5 10.1946 31.9594 26.4081 3
RG6 15.0969 31.3391 26.5079 3
RG7 20.4782 30.2305 26.7315 3
RG8 25.3658 29.3298 25.8743 3
RG9 30.2557 28.2359 26.1006 3
RG10 34.6665 27.6302 26.2031 2
RG11 40.0478 26.5217 26.4267 2
RG12 44.4315 25.1621 25.6987 2
LR1 -33.0634 66.949 30.0331 3
LR2 -36.9511 67.9076 32.9254 2
LR3 -40.8241 69.1467 36.7746 2
LR4 -44.2329 69.6172 39.7907 2
RA1 16.5221 61.4117 -31.0736 1
RA2 17.3803 56.6475 -29.8134 2
RA3 18.2384 51.8833 -28.5532 2
RA4 18.6198 47.4141 -26.3334 2
RA5 19.478 42.6499 -25.0732 3
RA6 19.8447 37.9004 -23.8104 3
RA7 20.7028 33.1362 -22.5502 3
RA8 21.057 27.9132 -21.1608 2
RA9 21.4237 23.1636 -19.8979 3
RA10 22.2966 18.6798 -17.6808 2
RA11 22.6486 13.6499 -17.3748 3
RA12 23.5067 8.88568 -16.1147 2
RB1 1.62559 35.1982 -15.6205 2
RB2 5.98428 32.8917 -16.0954 2
RB3 10.3577 30.8656 -15.6133 2
RB4 15.2101 28.3513 -15.0073 2
RB5 19.5835 26.3251 -14.5252 2
RB6 23.9422 24.0186 -15.0 2
RB7 28.3156 21.9925 -14.5179 2
RB8 32.689 19.9664 -14.0359 3
RB9 37.5685 18.2059 -12.5995 2
RB10 41.9419 16.1798 -12.1174 2
RB11 46.8068 14.139 -11.638 2
RB12 51.1802 12.1128 -11.1559 0
RC1 11.1414 26.3315 -25.7653 2
RC2 13.978 21.982 -24.6424 2
RC3 16.827 18.106 -23.646 2
RC4 19.6908 14.5104 -21.6927 2
RC5 22.5545 10.9148 -19.7394 3
RC6 25.4183 7.31919 -17.7862 2
RC7 28.7735 3.70889 -15.8355 2
RC8 31.6225 -0.167121 -14.8392 2
RC9 34.9778 -3.77742 -12.8886 3
RC10 37.8393 -7.17994 -12.0188 3
RC11 40.6883 -11.0559 -11.0224 2
RC12 44.0436 -14.6663 -9.07179 1
RL1 1.53523 52.7173 40.5911 3
RL2 5.93581 51.445 41.9036 3
RL3 10.8404 50.6316 43.0869 2
RL4 15.2534 49.8328 44.2728 3
RJ1 1.65077 70.7018 -14.778 2
RJ2 3.18626 71.5862 -9.87483 2
RJ3 4.70927 71.9971 -4.84507 2
RJ4 6.24476 72.8815 0.0581453 3
RJ5 7.28877 73.7806 4.96404 3
RJ6 8.80955 74.3845 8.91031 3
RJ7 10.345 75.2689 13.8135 3
RJ8 11.4015 76.6415 18.5929 3
RJ9 12.9223 77.2455 22.5391 3
RJ10 13.9663 78.1445 27.445 2
RJ11 15.5018 79.0289 32.3482 2
RJ12 16.5583 80.4015 37.1276 1
RK1 -7.8335 72.162 29.3347 2
RK2 -2.95836 70.7878 28.6041 2
RK3 1.93147 69.694 28.8304 3
RK4 6.8066 68.3197 28.0998 3
RK5 11.6964 67.2259 28.3261 3
RK6 16.5863 66.132 28.5524 3
RK7 21.4761 65.0382 28.7787 3
RK8 26.3784 64.4178 28.8784 2
RK9 31.266 63.517 28.0212 2
RK10 36.1559 62.4232 28.2476 2
RK11 41.5372 61.3146 28.4712 1
RK12 45.9208 59.9551 27.7432 0
LP1 -19.2876 84.9124 28.149 2
LP2 -24.2024 85.0593 28.1758 3
LP3 -29.6234 84.9405 27.2484 3
LP4 -34.5382 85.0874 27.2752 2
LP5 -39.4405 85.7078 27.1754 2
LP6 -44.3553 85.8547 27.2022 2
LP7 -49.2826 85.5281 27.3556 2
LP8 -54.2121 85.3946 26.4255 2
LP9 -59.6059 86.0296 26.3284 0
LP10 -64.0292 86.1618 26.3525 0
LP11 -69.4355 86.3234 26.382 0
LP12 -74.8417 86.485 26.4115 0
