LA1 -20.0274 25.0542 -9.56193 2
LA2 -24.736 24.1026 -9.95782 2
LA3 -29.9144 23.1126 -10.3177 2
LA4 -34.7338 22.9568 -11.309 3
LA5 -39.4425 22.0052 -11.7049 3
LA6 -44.1513 21.0536 -12.1008 3
LA7 -48.86 20.102 -12.4967 3
LA8 -54.0383 19.1121 -12.8565 3
LA9 -58.747 18.1605 -13.2524 2
LA10 -63.9197 17.4542 -13.2343 2
LA11 -68.5177 15.7069 -13.0347 0
LA12 -73.2263 14.7554 -13.4306 0
LB1 -19.7644 19.2629 -12.3117 2
LB2 -24.2574 16.4361 -11.8947 2
LB3 -28.3972 14.1599 -12.4871 2
LB4 -32.896 11.0495 -12.4481 2
LB5 -37.03 9.05699 -12.6626 3
LB6 -41.6395 6.74234 -13.219 2
LB7 -45.6686 3.67039 -13.216 3
LB8 -50.2723 1.63942 -13.3945 3
LB9 -54.8761 -0.39155 -13.5729 2
LB10 -59.0158 -2.66779 -14.1654 2
LB11 -63.6254 -4.98244 -14.7218 1
LB12 -68.2291 -7.01341 -14.9002 0
LC1 -22.8799 6.86072 -16.5497 3
LC2 -27.6002 5.34178 -17.7016 3
LC3 -32.2039 3.31081 -17.88 2
LC4 -36.9184 2.07556 -18.6539 2
LC5 -41.0581 -0.200682 -19.2464 2
LC6 -45.7726 -1.43593 -20.0203 2
LC7 -50.4929 -2.95488 -21.1722 3
LC8 -55.0966 -4.98585 -21.3506 2
LC9 -59.3471 -6.46636 -22.5385 1
LC10 -63.9567 -8.78106 -23.095 0
LC11 -68.6712 -10.0163 -23.8689 0
LC12 -73.2749 -12.0473 -24.0473 0
LD1 -34.3747 23.2974 -31.073 2
LD2 -39.4192 22.6465 -29.3254 3
LD3 -43.6235 23.4354 -27.4892 3
LD4 -48.2974 24.186 -25.617 2
LD5 -52.8608 24.1407 -23.1494 2
LD6 -57.0593 25.2134 -20.9352 1
LD7 -61.2578 26.286 -18.721 1
LD8 -65.8153 26.5246 -15.8753 0
LE1 -43.1861 -11.5659 2.9082 2
LE2 -48.0113 -12.0054 1.53886 2
LE3 -52.8307 -12.1613 0.547508 2
LE4 -57.6502 -12.3171 -0.443832 2
LE5 -62.4753 -12.7566 -1.81319 3
LE6 -67.3006 -13.1962 -3.18254 1
LE7 -72.1258 -13.6357 -4.5519 0
LE8 -76.4755 -13.7532 -5.57926 0
LE9 -80.3671 -14.3996 -7.39866 0
LE10 -86.4791 -15.1828 -7.30849 0
LE11 -91.7799 -15.9443 -9.01983 0
LE12 -91.8964 -15.4323 -9.99331 0
LF1 -45.9164 27.883 -27.8369 2
LF2 -50.2256 29.7513 -26.2182 2
LF3 -54.43 30.5404 -24.382 2
LF4 -58.6228 31.8966 -21.7898 1
LF5 -62.8154 33.253 -19.1976 0
LF6 -66.4278 33.852 -16.046 0
LF7 -70.5098 34.4126 -12.8583 0
LF8 -74.2328 35.8074 -10.3021 0
LG1 -30.4366 -5.32144 2.16406 3
LG2 -34.6142 -1.31121 1.58238 3
LG3 -38.2112 1.94173 1.56015 3
LG4 -41.8026 5.47836 1.91593 3
LG5 -45.2889 7.93559 2.48916 2
LG6 -48.8861 11.1885 2.46693 2
LG7 -52.9528 14.403 2.48071 2
LG8 -57.0139 17.9013 2.87251 2
LG9 -61.0807 21.1158 2.88629 1
LG10 -64.6778 24.3687 2.86406 0
LG11 -68.7446 27.5832 2.87784 0
LG12 -72.8056 31.0815 3.26964 0
LH1 -33.1492 29.7797 4.23123 3
LH2 -37.1378 28.6936 6.88032 2
LH3 -41.0157 26.8117 10.1249 2
LH4 -44.9985 26.0092 13.152 3
LH5 -48.5174 24.9615 15.765 2
LH6 -52.3952 23.0796 19.0096 2
LH7 -56.8478 22.2388 22.0727 1
LH8 -60.3724 20.9073 24.3078 0
LI1 -31.7874 7.47525 4.40118 2
LI2 -30.7409 4.66985 8.85452 2
LI3 -29.7992 2.94383 13.0904 3
LI4 -28.2772 0.460515 17.8857 3
LI5 -27.3415 -1.54919 21.7436 3
LI6 -26.3999 -3.2752 25.9795 3
LI7 -24.8778 -5.75851 30.7749 3
LI8 -23.9421 -7.76822 34.6327 3
LI9 -23.0063 -9.77792 38.4906 3
LI10 -22.0646 -11.5039 42.7265 2
LI11 -20.5369 -13.7035 47.8999 1
LI12 -19.5953 -15.4296 52.1357 1
LJ1 2.13015 41.8936 30.6516 2
LJ2 -3.03092 41.7546 31.4258 3
LJ3 -7.61732 40.5748 32.3814 3
LJ4 -12.7784 40.4358 33.1555 3
LJ5 -17.359 39.5396 34.4891 3
LJ6 -22.0504 39.439 35.2273 3
LJ7 -27.1007 38.5044 36.5969 3
LJ8 -31.7921 38.4038 37.3351 2
LJ9 -36.8424 37.4692 38.7047 3
LJ10 -41.5338 37.3687 39.4429 2
LJ11 -46.1144 36.4725 40.7765 2
LJ12 -51.2755 36.3336 41.5507 0
RB1 12.0836 17.3365 -20.8089 2
RB2 16.5036 14.6724 -21.8322 3
RB3 20.9236 12.0083 -22.8554 3
RB4 24.8797 9.5895 -23.4647 2
RB5 29.2997 6.92543 -24.4879 2
RB6 33.1335 4.73497 -26.4487 2
RB7 37.0838 2.03247 -27.4359 3
RB8 41.5038 -0.631599 -28.4592 2
RB9 45.4483 -3.61777 -29.8245 3
RB10 49.7633 -5.20244 -31.0652 2
RB11 54.1776 -8.15023 -32.4665 1
RB12 58.1336 -10.569 -33.0757 0
RD1 20.2071 14.2295 -29.8303 1
RD2 24.6329 11.849 -30.4756 1
RD3 29.0645 9.75235 -30.7428 1
RD4 33.9715 7.97775 -30.6681 1
RD5 38.4204 6.7321 -29.8013 2
RD6 43.3449 5.80856 -28.5925 2
RD7 47.3298 4.80817 -27.3117 2
RD8 52.2542 3.88463 -26.1029 3
RD9 57.1786 2.96109 -24.8941 2
RD10 62.103 2.03754 -23.6853 1
RD11 67.0332 1.39768 -22.0985 0
RD12 71.9576 0.474141 -20.8897 0
