RAT1 49.7537 78.0086 -12.7962 2
RAT2 46.3119 78.4362 -21.5756 1
RAT3 39.8905 74.5839 -27.5623 2
RAT4 32.4665 68.0818 -30.1282 0
RG1 58.3596 58.854 -16.7428 2
RG2 60.1978 52.1324 -11.1715 2
RG3 62.1725 42.4991 -5.30669 2
RG4 64.0562 34.8069 0.362452 2
RG5 64.9699 27.0801 6.13863 2
RG6 65.8835 19.3533 11.9148 2
RG7 63.3792 11.9903 18.0167 2
RG8 59.6941 4.38344 22.2478 2
RG9 58.1332 64.1285 -8.17581 2
RG10 58.8732 57.753 -3.5353 2
RG11 60.2946 49.5582 2.23627 2
RG12 62.3292 41.0001 8.99217 2
RG13 63.1602 32.6833 13.8283 2
RG14 63.7169 24.5585 20.6959 2
RG15 63.0701 16.675 25.6437 2
RG16 59.4676 9.658 30.8148 2
RG17 53.7703 70.0257 -1.25634 2
RG18 55.654 62.3335 4.41281 1
RG19 58.1508 54.2781 11.0663 2
RG20 59.0872 46.0659 16.8914 3
RG21 60.4859 38.3564 22.614 2
RG22 60.384 31.5655 28.3994 2
RG23 60.8353 23.336 34.278 2
RG24 56.331 14.8285 39.7029 2
RG25 49.0133 73.9643 5.91233 2
RG26 52.4347 66.9141 12.3609 2
RG27 52.7951 60.6258 18.0439 1
RG28 56.3075 51.6344 24.6881 2
RG29 57.6834 44.4102 30.3619 2
RG30 58.2174 36.7707 37.1805 2
RG31 57.6987 28.5065 43.1661 2
RG32 56.4842 20.0158 47.2275 2
RG33 47.7713 80.1748 14.4885 1
RG34 50.2454 72.6046 21.0931 2
RG35 52.5914 65.4151 26.6598 2
RG36 53.9673 58.1909 32.3335 3
RG37 56.4642 50.1354 38.987 2
RG38 56.3251 41.784 43.9302 2
RG39 55.1933 33.8831 48.9315 2
RG40 51.1285 26.3635 54.205 2
RG41 48.3185 87.3206 21.7639 2
RG42 51.2777 79.7677 28.3149 2
RG43 52.8045 71.6776 35.0754 2
RG44 52.7026 64.8866 40.8608 2
RG45 54.1695 55.7213 46.7302 2
RG46 52.5298 48.2884 51.7361 1
RG47 49.3525 40.2135 55.9626 2
RG48 46.8566 30.3195 61.3202 2
RG49 48.0694 93.0804 30.282 2
RG50 48.4525 86.3068 36.0138 2
RG51 50.002 77.7314 42.8233 1
RG52 49.9228 70.4551 48.6575 2
RG53 50.882 61.7577 54.5316 2
RG54 49.3106 52.869 59.6843 1
RG55 45.6255 45.2621 63.9153 1
RG56 42.9559 36.7193 68.1372 0
RG57 41.7891 98.4229 37.4644 2
RG58 44.7937 89.8995 44.1133 2
RG59 46.7828 82.312 50.7714 2
RG60 46.7036 75.0357 56.6057 1
RG61 45.1921 67.2222 62.6494 1
RG62 42.9621 59.6673 66.72 0
RG63 39.7248 50.5173 70.0554 0
RG64 34.4421 41.1932 72.616 1
RPO1 16.3846 -21.9847 48.8654 1
RPO2 25.3175 -18.9322 50.6242 2
RPO3 33.9259 -13.6625 50.1606 1
RPO4 41.3907 -7.0762 48.6684 2
RPO5 48.265 -0.611874 46.2408 2
RPO6 54.4806 7.18636 42.731 2
RST1 20.5464 45.331 -16.3389 1
RST2 29.5141 43.8908 -20.1758 2
RST3 39.1549 43.1625 -22.1372 2
RST4 49.4231 44.1166 -22.3211 0
RST5 57.2027 45.3852 -18.2282 0
RST6 61.5008 47.4188 -9.80045 2
