LF1 -26.1097 23.7673 -2.22442 3
LF2 -25.9773 23.231 2.88156 3
LF3 -25.7935 22.3672 7.67222 3
LF4 -25.5564 22.5408 12.0901 3
LF5 -25.8285 21.6712 16.8076 3
LF6 -25.6447 20.8074 21.5982 3
LF7 -25.4608 19.9436 26.3889 3
LF8 -25.277 19.0798 31.1795 2
LG1 -6.55823 49.5767 9.28389 2
LG2 -11.6782 48.8038 9.16641 3
LG3 -16.7466 47.7034 8.73362 3
LG4 -21.4106 46.9362 8.68937 3
LG5 -26.5306 46.1633 8.57189 3
LG6 -31.2994 44.6861 9.21572 3
LG7 -35.9634 43.9189 9.17147 2
LG8 -41.0833 43.1459 9.05399 2
LD1 -34.131 -20.624 -12.1012 3
LD2 -32.6766 -25.1332 -9.31386 3
LD3 -31.5218 -29.2656 -7.60314 3
LD4 -30.367 -33.398 -5.89242 3
LD5 -29.2122 -37.5304 -4.18171 3
LD6 -28.618 -42.3785 -1.85615 3
LD7 -27.4117 -46.8383 -0.460747 3
LD8 -26.2569 -50.9707 1.24997 3
LD9 -25.2069 -55.8131 3.64876 3
LD10 -24.0521 -59.9455 5.35948 3
LD11 -22.5461 -64.7821 7.8315 2
LD12 -21.3913 -68.9145 9.54222 2
LE1 -38.4713 -25.744 -5.15989 3
LE2 -43.6943 -25.8621 -4.64674 3
LE3 -48.4613 -25.9744 -4.06035 3
LE4 -53.2283 -26.0868 -3.47396 2
LE5 -58.5028 -25.8774 -2.64549 2
LE6 -63.6742 -26.3229 -2.44765 1
LE7 -67.9853 -26.4295 -1.78803 0
LE8 -72.8039 -26.2144 -0.886322 0
LB1 -22.64 -6.2411 -17.2695 2
LB2 -27.3058 -8.37314 -17.2563 2
LB3 -31.9201 -10.8326 -17.5584 3
LB4 -36.1299 -12.9589 -17.472 3
LB5 -40.7957 -15.091 -17.4588 3
LB6 -45.0055 -17.2173 -17.3724 2
LB7 -49.6713 -19.3493 -17.3592 2
LB8 -54.337 -21.4814 -17.346 2
LB9 -59.0543 -23.286 -17.0175 2
LB10 -62.8597 -25.0791 -16.5425 1
LB11 -67.5255 -27.2112 -16.5293 0
LB12 -72.5957 -29.6764 -16.9047 0
LC1 -24.9645 -23.5666 -10.837 2
LC2 -28.6669 -26.0146 -10.9927 2
LC3 -32.474 -29.1726 -10.4603 3
LC4 -36.2812 -32.3306 -9.92784 3
LC5 -40.4395 -34.7843 -10.1567 3
LC6 -44.7026 -37.948 -9.69756 2
LC7 -48.405 -40.396 -9.85322 2
LC8 -52.7196 -43.2323 -9.07873 2
LC9 -56.4735 -45.3529 -8.91907 2
LC10 -60.3322 -48.1835 -8.07135 1
LC11 -64.4905 -50.6372 -8.30024 0
LC12 -67.3326 -52.7463 -7.99412 0
LA1 -17.8076 4.46244 -18.6307 2
LA2 -22.8245 3.03463 -19.3788 2
LA3 -27.5418 1.23002 -19.0503 3
LA4 -32.1543 0.135377 -19.4098 3
LA5 -36.7668 -0.95927 -19.7694 3
LA6 -41.8353 -2.05964 -20.2022 3
LA7 -46.4478 -3.15429 -20.5618 3
LA8 -51.1651 -4.9589 -20.2333 2
LA9 -56.285 -5.73184 -20.3507 2
LA10 -60.5978 -7.20329 -19.6337 1
LA11 -65.7178 -7.97623 -19.7512 0
LA12 -69.5747 -9.44195 -18.9609 0
LH1 -13.9046 28.1069 -11.5774 3
LH2 -16.3498 29.2835 -7.97162 3
LH3 -18.8998 29.7502 -3.67779 3
LH4 -21.3965 31.2542 0.243286 3
LH5 -23.4373 32.764 4.2376 3
LH6 -25.9873 33.2307 8.53143 3
LH7 -28.4326 34.4073 12.1372 3
LH8 -31.0341 35.2014 16.7463 3
LH9 -33.9352 36.3723 20.2789 3
LH10 -36.4852 36.839 24.5727 3
LH11 -39.0867 37.6331 29.1819 2
LH12 -41.5834 39.1372 33.1029 1
LI1 -4.06231 61.3795 -3.97414 2
LI2 -4.79207 59.1394 0.727493 2
LI3 -5.52183 56.8993 5.42913 2
LI4 -6.55126 55.036 9.05414 2
LI5 -7.22952 52.4685 13.4405 2
LI6 -8.4152 50.2227 18.0689 2
LI7 -9.54939 47.6495 22.382 2
LI8 -10.1229 45.7919 26.0802 2
LI9 -11.3086 43.5461 30.7086 3
LI10 -11.9868 40.9786 35.0949 3
LI11 -13.0163 39.1153 38.7199 3
LI12 -13.6945 36.5478 43.1063 3
RB1 31.016 -4.8062 -10.7081 2
RB2 34.3585 -8.47807 -11.0266 2
RB3 37.6495 -11.8225 -11.0297 3
RB4 40.5361 -15.5001 -11.4214 3
RB5 43.7224 -19.5545 -10.7364 3
RB6 47.0649 -23.2264 -11.0549 3
RB7 50.3559 -26.5708 -11.058 3
RB8 54.1544 -30.237 -11.3033 3
RB9 57.4454 -33.5814 -11.3064 3
RB10 61.3486 -36.5376 -12.2397 2
RB11 64.6396 -39.8821 -12.2428 1
RB12 68.3351 -42.8934 -11.8574 0
