LA1 -18.4749 3.43271 -6.12731 2
LA2 -22.5785 0.864067 -6.06164 2
LA3 -27.0355 -1.5478 -6.00536 2
LA4 -31.0047 -3.80255 -5.75815 2
LA5 -35.6717 -6.63494 -4.81924 2
LA6 -39.7753 -9.20358 -4.75357 3
LA7 -44.0978 -11.3016 -4.51576 3
LA8 -48.4204 -13.3996 -4.27794 2
LA9 -53.0874 -16.232 -3.33903 2
LA10 -57.41 -18.3299 -3.10122 1
LA11 -61.7325 -20.4279 -2.86341 1
LA12 -66.3995 -23.2603 -1.9245 0
LB1 -21.6921 -4.99181 -9.77371 3
LB2 -25.4245 -9.4996 -8.27765 2
LB3 -28.3245 -13.1159 -7.29177 3
LB4 -31.359 -17.046 -6.48742 2
LB5 -34.6035 -21.3967 -4.80043 2
LB6 -37.9913 -25.1701 -4.00548 2
LB7 -41.0258 -29.1002 -3.20113 2
LB8 -44.2793 -32.5597 -2.22464 3
LD1 -33.6822 -44.2176 -6.39039 3
LD2 -37.8026 -46.6856 -4.01484 2
LD3 -41.713 -48.7331 -2.52192 2
LD4 -46.0523 -50.7305 0.0257705 2
LD5 -49.9038 -52.5707 2.7644 1
LD6 -52.6285 -53.8835 3.75654 0
LD7 -56.4044 -55.6171 5.431 0
LD8 -59.3391 -57.3504 7.30578 0
LF1 -26.9957 18.3243 5.73808 3
LF2 -27.1048 18.4189 11.422 2
LF3 -27.004 18.934 16.2233 2
LF4 -26.9031 19.4491 21.0246 3
LF5 -26.4488 19.8075 25.8353 3
LF6 -26.348 20.3226 30.6366 2
LF7 -26.2471 20.8377 35.4379 3
LF8 -26.1462 21.3528 40.2392 3
LF9 -25.9109 22.1818 45.2221 3
LF10 -26.0201 22.2763 50.906 2
LF11 -26.1382 23.2621 55.8794 2
LF12 -25.9029 24.0911 60.8623 1
LI1 -5.95632 47.3242 16.6305 3
LI2 -11.3737 47.5795 17.729 3
LI3 -16.4377 47.6781 18.8369 3
LI4 -21.1484 47.6199 19.9542 3
LI5 -25.859 47.5617 21.0716 3
LI6 -30.4352 47.8173 22.3704 3
LI7 -35.4992 47.9159 23.4783 3
LI8 -40.9166 48.1712 24.5768 2
LJ1 -7.09079 47.1249 40.0579 3
LJ2 -11.5914 47.4872 40.2926 3
LJ3 -17.0088 47.7425 41.3911 3
LJ4 -21.375 48.4187 41.8073 2
LJ5 -26.439 48.5173 42.9153 1
LJ6 -30.9396 48.8796 43.1499 1
LJ7 -35.3057 49.5558 43.5662 0
LJ8 -40.1508 49.1837 44.5019 0
RA1 22.287 6.73617 -19.7794 3
RA2 26.7556 3.49303 -19.1283 3
RA3 30.7773 2.08241 -18.8435 3
RA4 35.5993 -1.31749 -18.183 2
RA5 39.84 -3.19878 -18.0702 1
RA6 44.224 -5.65736 -17.0655 2
RA7 48.4737 -8.42983 -16.2422 3
RA8 52.4954 -9.84045 -15.9573 2
RA9 57.3174 -13.2404 -15.2969 1
RA10 61.6925 -14.8078 -15.0026 1
RA11 66.1611 -18.0509 -14.3515 0
RA12 70.6707 -19.3044 -13.8757 0
RB1 31.6749 -8.0282 -14.3833 2
RB2 35.4456 -11.849 -13.0405 3
RB3 39.2074 -14.7786 -12.4082 2
RB4 42.9693 -17.7082 -11.7759 2
RB5 46.5967 -20.9516 -11.3251 3
RB6 50.7119 -24.038 -10.6834 3
RB7 54.2637 -27.3881 -9.1685 3
RB8 58.3789 -30.4745 -8.5268 3
RB9 62.4851 -32.6697 -8.5956 2
RB10 66.247 -35.5992 -7.9633 0
RB11 70.0088 -38.5288 -7.331 0
RB12 74.124 -41.6152 -6.6893 0
RC1 33.8857 -19.5625 -3.49113 3
RC2 37.5131 -22.806 -3.04036 3
RC3 41.1405 -26.0495 -2.5896 3
RC4 44.4235 -30.0274 -1.43774 2
RC5 48.0509 -33.2709 -0.986971 3
RC6 51.5439 -36.8282 -0.717743 3
RC7 54.8268 -40.8061 0.43412 2
RC8 58.4542 -44.0496 0.884885 1
RC9 61.8626 -46.8224 1.50779 0
RC10 65.3556 -50.3798 1.77702 0
RC11 68.773 -54.0438 3.11042 0
RC12 71.837 -57.551 4.43442 0
RD1 35.7171 -44.7488 0.806306 3
RD2 40.4697 -44.3827 3.24458 3
RD3 45.088 -44.3305 5.50132 2
RD4 49.3528 -44.1216 7.74867 1
RD5 53.6177 -43.9126 9.99602 1
RD6 58.0169 -43.3898 12.4249 1
RD7 62.2818 -43.1808 14.6722 0
RD8 66.9 -43.1286 16.929 0
RE1 10.2481 -31.6321 31.5856 2
RE2 15.2365 -31.8373 31.5418 2
RE3 20.2249 -32.0425 31.4981 3
RE4 25.2133 -32.2477 31.4543 3
RE5 30.2017 -32.4529 31.4106 3
RE6 35.5435 -32.8148 31.3762 3
RE7 40.7509 -33.4907 31.1603 3
RE8 44.5536 -34.4307 31.6174 3
RE9 49.8954 -34.7926 31.583 2
RE10 55.2372 -35.1546 31.5487 3
RE11 60.0912 -35.6737 31.3234 1
RE12 64.9452 -36.1928 31.0981 0
RF1 29.3114 23.6944 14.897 3
RF2 28.7055 24.523 19.6796 3
RF3 28.234 25.6656 24.6436 3
RF4 27.2747 26.651 29.4167 3
RF5 26.3154 27.6364 34.1898 3
RF6 25.7095 28.4651 38.9723 3
RF7 24.7502 29.4505 43.7455 2
RF8 24.1442 30.2791 48.528 2
RF9 23.8917 30.951 53.3199 3
RF10 23.4202 32.0935 58.2839 2
RF11 22.8899 33.0288 62.0023 1
RF12 21.9306 34.0143 66.7754 0
RG1 17.8081 43.835 -12.2333 1
RG2 20.1548 44.6146 -7.90458 1
RG3 23.7218 44.2459 -4.96554 2
RG4 26.4219 44.8686 -0.627426 2
RG5 29.341 45.0207 3.53854 3
RG6 32.47 45.5934 6.82187 3
RG7 35.5235 46.0594 11.1694 3
RG8 38.577 46.5254 15.5169 3
RH1 8.64193 69.5657 -2.15511 3
RH2 11.4265 69.4039 1.82932 2
RH3 13.8667 68.5077 6.51485 3
RH4 16.5169 68.032 10.3177 2
RH5 19.1671 67.5564 14.1206 3
RH6 21.7417 66.974 18.9877 2
RH7 24.3919 66.4984 22.7906 1
RH8 27.1766 66.3366 26.775 1
RI1 7.51909 47.5106 6.33011 3
RI2 12.8609 47.1486 6.29576 3
RI3 17.3615 46.7863 6.06108 3
RI4 22.4753 47.7862 5.48838 3
RI5 27.3204 48.1583 4.5526 3
RI6 32.6622 47.7963 4.51825 3
RI7 37.2972 47.7479 4.46511 3
RI8 42.4111 48.7477 3.89241 3
RJ1 9.05898 48.9258 35.6951 2
RJ2 12.4658 49.235 40.052 3
RJ3 15.9483 49.6509 43.3447 2
RJ4 18.8673 49.803 47.5107 1
RJ5 22.4842 50.5327 50.9849 1
RJ6 25.9667 50.9486 54.2776 0
RJ7 29.8026 51.2077 57.5798 0
RJ8 32.9316 51.7803 60.8631 0
