ACCC1 -12.1532 10.7954 31.2841 3
ACCC2 -13.6812 11.5241 36.228 3
ACCC3 -15.7386 12.3232 41.1146 3
ACCC4 -17.2113 12.6163 45.0117 3
AMFGA1 -25.6536 27.2427 30.2113 3
AMFGA2 -30.6571 27.6873 31.6724 1
AMFGA3 -35.5411 28.2264 32.1451 1
AMFGA4 -40.4804 29.2011 33.6645 0
AMFGB1 -26.0455 11.5654 29.6777 3
AMFGB2 -30.5197 11.9397 31.1961 1
AMFGB3 -34.9938 12.314 32.7144 1
AMFGB4 -39.5874 12.5938 35.2211 1
CINGA1 -16.6444 27.9523 43.5102 2
CINGA2 -15.094 30.1081 46.9391 2
CINGA3 -13.0696 32.6292 51.472 2
CINGA4 -11.5745 35.2206 55.9477 1
CINGP1 -16.3022 -8.30185 46.1583 3
CINGP2 -16.3703 -8.84442 51.1572 3
CINGP3 -16.3744 -8.85694 56.2146 3
CINGP4 -16.3784 -8.86946 61.272 3
HIPP1 -32.5033 -30.3638 -7.48739 1
HIPP2 -33.3109 -34.3575 -4.93124 1
HIPP3 -33.6534 -38.9517 -2.3762 1
HIPP4 -34.461 -42.9454 0.179947 1
INSA1 -24.1799 14.4777 16.0163 2
INSA2 -24.2481 13.9351 21.0153 2
INSA3 -24.3162 13.3926 26.0142 3
INSA4 -24.3844 12.85 31.0131 3
INSP1 -32.6762 -5.06645 10.086 1
INSP2 -31.9583 -3.55919 15.3759 1
INSP3 -30.5916 -2.02788 19.7347 2
INSP4 -29.8738 -0.520623 25.0245 3
MTG1 -36.7766 -50.5087 2.21268 2
MTG2 -41.7335 -51.4653 1.52185 2
MTG3 -46.6263 -51.8919 0.889435 2
MTG4 -50.9897 -52.3889 0.314307 2
OF1 -6.06558 34.3006 3.91197 2
OF2 -8.2513 34.0396 8.68175 3
OF3 -10.437 33.7786 13.4515 3
OF4 -12.0292 33.9773 18.337 3
OFAL1 -25.2815 33.8057 14.6945 2
OFAL2 -25.093 35.3834 19.9271 2
OFAL3 -24.8492 36.5254 24.1129 2
OFAL4 -25.2543 37.6434 29.2298 2
PIFG1 -31.9558 -14.1498 27.5177 3
PIFG2 -35.1699 -11.3604 30.431 3
PIFG3 -38.3839 -8.57112 33.3443 3
PIFG4 -41.0686 -5.8522 36.3149 2
STG1 -45.3258 -21.5861 5.96608 1
STG2 -49.3901 -21.3766 8.53005 1
STG3 -53.9195 -20.5668 11.0951 1
STG4 -57.9838 -20.3573 13.6591 1
