LA1 -24.9115 15.4641 -9.48747 2
LA2 -30.0783 16.3119 -11.1387 2
LA3 -35.1787 17.0896 -11.6923 3
LA4 -40.2131 17.7972 -11.1481 3
LA5 -44.4957 18.1841 -13.0774 3
LA6 -49.5963 18.9617 -13.6309 2
LA7 -54.2075 19.2358 -13.3352 2
LA8 -59.3081 20.0135 -13.8887 2
LA9 -63.9474 20.7638 -14.4719 1
LA10 -68.5588 21.0378 -14.1761 0
LA11 -75.0045 22.3039 -14.4221 0
LA12 -80.51 22.1565 -13.1883 0
LB1 -31.2981 10.877 -10.6313 2
LB2 -36.485 9.9601 -10.9625 3
LB3 -41.2109 9.01584 -11.3233 3
LB4 -45.9086 7.59535 -10.8052 3
LB5 -50.6344 6.65109 -11.1659 3
LB6 -55.3603 5.70683 -11.5267 3
LB7 -60.481 4.71985 -10.7602 2
LB8 -65.668 3.803 -11.0913 2
LB9 -70.3276 2.78861 -10.3544 0
LB10 -75.0152 2.25046 -10.4963 0
LB11 -80.1359 1.26348 -9.72979 0
LB12 -84.3725 -0.184417 -9.24125 0
LC1 -31.8953 -3.22578 -6.87581 2
LC2 -36.6593 -4.57615 -7.4554 2
LC3 -41.3953 -6.40274 -7.15613 3
LC4 -46.1312 -8.22934 -6.85685 3
LC5 -50.8952 -9.57971 -7.43644 3
LC6 -55.6312 -11.4063 -7.13717 3
LC7 -59.8677 -12.8542 -6.64863 3
LC8 -64.6317 -14.2046 -7.22823 2
LC9 -69.8669 -16.4099 -7.11821 1
LC10 -74.1418 -18.2639 -6.84851 0
LC11 -78.8676 -19.2081 -7.20927 0
LC12 -83.1424 -21.0621 -6.93957 0
LD1 -35.9635 42.4217 -18.4214 2
LD2 -37.1171 36.9166 -16.8163 2
LD3 -37.7993 32.2665 -15.9008 2
LD4 -38.4154 27.5462 -13.8876 3
LD5 -39.5589 22.9235 -12.9425 3
LD6 -40.2411 18.2734 -12.027 3
LD7 -41.3183 13.5805 -9.98421 3
LD8 -42.4617 8.95781 -9.03913 3
LD9 -43.6052 4.33508 -8.09404 3
LD10 -44.2595 -0.79128 -6.29966 3
LD11 -44.9417 -5.44141 -5.38415 3
LD12 -45.5859 -9.68544 -4.2498 3
LE1 -52.1124 10.8664 -23.6263 2
LE2 -54.1531 10.7229 -19.0876 2
LE3 -56.655 10.6068 -14.5193 2
LE4 -59.1848 10.967 -10.8299 2
LE5 -61.6867 10.8509 -6.26161 2
LE6 -63.6893 11.1136 -1.50407 2
LE7 -66.2192 11.4737 2.18534 1
LE8 -69.1159 11.315 7.88091 0
LE9 -71.1465 12.0538 11.7596 0
LE10 -74.0713 12.3713 16.5763 0
LE11 -77.0242 13.1649 20.5141 0
LE12 -80.4484 13.1037 25.1415 0
LF1 -54.8806 -0.116351 -20.3865 2
LF2 -58.4192 -1.39592 -16.4156 2
LF3 -61.5629 -2.63277 -13.5719 2
LF4 -64.1793 -3.96715 -9.66013 2
LF5 -64.6404 -3.93975 -9.63056 2
LF6 -67.7561 -5.65283 -5.90804 2
LF7 -70.8718 -7.36591 -2.18553 1
LF8 -73.9773 -8.19666 0.87695 0
LF9 -77.0829 -9.0274 3.93943 0
LF10 -79.2381 -10.3892 7.82163 0
LF11 -81.3933 -11.751 11.7038 0
LF12 -83.6148 -13.0426 14.4883 0
LG1 -43.4502 32.691 -2.9743 1
LG2 -48.5508 33.4687 -3.52785 2
LG3 -53.2002 33.3367 -3.45094 2
LG4 -58.3008 34.1144 -4.00449 0
LG5 -62.9502 33.9823 -3.92758 0
LG6 -68.0508 34.76 -4.48114 0
LG7 -73.1995 34.2492 -4.59349 0
LG8 -78.1193 36.1751 -3.39282 0
LH1 -36.4121 16.5235 13.0724 2
LH2 -40.9852 17.2036 13.587 2
LH3 -46.0476 18.3874 13.2523 3
LH4 -51.0819 19.095 13.7965 3
LH5 -55.6549 19.7752 14.311 2
LH6 -60.7173 20.959 13.9763 1
LH7 -65.2905 21.6391 14.4909 0
LH8 -70.3248 22.3467 15.0351 0
LH9 -75.3972 22.6482 15.3604 0
LH10 -79.9704 23.3283 15.875 0
LH11 -82.6327 23.8288 17.3689 0
LH12 -87.2058 24.5089 17.8835 0
LI1 -4.83956 48.3098 12.2209 2
LI2 -9.4127 48.99 12.7354 3
LI3 -14.4571 48.8152 13.9396 3
LI4 -19.0684 49.0893 14.2354 3
LI5 -24.1127 48.9145 15.4396 3
LI6 -29.2234 48.8099 15.5461 3
LI7 -33.8066 48.6077 16.7207 3
LI8 -38.8791 48.9092 17.046 3
LI9 -43.5005 48.3009 18.0018 3
LI10 -49.0442 47.7474 19.0167 2
LI11 -53.6555 48.0215 19.3125 1
LI12 -58.7381 47.4406 20.2978 0
LJ1 -14.1333 -3.68443 24.1675 3
LJ2 -19.1675 -2.97686 24.7117 3
LJ3 -23.7508 -3.17904 25.8863 3
LJ4 -28.8233 -2.87757 26.2116 3
LJ5 -33.8295 -2.64624 27.6346 3
LJ6 -38.902 -2.34477 27.96 3
LJ7 -43.4751 -1.66461 28.4745 3
LJ8 -48.4813 -1.43327 29.8976 3
LJ9 -53.5156 -0.725703 30.4417 3
LJ10 -58.0606 -0.521771 31.8352 3
LJ11 -63.1331 -0.220308 32.1605 2
LJ12 -68.1674 0.487261 32.7047 1
RB1 15.8136 8.89378 -13.2103 2
RB2 20.8861 8.59232 -13.5356 2
RB3 25.4974 8.31826 -13.8313 3
RB4 30.6081 8.4229 -13.9378 3
RB5 35.6805 8.12144 -14.2631 3
RB6 40.3199 7.37115 -13.68 2
RB7 45.4305 7.47579 -13.7865 2
RB8 50.1081 7.13161 -12.9845 2
RB9 55.2187 7.23626 -13.091 2
RB10 60.3573 6.86467 -12.3186 1
RB11 65.496 6.49308 -11.5462 0
RB12 70.5685 6.19162 -11.8716 0
RC1 18.5721 -8.20082 -12.3209 3
RC2 23.0969 -10.1694 -12.3943 2
RC3 27.6498 -12.6143 -11.5888 3
RC4 32.2409 -14.653 -10.5645 3
RC5 36.3327 -17.0704 -9.72939 3
RC6 40.8576 -19.039 -9.80277 3
RC7 45.4105 -21.4839 -8.99728 3
RC8 50.0016 -23.5226 -7.97295 3
RC9 54.0653 -25.4638 -8.01676 2
RC10 58.6183 -27.9086 -7.21126 1
RC11 62.7101 -30.326 -6.37619 0
RC12 67.263 -32.7709 -5.5707 0
