LA1 -19.0688 30.1603 -22.9203 2
LA2 -23.8584 29.8698 -22.985 2
LA3 -29.1472 29.0349 -23.2016 2
LA4 -33.9367 28.7443 -23.2663 3
LA5 -38.6933 27.9417 -23.4758 2
LA6 -43.9856 27.3785 -24.6548 2
LA7 -48.7751 27.088 -24.7195 2
LA8 -54.0934 26.4934 -23.829 2
LA9 -58.85 25.6907 -24.0384 1
LA10 -63.6065 24.888 -24.2479 1
LA11 -68.9283 24.5652 -24.3198 0
LA12 -73.6814 23.4908 -23.5669 0
LB1 -21.5645 27.4384 -23.6801 2
LB2 -26.2551 25.6115 -24.1791 2
LB3 -30.4135 23.8169 -24.6708 3
LB4 -35.6397 22.2295 -26.1394 3
LB5 -40.3632 20.9148 -26.4936 3
LB6 -45.0572 19.3597 -27.9549 3
LB7 -49.7807 18.0449 -28.3091 2
LB8 -55.0365 16.6979 -28.6705 2
LB9 -59.1983 15.1751 -30.1247 3
LB10 -63.9219 13.8604 -30.4789 2
LB11 -68.6124 12.0335 -30.9779 0
LB12 -73.3394 10.9905 -32.2944 0
LC1 -19.5259 -5.70313 -25.7743 2
LC2 -24.319 -5.72184 -26.8013 2
LC3 -29.6442 -5.7729 -27.8355 2
LC4 -34.4373 -5.79161 -28.8626 3
LC5 -39.2304 -5.81032 -29.8896 3
LC6 -44.0269 -5.55723 -31.879 3
LC7 -48.82 -5.57604 -32.906 3
LC8 -54.1453 -5.62699 -33.9402 3
LC9 -58.9384 -5.6457 -34.9672 3
LC10 -63.7279 -5.93631 -35.0319 2
LC11 -68.521 -5.95503 -36.059 0
LC12 -73.8133 -6.51818 -37.238 0
LD1 -45.9751 24.6573 -23.3379 3
LD2 -50.4237 26.9281 -20.6021 3
LD3 -54.3105 28.9909 -18.9663 2
LD4 -58.1974 31.0537 -17.3304 1
LD5 -62.613 32.8123 -14.7394 0
LD6 -66.4998 34.8751 -13.1035 0
LD7 -70.8823 36.1217 -10.6573 0
LD8 -75.3344 38.6643 -8.88387 0
LE1 -33.6177 -5.19521 -13.1101 3
LE2 -38.4769 -4.18971 -13.8476 3
LE3 -42.8699 -2.12767 -14.2884 2
LE4 -47.762 -0.610069 -14.8812 2
LE5 -52.6541 0.907528 -15.4739 2
LE6 -57.5463 2.42513 -16.0666 3
LE7 -61.9062 3.97497 -16.6522 2
LE8 -66.7984 5.49257 -17.2449 0
LE9 -71.6905 7.01016 -17.8377 0
LE10 -76.0141 7.7762 -17.6057 0
LE11 -80.9061 9.2938 -18.1984 0
LE12 -85.7652 10.2993 -18.9359 0
LF1 -38.0181 -11.0874 -16.8367 3
LF2 -43.3399 -11.4103 -16.9086 3
LF3 -48.093 -12.4847 -16.1557 3
LF4 -52.8495 -13.2874 -16.3651 3
LF5 -58.1678 -13.8821 -15.4746 3
LF6 -62.9243 -14.6847 -15.6841 2
LF7 -67.7139 -14.9752 -15.7488 0
LF8 -72.9992 -16.082 -15.0031 0
LF9 -77.7558 -16.8847 -15.2125 0
LF10 -83.0775 -17.2074 -15.2844 0
LF11 -87.8011 -18.5223 -15.6386 0
LF12 -91.9629 -20.045 -17.0928 0
LG1 -36.6735 34.7802 -5.96463 2
LG2 -40.9534 34.2187 -2.99033 2
LG3 -44.7012 33.6894 -0.00884577 2
LG4 -48.9481 32.6157 2.82069 2
LG5 -52.6629 31.5743 5.65741 2
LG6 -57.4385 30.1965 9.4421 2
LG7 -60.6211 29.1874 12.286 0
LG8 -64.3359 28.146 15.1227 0
LH1 -32.0031 10.5384 -5.5547 3
LH2 -37.3283 10.4873 -6.58893 2
LH3 -42.6171 9.65238 -6.80557 2
LH4 -47.3771 9.12157 -7.97736 2
LH5 -52.1667 8.83106 -8.04205 2
LH6 -56.9563 8.54045 -8.10675 2
LH7 -62.2816 8.48949 -9.14096 1
LH8 -67.0381 7.68678 -9.35042 0
LH9 -72.3599 7.36402 -9.42229 0
LH10 -77.1165 6.56131 -9.63175 0
LH11 -82.4052 5.72635 -9.84839 0
LH12 -87.2278 5.94794 -9.76831 0
LJ1 -39.1933 55.0969 -29.3127 2
LJ2 -38.8891 49.9443 -28.6909 2
LJ3 -39.0875 44.5191 -29.1834 3
LJ4 -39.3521 40.1181 -29.3864 3
LJ5 -39.5801 34.9332 -28.7717 3
LJ6 -39.2464 29.5402 -29.257 3
LJ7 -39.5109 25.1393 -29.46 3
LJ8 -39.739 19.9543 -28.8454 3
LJ9 -39.4383 15.0736 -29.1859 3
LJ10 -39.6663 9.8886 -28.5713 3
LJ11 -39.8977 4.97553 -28.919 3
LJ12 -40.1293 0.0623659 -29.2667 3
LK1 -44.6334 15.18 -40.5674 1
LK2 -49.3169 12.8096 -39.1417 3
LK3 -52.9361 10.5037 -37.7016 3
LK4 -57.6196 8.13314 -36.2759 2
LK5 -61.7744 6.06667 -35.8053 2
LK6 -65.9258 3.7285 -34.3724 1
LK7 -70.6128 1.62978 -33.9091 0
LK8 -74.7642 -0.7084 -32.4762 0
LL1 -2.1522 -36.1546 11.2835 2
LL2 -6.94178 -36.4451 11.2188 2
LL3 -12.234 -37.0083 10.0398 3
LL4 -17.0236 -37.2988 9.97514 3
LL5 -22.3489 -37.3498 8.94091 3
LL6 -27.1385 -37.6403 8.87623 3
LL7 -31.9281 -37.9309 8.81154 2
LL8 -36.6881 -38.4618 7.63974 2
LL9 -42.0099 -38.7845 7.56787 3
LL10 -46.7699 -39.3154 6.39606 2
LL11 -52.0917 -39.6382 6.32419 2
LL12 -56.8848 -39.657 5.29715 1
LM1 -42.8839 -13.6786 -0.924796 3
LM2 -47.67 -14.2409 -0.0271356 3
LM3 -52.4561 -14.8033 0.870515 3
LM4 -57.7449 -15.6381 0.653883 3
LM5 -62.5309 -16.2006 1.55153 2
LM6 -67.2876 -17.0032 1.34208 1
LM7 -72.0737 -17.5656 2.23974 0
LM8 -76.8267 -18.64 2.99263 0
