LA1 -11.792 23.957 -16.6582 1
LA2 -16.7718 22.9942 -16.711 2
LA3 -21.7606 22.3922 -16.0838 2
LA4 -26.3197 21.2632 -15.5135 2
LA5 -31.2513 20.7713 -15.4733 2
LA6 -36.2883 19.6984 -14.9391 3
LA7 -40.7993 19.0404 -14.2758 3
LA8 -45.7881 18.4384 -13.6485 3
LA9 -50.8251 17.3655 -13.1143 2
LA10 -55.8139 16.7635 -12.4871 2
LA11 -61.3286 15.7465 -11.989 2
LA12 -65.8397 15.0885 -11.3256 1
LB1 -17.8286 14.9091 -15.2638 2
LB2 -21.9582 13.2533 -14.7504 3
LB3 -26.6046 10.8217 -15.0462 2
LB4 -30.7251 8.80504 -15.2128 2
LB5 -35.9066 6.31937 -14.9576 2
LB6 -40.027 4.3027 -15.1242 2
LB7 -44.6253 2.34203 -15.3269 3
LB8 -48.8602 0.105199 -14.3195 3
LB9 -53.9272 -2.16031 -15.2383 2
LB10 -58.0477 -4.17698 -15.405 2
LB11 -62.7514 -6.71865 -15.1137 1
LB12 -66.8719 -8.73532 -15.2803 0
LC1 -19.8044 -2.4073 3.37383 2
LC2 -24.4027 -4.36797 3.17111 3
LC3 -29.4697 -6.63349 2.25226 2
LC4 -34.068 -8.59416 2.04954 3
LC5 -38.609 -10.4448 1.25978 3
LC6 -43.1591 -11.9345 1.15005 3
LC7 -47.7001 -13.7851 0.360293 2
LC8 -52.2503 -15.2749 0.250568 2
LC9 -57.4317 -17.7605 0.5058 2
LC10 -61.504 -19.3063 0.432161 1
LC11 -66.5892 -20.8501 0.87339 0
LC12 -70.7097 -22.8668 0.706752 0
LD1 -32.7121 51.9793 -25.0954 2
LD2 -33.7951 47.4668 -24.2073 2
LD3 -35.4041 42.5394 -23.4484 3
LD4 -36.9649 38.0829 -22.5964 3
LD5 -38.1533 32.9895 -21.2143 3
LD6 -40.192 28.589 -20.3985 3
LD7 -41.3231 23.6056 -19.6034 3
LD8 -42.884 19.1491 -18.7515 3
LD9 -44.502 14.5825 -17.3125 2
LD10 -46.0628 10.1261 -16.4605 3
LD11 -47.194 5.14267 -15.6655 3
LD12 -49.7104 0.79819 -14.8857 3
LE1 -1.23916 67.4567 7.8589 2
LE2 -6.06533 67.5458 7.40505 3
LE3 -11.4747 67.1098 7.40916 3
LE4 -16.2918 66.8381 6.27527 3
LE5 -21.1661 66.4562 5.72842 3
LE6 -26.0886 65.6034 5.08857 3
LE7 -30.9148 65.6925 4.63472 2
LE8 -36.3151 64.8957 3.95878 3
LE9 -41.2467 64.4038 3.99897 3
LE10 -46.121 64.022 3.45212 3
LE11 -50.9953 63.6401 2.90527 2
LE12 -56.4529 62.7333 2.81638 1
LF1 -3.95561 43.7982 26.4617 3
LF2 -8.93535 42.8354 26.4089 3
LF3 -13.9151 41.8725 26.356 3
LF4 -18.8467 41.3806 26.3962 3
LF5 -23.7692 40.5278 25.7564 3
LF6 -28.7489 39.565 25.7036 3
LF7 -33.7286 38.6021 25.6508 3
LF8 -38.7084 37.6393 25.5979 3
LF9 -43.5827 37.2574 25.0511 3
LF10 -48.6106 35.8237 24.9053 3
LF11 -53.5904 34.8608 24.8525 3
LF12 -58.5701 33.898 24.7997 2
LG1 -26.4319 -34.6056 34.7122 2
LG2 -27.0343 -36.8989 39.1295 2
LG3 -28.0663 -38.6654 43.6037 1
LG4 -29.1465 -40.9028 47.9849 1
LG5 -29.223 -42.7812 52.5313 1
LG6 -29.7772 -44.6037 57.0416 0
LG7 -30.3314 -46.4261 61.552 0
LG8 -30.9338 -48.7195 65.9693 0
LH1 -8.60686 38.5926 47.7227 3
LH2 -13.1922 41.0362 47.7338 3
LH3 -17.8257 43.009 47.6519 2
LH4 -21.9332 45.3966 47.6992 2
LH5 -26.4613 47.9503 47.1233 3
LH6 -31.0948 49.9231 47.0414 3
LH7 -35.6229 52.4768 46.4655 2
LH8 -40.2564 54.4495 46.3837 1
LH9 -44.3067 56.9472 45.8439 1
LH10 -49.3607 59.086 45.1389 1
LH11 -53.5164 61.0028 45.0931 0
LH12 -57.6721 62.9195 45.0474 0
LI1 -6.48985 66.714 56.8817 1
LI2 -11.4033 65.5004 55.5619 1
LI3 -16.2204 65.2286 54.428 1
LI4 -21.5725 64.9028 53.845 1
LI5 -26.4559 64.8817 53.9782 1
LI6 -31.2039 66.6343 55.0704 1
LI7 -35.5313 68.2208 56.7858 0
LI8 -38.9031 69.6953 58.5733 0
LI9 -42.7618 71.5867 61.0048 0
LI10 -46.9928 74.115 62.9061 0
LI11 -50.8034 76.4773 65.4306 0
LI12 -53.86 77.2047 68.3353 0
LJ1 -17.0368 67.3982 36.3574 2
LJ2 -17.7316 68.9281 41.4826 2
LJ3 -17.8915 70.5122 46.0569 2
LJ4 -18.5772 71.6813 50.5021 1
LJ5 -18.7371 73.2653 55.0763 1
LJ6 -19.3838 75.2662 60.2945 0
LJ7 -19.649 76.2692 65.3628 0
LJ8 -20.7553 77.6044 69.1849 0
LK1 -18.1266 103.379 9.88198 1
LK2 -19.0533 102.194 13.8622 1
LK3 -20.6203 100.373 18.8873 1
LK4 -21.6524 98.6067 23.3616 1
LK5 -22.3029 95.8424 27.6859 1
LK6 -21.9888 92.6053 31.4023 1
LK7 -22.6303 89.4801 35.0466 1
LK8 -22.8903 85.3572 38.541 1
LK9 -22.5671 81.7592 41.5774 1
LK10 -22.3403 77.2195 44.4278 1
LK11 -22.0653 73.1506 47.3712 1
LK12 -22.2109 69.2478 49.6915 1
LL1 -20.333 47.6314 -34.5158 1
LL2 -25.7033 48.0272 -33.7387 2
LL3 -30.5867 48.0062 -33.6055 2
LL4 -35.4701 47.9852 -33.4723 2
LL5 -40.8885 47.9101 -32.7882 1
LL6 -45.7719 47.8891 -32.655 1
LL7 -50.6553 47.8681 -32.5218 0
LL8 -55.5387 47.8471 -32.3886 0
LL9 -60.8999 47.8821 -32.2915 0
LL10 -65.8406 47.751 -31.5713 0
LL11 -71.2981 46.8441 -31.6602 0
LL12 -75.0542 47.0414 -33.2159 0
LM1 -16.287 69.6121 -15.2815 2
LM2 -19.0375 69.9533 -10.5796 3
LM3 -21.3103 70.2385 -5.84161 3
LM4 -23.5258 70.6338 -1.69068 3
LM5 -26.3245 70.5041 2.9182 3
LM6 -28.5401 70.8994 7.06912 3
LM7 -30.861 70.7136 11.7141 2
LM8 -33.1337 70.9988 16.4521 3
LM9 -35.3974 70.9232 20.51 2
LM10 -37.6702 71.2084 25.2479 2
LM11 -39.4651 71.4376 30.022 2
LM12 -41.7288 71.362 34.0799 2
