LF1 -10.7855 -27.7832 24.4797 3
LF2 -15.4077 -27.9344 25.5853 2
LF3 -20.2288 -28.7174 25.7841 3
LF4 -25.0835 -28.974 25.9303 3
LF5 -29.9047 -29.757 26.1291 3
LF6 -35.0404 -29.925 27.3575 2
LF7 -39.8951 -30.1817 27.5037 3
LF8 -45.0643 -29.8233 28.6795 2
LG1 -31.4427 -19.5119 17.1042 3
LG2 -35.499 -21.0315 20.2862 3
LG3 -39.1425 -20.9552 23.1877 2
LG4 -42.7188 -21.9316 26.1943 3
LG5 -46.3287 -22.3816 29.1484 3
LG6 -50.4521 -22.8484 32.2253 2
LG7 -54.062 -23.2985 35.1793 2
LG8 -58.1854 -23.7653 38.2562 0
LG9 -60.7682 -24.1817 40.9646 0
LG10 -65.1391 -25.0863 45.1763 0
LG11 -68.2689 -24.9931 47.9549 0
LG12 -72.3924 -25.46 51.0318 0
LD1 -35.3987 -17.5134 1.38622 3
LD2 -39.7547 -18.0856 3.50375 3
LD3 -44.1107 -18.6578 5.62127 3
LD4 -48.6993 -19.3355 6.77943 3
LD5 -53.0889 -19.3813 8.84436 3
LD6 -57.9584 -19.9703 11.0847 3
LD7 -61.8009 -20.5257 13.0794 1
LD8 -66.6705 -21.1148 15.3198 0
LE1 -15.9766 -16.3862 29.5235 3
LE2 -17.5806 -16.575 34.0278 3
LE3 -19.6647 -17.307 38.7075 3
LE4 -21.2687 -17.4959 43.2117 3
LE5 -22.8727 -17.6847 47.716 2
LE6 -24.4768 -17.8735 52.2203 2
LE7 -26.6279 -17.5527 56.7948 2
LE8 -28.2319 -17.7415 61.299 1
LE9 -30.3831 -17.4207 65.8736 0
LE10 -31.4735 -17.5927 70.255 0
LE11 -33.3101 -17.8869 73.7999 0
LE12 -34.9142 -18.0758 78.3041 0
LB1 -25.7405 7.45942 0.34796 3
LB2 -29.6329 4.49892 -0.447961 2
LB3 -33.2927 1.64383 -0.284514 2
LB4 -37.1515 -1.84309 -1.02785 3
LB5 -41.5574 -4.82039 -1.70093 3
LB6 -45.2172 -7.67548 -1.53748 3
LB7 -49.1095 -10.636 -2.3334 3
LB8 -52.7693 -13.4911 -2.16996 2
LB9 -56.6617 -16.4516 -2.96588 2
LB10 -61.0676 -19.4289 -3.63896 2
LB11 -64.7609 -21.7575 -3.5281 0
LB12 -69.8795 -25.3835 -4.98512 0
LA1 -18.5701 14.9429 1.90489 3
LA2 -23.1922 14.7917 3.01046 3
LA3 -27.5818 14.7458 5.0754 3
LA4 -32.2039 14.5946 6.18097 3
LA5 -36.826 14.4434 7.28654 2
LA6 -41.7292 14.3808 9.47432 2
LA7 -46.3513 14.2296 10.5799 3
LA8 -50.7409 14.1838 12.6448 3
LN1 -3.50331 43.6696 14.5554 3
LN2 -5.58736 42.9376 19.2351 2
LN3 -7.15783 42.2223 23.792 2
LN4 -8.99442 41.9281 27.3368 2
LN5 -10.5649 41.2129 31.8937 3
LN6 -12.1354 40.4976 36.4505 3
LN7 -14.0204 40.3974 42.037 3
LN8 -15.6244 40.2086 46.5413 3
LN9 -17.1949 39.4934 51.0981 3
LN10 -19.0315 39.1992 54.643 3
LN11 -21.1155 38.4671 59.3227 3
LN12 -22.4534 37.8573 64.8389 1
L2H1 -16.217 1.26876 35.7614 3
L2H2 -14.987 0.742939 40.6634 3
L2H3 -14.2706 0.200313 45.6883 3
L2H4 -13.0407 -0.325511 50.5903 3
L2H5 -11.8443 -0.324919 55.4397 3
L2H6 -11.3605 -0.972947 59.5052 3
L2H7 -10.6441 -1.51557 64.53 3
L2H8 -9.69516 -1.9528 70.5143 2
LL1 -1.46942 38.1911 50.6242 2
LL2 -6.35768 38.461 50.7178 3
LL3 -11.726 38.1875 50.9868 2
LL4 -16.3481 38.0363 52.0924 2
LL5 -21.2363 38.3061 52.186 3
LL6 -25.892 38.6813 53.239 2
LL7 -31.2939 38.9343 53.4555 2
LL8 -35.916 38.7831 54.561 2
LL9 -40.8043 39.0529 54.6546 1
LL10 -45.4599 39.4281 55.7076 0
LL11 -50.3146 39.1715 55.8538 0
LL12 -55.4504 39.0035 57.0823 0
LM1 -8.00547 50.0688 28.2211 3
LM2 -10.9699 51.3202 31.8539 3
LM3 -15.1269 51.3798 34.8783 3
LM4 -18.2567 51.473 37.6569 3
LM5 -22.4137 51.5326 40.6812 3
LM6 -26.5707 51.5922 43.7055 2
LM7 -30.6942 51.1253 46.7824 2
LM8 -35.0502 50.5531 48.8999 2
LM9 -38.6265 49.5767 51.9065 0
LM10 -43.0161 49.5309 53.9715 0
LM11 -47.1395 49.0641 57.0484 0
LM12 -51.8101 49.1068 60.1955 0
LJ1 -36.4487 15.2588 26.6024 3
LJ2 -34.158 14.2402 31.3113 3
LJ3 -32.4145 13.7312 36.0905 3
LJ4 -30.6374 12.6957 40.9222 3
LJ5 -29.1601 12.6077 44.6894 3
LJ6 -27.9301 12.0819 49.5915 2
LJ7 -26.1866 11.5729 54.3706 2
LJ8 -24.9566 11.047 59.2726 2
LJ9 -23.4457 10.4326 63.0924 3
LJ10 -21.7022 9.92358 67.8716 2
LJ11 -19.2125 9.53676 73.4873 0
LJ12 -17.7351 9.44876 77.2545 0
LK1 -28.1985 35.4765 21.3108 2
LK2 -26.256 35.5993 26.9968 2
LK3 -24.7786 35.5113 30.764 2
LK4 -23.0686 35.5287 35.4906 3
LK5 -20.8786 36.0893 40.0417 3
LK6 -19.1687 36.1067 44.7683 3
LK7 -17.4923 36.6505 49.4423 3
LK8 -16.0484 37.0889 53.1569 2
LK9 -14.3384 37.1063 57.8835 1
LK10 -13.1756 37.6333 62.6803 2
LK11 -11.2331 37.7561 68.3663 1
LK12 -9.75567 37.6681 72.1335 0
LI1 -15.3343 -4.50502 36.217 3
LI2 -16.9383 -4.69384 40.7213 3
LI3 -18.0288 -4.86585 45.1027 3
LI4 -19.4002 -4.94927 50.5663 3
LI5 -20.4907 -5.12128 54.9478 3
LI6 -21.8621 -5.20469 60.4114 3
LI7 -23.6987 -5.49891 63.9563 3
LI8 -24.5566 -5.56552 69.2971 1
LI9 -26.1607 -5.75434 73.8013 0
LI10 -27.4837 -6.03175 77.2234 0
LI11 -28.3267 -5.76595 80.47 0
LI12 -29.4171 -5.93797 84.8514 0
L2Q1 -36.3683 -17.5244 12.9043 3
L2Q2 -35.7503 -20.2781 17.1801 3
L2Q3 -35.1658 -22.5054 21.4034 3
L2Q4 -35.0614 -25.2759 25.802 3
L2Q5 -34.6759 -28.135 29.1185 3
L2Q6 -33.5778 -30.3455 33.2189 3
L2Q7 -32.9598 -33.0992 37.4947 3
L2Q8 -32.3418 -35.8529 41.7705 1
L2P1 -21.9778 -14.2383 27.6109 3
L2P2 -21.4604 -15.4128 31.729 3
L2P3 -21.4231 -17.1304 36.0225 3
L2P4 -20.6731 -18.1995 41.0999 3
L2P5 -20.1558 -19.3739 45.218 3
L2P6 -19.4058 -20.443 50.2954 3
L2P7 -18.8885 -21.6174 54.4135 3
L2P8 -18.1385 -22.6865 59.4909 3
RB1 23.8074 13.3005 -11.9883 3
RB2 27.1237 9.71635 -12.3573 3
RB3 30.9536 6.14904 -12.8491 2
RB4 34.2363 3.09135 -13.2706 2
RB5 37.5526 -0.492766 -13.6396 2
RB6 40.8689 -4.07688 -14.0085 3
RB7 44.1852 -7.66099 -14.3775 3
RB8 48.0151 -11.2283 -14.8693 2
RB9 51.3314 -14.8124 -15.2382 2
RB10 55.1613 -18.3797 -15.73 2
RB11 58.4441 -21.4374 -16.1516 0
RB12 61.7939 -25.548 -16.4679 0
RC1 24.8887 -5.92737 -1.8238 2
RC2 28.2386 -10.0379 -2.14017 3
RC3 30.8088 -13.7442 -3.34565 3
RC4 33.4125 -17.977 -4.49854 3
RC5 36.2152 -21.5779 -4.74465 3
RC6 39.3325 -25.7938 -6.02039 2
RC7 42.1688 -29.9211 -6.21392 3
RC8 45.0051 -34.0485 -6.40745 2
RC9 47.5753 -37.7548 -7.61292 0
RC10 50.9251 -41.8653 -7.92929 0
RC11 53.7614 -45.9926 -8.12282 0
RC12 56.7967 -49.4881 -7.40957 0
RM1 18.6895 63.5046 19.3663 3
RM2 22.6512 61.622 19.6761 3
RM3 27.3592 59.8615 20.8225 3
RM4 31.8345 57.9957 21.0094 3
RM5 36.3099 56.1298 21.1964 3
RM6 41.0178 54.3694 22.3427 3
RM7 45.4931 52.5035 22.5297 2
RM8 50.4821 50.6544 22.5939 3
RM9 54.9574 48.7886 22.7808 2
RM10 59.1518 47.0113 24.05 0
RM11 63.6271 45.1455 24.237 0
RM12 68.1025 43.2796 24.424 0
RK1 43.481 27.7601 10.453 2
RK2 43.1703 27.1839 15.7235 2
RK3 42.8259 27.1341 20.9414 3
RK4 42.2826 26.4524 25.2526 3
RK5 42.4854 25.893 30.4003 2
RK6 42.4221 25.7546 34.536 2
RK7 42.6249 25.1952 39.6837 2
RK8 42.2806 25.1454 44.9016 2
RK9 41.7037 24.9902 49.1602 3
RK10 41.1604 24.3085 53.4714 2
RK11 40.0215 24.3305 59.8944 2
RK12 38.931 24.1585 64.2758 1
