RA1 15.1972 18.5585 0.126358 2
RA2 19.651 19.2543 -1.32651 2
RA3 24.7847 19.7061 -1.71269 2
RA4 29.9185 20.158 -2.09887 1
RA5 34.4817 20.5597 -2.44214 3
RA6 39.0449 20.9613 -2.78541 3
RA7 44.2933 20.7123 -2.46747 2
RA8 49.4269 21.1642 -2.85365 2
RA9 54.1049 20.8651 -2.49281 1
RA10 59.8036 21.7736 -2.51641 1
RA11 64.3669 22.1753 -2.85969 0
RA12 69.5005 22.6272 -3.24587 0
RB1 17.2998 12.9478 -1.53933 2
RB2 21.9883 11.8355 -1.98944 2
RB3 27.2472 10.7735 -2.48246 2
RB4 31.9357 9.66126 -2.93258 3
RB5 36.6242 8.54904 -3.38269 2
RB6 41.4273 6.73603 -3.12868 3
RB7 46.1105 6.03035 -3.17332 3
RB8 50.8042 4.51156 -4.02891 3
RB9 55.4874 3.80588 -4.07354 3
RB10 60.8609 2.04308 -3.86244 2
RB11 65.5494 0.930846 -4.31256 2
RB12 70.3472 -0.475603 -3.65307 0
RC1 26.2925 1.13308 -3.40027 2
RC2 31.0956 -0.679916 -3.14626 3
RC3 35.3283 -2.54313 -2.84935 2
RC4 40.1315 -4.35613 -2.59534 3
RC5 44.8199 -5.46836 -3.04545 2
RC6 49.6283 -7.68792 -3.19693 2
RC7 53.8611 -9.55116 -2.90001 2
RC8 58.6642 -11.3642 -2.64601 2
RC9 63.4673 -13.1771 -2.392 1
RC10 68.8408 -14.94 -2.1809 0
RC11 72.9589 -16.1023 -2.58811 0
RC12 77.7673 -18.322 -2.73958 0
RD1 15.1319 38.382 7.08431 2
RD2 17.6112 39.6207 10.7538 2
RD3 19.6293 40.5148 15.5758 3
RD4 21.6528 41.0025 19.9923 3
RD5 23.671 41.8966 24.8142 2
RD6 25.1241 42.3341 29.2737 2
RD7 27.1475 42.8217 33.6902 2
RD8 29.171 43.3093 38.1067 3
RD9 31.1945 43.7969 42.5232 2
RD10 33.218 44.2846 46.9397 2
RD11 35.8118 44.8225 51.3133 3
RD12 37.8353 45.3101 55.7298 2
RE1 30.1911 51.6889 -7.68803 1
RE2 32.8484 47.3481 -8.18019 2
RE3 34.9351 42.957 -8.62944 2
RE4 37.022 38.566 -9.07869 1
RE5 39.7887 33.931 -8.46126 2
RE6 41.2998 29.8964 -8.46212 2
RE7 43.5013 24.8046 -8.20725 2
RE8 45.6975 20.1194 -7.54691 2
RE9 47.3234 15.384 -6.84365 2
RE10 49.4048 11.3995 -6.88742 2
RE11 51.6011 6.71427 -6.22708 2
RE12 53.6827 2.72982 -6.27085 3
RF1 5.04325 56.2226 32.1635 3
RF2 10.2915 55.9737 32.4815 3
RF3 15.4252 56.4255 32.0953 3
RF4 20.1031 56.1264 32.4561 3
RF5 25.2368 56.5782 32.07 3
RF6 30.4798 56.7359 32.7934 3
RF7 35.0431 57.1375 32.4501 3
RF8 40.2914 56.8886 32.7681 3
RF9 44.8547 57.2903 32.4248 2
RF10 50.103 57.0413 32.7427 0
RF11 55.2367 57.4932 32.3565 0
RF12 59.9146 57.1941 32.7174 0
RG1 25.6525 32.7039 9.66176 2
RG2 30.1893 35.1383 11.3459 2
RG3 34.1558 37.5225 13.0729 2
RG4 38.2368 39.206 15.5041 1
RG5 42.3233 40.4829 17.5297 1
RG6 46.8654 42.5107 18.8084 1
RG7 51.4022 44.9451 20.4925 1
RG8 54.8036 46.8726 21.857 0
RG9 59.9161 48.9506 23.0927 0
RG10 64.3436 51.6793 23.6673 0
RG11 69.2268 55.1589 23.4948 0
RG12 72.6335 56.6797 24.4537 0
RH1 27.1661 -5.91 -7.71165 2
RH2 31.063 -9.6315 -6.36907 2
RH3 34.84 -12.2457 -5.32513 2
RH4 38.7263 -15.1541 -3.1716 2
RH5 42.4927 -16.9552 -1.31669 2
RH6 46.2643 -19.1627 0.132724 3
RH7 50.1454 -21.6646 2.69174 3
RH8 54.4822 -23.4154 4.50373 1
RH9 58.8189 -25.1663 6.31572 2
RH10 62.6947 -27.2616 9.28022 1
RH11 67.0315 -29.0125 11.0922 0
RH12 70.9125 -31.5143 13.6512 0
