LA1 -14.9742 20.2848 4.51895 2
LA2 -19.3043 19.8683 4.82623 2
LA3 -24.6557 19.4586 6.16085 2
LA4 -28.9858 19.0421 6.46813 2
LA5 -34.3373 18.6324 7.80275 3
LA6 -39.2244 18.1686 9.17161 3
LA7 -44.0188 17.8063 9.44464 3
LA8 -48.9059 17.3424 10.8135 2
LA9 -53.7638 17.28 12.4226 2
LA10 -58.5291 17.3191 12.9358 2
LA11 -62.9518 16.801 14.3389 0
LA12 -67.839 16.3372 15.7078 0
LB1 -22.4291 12.6081 3.61889 2
LB2 -26.9686 10.4841 4.06118 2
LB3 -31.508 8.36015 4.50348 2
LB4 -35.9256 6.73921 4.09015 3
LB5 -40.5868 4.11216 5.38807 3
LB6 -44.6619 1.93394 5.8646 3
LB7 -49.1722 0.211401 6.54709 3
LB8 -53.7117 -1.9126 6.98939 2
LB9 -57.7575 -3.68934 7.70612 2
LB10 -63.3476 -6.20795 8.93556 1
LB11 -66.9291 -8.03893 9.68653 0
LB12 -71.4685 -10.1629 10.1288 0
LC1 -32.0073 15.5719 22.6975 3
LC2 -36.4009 15.4553 24.3408 2
LC3 -40.9455 14.4341 26.5995 1
LC4 -45.461 13.8144 29.0984 2
LC5 -49.8545 13.6978 30.7417 2
LC6 -54.3699 13.0781 33.2407 2
LC7 -59.3497 12.5126 35.7053 2
LC8 -63.3081 11.9403 37.1427 1
LC9 -68.2878 11.3748 39.6073 0
LC10 -72.6815 11.2581 41.2506 0
LC11 -76.7324 10.5842 43.7838 0
LC12 -81.1261 10.4676 45.4271 0
LD1 -31.5619 34.5711 21.0754 3
LD2 -36.6988 34.7661 20.4586 2
LD3 -41.8358 34.9611 19.8417 2
LD4 -46.5084 35.1019 19.2592 2
LD5 -51.6453 35.2968 18.6423 2
LD6 -56.8749 35.3903 19.1213 0
LD7 -61.5475 35.5311 18.5388 0
LD8 -66.6844 35.726 17.9219 0
LD9 -71.7922 36.3225 17.5453 0
LD10 -76.9583 36.1161 16.6883 0
LD11 -82.6231 36.6651 17.3733 0
LD12 -83.9286 38.0322 17.9912 0
LE1 -5.76218 -22.7612 29.609 3
LE2 -10.766 -24.8309 30.0171 3
LE3 -14.7192 -26.506 29.638 3
LE4 -19.6012 -28.0727 29.1904 3
LE5 -24.1406 -30.1967 29.6327 3
LE6 -28.6801 -32.3207 30.075 3
LE7 -33.2195 -34.4447 30.5173 3
LE8 -37.7589 -36.5687 30.9596 3
LE9 -42.1765 -38.1897 30.5463 3
LE10 -46.2516 -40.3679 31.0228 2
LE11 -50.7911 -42.4919 31.4651 2
LE12 -55.3305 -44.6159 31.9074 1
LF1 3.79853 -1.33972 36.5527 3
LF2 -1.08342 -2.90638 36.1051 3
LF3 -6.05804 -4.57465 36.7534 3
LF4 -10.4756 -6.19564 36.3401 3
LF5 -14.8641 -7.41506 36.167 3
LF6 -19.8971 -9.8863 36.3348 3
LF7 -24.3147 -11.5073 35.9215 3
LF8 -28.7614 -13.5297 35.268 3
LF9 -33.179 -15.1506 34.8546 3
LF10 -37.7476 -17.6761 35.0567 3
LF11 -42.6588 -19.6442 34.369 2
LF12 -47.1055 -21.6667 33.7154 2
LG1 -2.41947 -30.6412 35.9705 2
LG2 -6.99323 -32.0638 37.9891 2
LG3 -11.0735 -33.1392 40.282 2
LG4 -15.6472 -34.562 42.3005 3
LG5 -19.7567 -36.0388 44.3533 3
LG6 -23.866 -37.5157 46.406 2
LG7 -27.9755 -38.9926 48.4588 2
LG8 -32.5493 -40.4152 50.4773 2
LG9 -36.7805 -42.3951 53.3857 2
LG10 -40.8607 -43.4705 55.6786 1
LG11 -44.8483 -44.4443 56.8758 1
LG12 -48.9577 -45.9212 58.9285 0
LH1 -13.9505 48.4162 9.51724 3
LH2 -14.547 50.1731 13.9715 3
LH3 -15.7004 51.8824 19.4873 3
LH4 -16.8831 53.1904 24.7629 3
LH5 -17.9439 55.0014 29.1828 3
LH6 -19.1266 56.3094 34.4584 3
LH7 -19.8448 57.5631 39.7683 3
LH8 -20.9057 59.3742 44.1883 2
LH9 -22.0883 60.6821 49.4639 2
LH10 -23.271 61.9901 54.7395 2
LH11 -24.3318 63.8011 59.1595 3
LH12 -25.5145 65.1091 64.4351 2
LI1 -4.19757 40.2591 -0.902489 1
LI2 -4.7357 42.8188 4.03213 2
LI3 -5.27384 45.3787 8.96676 3
LI4 -6.30548 47.5911 13.6269 3
LI5 -6.84362 50.1508 18.5616 3
LI6 -7.41092 52.3092 23.256 3
LI7 -8.29156 55.4261 27.3007 3
LI8 -9.29403 58.0401 32.2011 3
LI9 -9.83216 60.5999 37.1358 3
LI10 -10.2776 63.2612 40.9746 3
LI11 -11.2801 65.8752 45.8749 3
LI12 -11.8182 68.4349 50.8096 3
LJ1 2.29565 52.3693 58.5671 2
LJ2 -2.44044 52.8099 59.3206 2
LJ3 -7.29836 52.7475 60.9296 3
LJ4 -12.6498 52.3378 62.2642 3
LJ5 -17.3859 52.7785 63.0177 2
LJ6 -22.2438 52.7161 64.6267 2
LJ7 -26.9799 53.1568 65.3802 2
LJ8 -32.3313 52.7471 66.7148 2
LJ9 -37.0674 53.1877 67.4682 1
LJ10 -41.9253 53.1254 69.0773 0
LJ11 -47.1258 53.6202 69.7965 0
LJ12 -51.9837 53.5578 71.4056 0
LK1 4.59468 81.0024 27.8109 1
LK2 4.44984 78.4329 32.1232 2
LK3 4.21235 75.7618 37.5314 1
LK4 3.72508 73.7495 40.9539 2
LK5 3.11588 71.2342 45.232 2
LK6 2.50672 68.7188 49.51 2
LK7 1.4332 66.2578 53.7539 2
LK8 0.79486 63.341 57.7918 2
LK9 -0.278655 60.8799 62.0356 2
LK10 -0.917003 57.9631 66.0735 3
LK11 -1.52617 55.4477 70.3516 3
LK12 -2.25718 52.4293 75.4853 2
LL1 -26.3175 80.9465 36.2325 3
LL2 -26.9851 77.6282 40.0302 2
LL3 -27.6526 74.31 43.8279 2
LL4 -27.3914 70.8832 47.694 2
LL5 -27.5945 67.5107 51.526 2
LL6 -27.3334 64.084 55.3921 2
LL7 -26.9504 61.1604 58.4027 2
LL8 -26.5966 57.8352 61.173 2
LL9 -26.3645 54.007 64.799 2
LL10 -25.6391 50.5261 68.6994 2
LL11 -24.7917 47.5483 71.7442 2
LL12 -24.0954 43.6658 75.4044 2
LM1 3.60838 27.1144 64.9428 2
LM2 -1.09339 26.8538 64.12 2
LM3 -6.38133 26.1442 64.1186 2
LM4 -11.0539 26.285 63.5361 3
LM5 -16.22 26.0786 62.679 3
LM6 -21.4789 25.7705 62.9178 3
LM7 -26.1806 25.5098 62.0951 2
LM8 -31.3176 25.7048 61.4782 2
LM9 -36.0193 25.4441 60.6555 2
LM10 -41.2781 25.136 60.8943 1
LM11 -45.9507 25.2768 60.3117 1
LM12 -51.0876 25.4717 59.6949 1
LN1 -27.5705 50.7707 -7.40025 2
LN2 -28.1059 45.7499 -8.09101 2
LN3 -28.9838 41.2863 -9.67164 2
LN4 -29.49 36.6669 -10.1222 2
LN5 -30.118 31.5446 -9.71714 3
LN6 -31.0594 27.3808 -9.96175 2
LN7 -31.6875 22.2584 -9.5567 2
LN8 -32.2864 17.5375 -8.91145 2
LN9 -32.8853 12.8165 -8.26619 2
LN10 -33.9192 8.55124 -7.41498 2
LN11 -34.5181 3.83027 -6.76973 2
LN12 -35.5813 -0.836503 -6.15872 2
LO1 5.0254 51.8248 39.9357 1
LO2 -0.296836 51.8166 41.5106 2
LO3 -5.52644 51.91 41.9896 3
LO4 -9.79819 52.2963 42.7772 3
LO5 -14.9986 52.7913 43.4964 3
LO6 -19.8857 52.3273 44.8653 3
LO7 -24.6218 52.768 45.6187 3
LO8 -29.9732 52.3584 46.9534 3
LO9 -34.7094 52.799 47.7068 3
LO10 -39.5964 52.3351 49.0757 2
LO11 -44.3326 52.7758 49.8291 2
LO12 -49.2196 52.3119 51.198 1
LP1 2.72877 31.3775 45.1178 2
LP2 -2.47165 31.8723 45.837 3
LP3 -7.08591 32.8161 45.7349 3
LP4 -12.3155 32.9094 46.2139 3
LP5 -17.4233 33.5059 45.8372 3
LP6 -22.1594 33.9466 46.5907 3
LP7 -27.2672 34.543 46.2141 3
LP8 -32.375 35.1395 45.8374 3
LP9 -37.6046 35.2329 46.3165 3
LP10 -42.2479 35.7752 45.9741 3
LP11 -47.3557 36.3716 45.5975 2
LP12 -52.5561 36.8665 46.3167 1
