RA1 18.9628 14.9983 -26.4388 2
RA2 24.0014 15.1332 -26.9446 2
RA3 28.4532 15.2247 -26.5027 2
RA4 33.9821 15.3152 -26.9645 2
RA5 39.0608 15.9403 -27.423 3
RA6 44.0028 15.9875 -26.9373 3
RA7 48.4947 16.5693 -26.4482 2
RA8 53.5333 16.7042 -26.9539 2
RA9 58.9655 16.7071 -26.4243 1
RA10 64.0442 17.3322 -26.8828 0
RA11 68.9863 17.3794 -26.3971 0
RA12 73.4782 17.9612 -25.908 0
RB1 20.6359 11.8717 -31.5951 3
RB2 25.4412 11.3411 -30.1652 2
RB3 30.3833 11.3883 -29.6794 3
RB4 34.7949 10.9896 -29.2847 3
RB5 40.0339 10.8174 -26.7722 2
RB6 44.976 10.8646 -26.2865 3
RB7 49.7813 10.334 -24.8565 2
RB8 54.6832 9.89101 -24.418 2
RB9 60.0188 9.80634 -22.8969 1
RB10 64.4306 9.40764 -22.5023 0
RB11 69.7661 9.32297 -20.9812 0
RB12 74.5715 8.79238 -19.5512 0
RC1 34.0261 -11.6342 -21.2724 3
RC2 37.7071 -14.9301 -21.2049 2
RC3 40.7613 -18.7596 -20.237 2
RC4 44.3457 -22.143 -19.1781 3
RC5 47.8901 -26.0168 -18.1664 2
RC6 50.9443 -29.8461 -17.1985 2
RC7 54.5287 -33.2296 -16.1395 1
RC8 57.5829 -37.0589 -15.1716 0
RC9 61.264 -40.3549 -15.1041 0
RC10 64.3582 -43.694 -14.089 0
RC11 67.9026 -47.5677 -13.0773 0
RC12 70.9969 -50.9068 -12.0622 0
RD1 32.7787 32.9386 -12.4127 2
RD2 37.3836 32.7151 -14.001 1
RD3 41.595 32.6235 -16.6246 1
RD4 46.1599 31.9097 -18.26 3
RD5 50.8615 31.7738 -20.8397 1
RD6 55.563 31.6379 -23.4195 0
RD7 59.6377 30.9685 -25.0988 0
RD8 64.2427 30.745 -26.687 0
RD9 68.9041 30.1188 -29.314 0
RD10 73.5091 29.8953 -30.9022 0
RD11 78.6444 30.1177 -32.3994 0
RD12 83.7796 30.3401 -33.8966 0
RE1 31.5669 18.6419 -7.7423 2
RE2 35.8255 18.5582 -5.31749 2
RE3 40.0275 18.8772 -1.85401 3
RE4 44.7764 18.7493 0.614655 2
RE5 48.5447 18.7099 2.99561 1
RE6 53.237 18.9846 6.50295 1
RE7 57.4956 18.9009 8.92776 0
RE8 61.3041 19.3518 11.3559 0
RE9 65.4661 19.1805 14.7722 0
RE10 70.6485 19.4109 18.3234 0
RE11 73.5332 19.5478 19.6252 0
RE12 76.1444 18.5289 22.8155 0
RF1 31.649 8.66082 -7.60754 2
RF2 36.7041 7.90277 -9.19916 2
RF3 41.3091 7.67927 -10.7874 2
RF4 45.874 6.96551 -12.4229 2
RF5 50.929 6.20746 -14.0145 2
RF6 55.4939 5.4937 -15.65 2
RF7 61.0392 4.69136 -17.1978 2
RF8 65.1139 4.0219 -18.8771 0
RF9 70.169 3.26381 -20.4687 0
RF10 74.147 2.50684 -21.1566 0
RF11 79.6922 1.7045 -22.7043 0
RF12 85.2941 0.499499 -25.2908 0
RG1 6.12234 48.4649 -21.7073 3
RG2 10.9677 48.4246 -20.2301 3
RG3 15.9498 48.962 -19.6972 3
RG4 20.8919 49.0093 -19.2114 2
RG5 25.8739 49.5468 -18.6785 2
RG6 30.7594 49.9966 -17.1541 2
RG7 35.2513 50.5784 -16.6649 2
RG8 40.627 50.984 -15.0967 3
RG9 45.6091 51.5215 -14.5637 1
RG10 50.0043 52.0157 -13.0832 0
RG11 54.9865 52.5531 -12.5502 0
RG12 59.8719 53.0031 -11.0258 0
RH1 7.25143 45.1596 1.30877 3
RH2 12.0568 44.6289 2.73875 3
RH3 16.8056 44.501 5.20741 3
RH4 21.6109 43.9703 6.6374 3
RH5 26.4162 43.4398 8.06737 3
RH6 31.2216 42.9092 9.49735 3
RH7 35.5367 42.4229 10.8835 2
RH8 40.8322 41.848 12.3573 3
RH9 45.5974 40.8271 13.7401 2
RH10 50.2661 39.7187 16.1143 0
RH11 54.5811 39.2324 17.5004 0
RH12 59.3465 38.2115 18.8832 0
RI1 -0.684374 15.5827 10.0256 3
RI2 4.29772 16.1202 10.5586 3
RI3 9.23977 16.1674 11.0443 2
RI4 14.2218 16.7049 11.5773 3
RI5 19.1638 16.7521 12.063 3
RI6 24.2826 17.8675 11.6518 3
RI7 28.7745 18.4492 12.1409 3
RI8 33.8933 19.5646 11.7296 2
RI9 38.4253 20.6366 12.2659 2
RI10 43.4475 21.6643 12.8461 3
RI11 48.6063 23.2699 12.482 2
RI12 53.1383 24.3419 13.0184 0
RJ1 17.5776 32.1076 -27.0794 2
RJ2 17.4317 34.6987 -22.8302 2
RJ3 17.6793 37.1578 -17.5457 3
RJ4 17.5334 39.7488 -13.2966 3
RJ5 17.3473 41.8498 -9.09465 3
RJ6 17.2013 44.4408 -4.84548 3
RJ7 17.5055 46.4973 -0.59969 3
RJ8 17.2629 49.0008 4.64093 3
RJ9 17.6071 51.5476 8.93394 3
RJ10 17.4211 53.6484 13.1359 2
RJ11 17.7253 55.7049 17.3817 2
RJ12 18.0294 57.7614 21.6275 2
RK1 0.0211175 55.6414 -18.6419 2
RK2 3.733 56.0047 -15.2223 2
RK3 6.91464 55.922 -11.8937 2
RK4 10.4898 55.7075 -7.52986 3
RK5 13.7115 56.1151 -4.15408 3
RK6 17.4234 56.4783 -0.734441 3
RK7 20.5083 56.3082 3.58557 2
RK8 23.73 56.7157 6.96137 3
RK9 26.9516 57.1233 10.3371 3
RK10 30.0768 57.4433 14.7044 2
RK11 33.692 57.7189 19.1155 1
RK12 36.48 57.7682 21.4087 0
RL1 34.7949 10.9896 -29.2847 3
RL2 36.2819 7.20554 -27.457 2
RL3 37.6887 2.44099 -25.7236 2
RL4 39.5292 -1.96532 -22.9077 3
RL5 40.9761 -6.23969 -21.1272 3
RL6 42.4231 -10.514 -19.3466 3
RL7 44.3602 -14.8326 -17.5222 3
RL8 45.8071 -19.107 -15.7416 3
RL9 47.254 -23.3813 -13.9611 3
RL10 48.6043 -27.7433 -11.189 2
RL11 50.5414 -32.0619 -9.36461 2
RL12 51.9882 -36.3363 -7.58404 2
RM1 41.6086 26.8396 -39.3238 2
RM2 41.5448 22.208 -37.722 2
RM3 41.481 17.5763 -36.1202 2
RM4 41.9075 12.9003 -34.4745 2
RM5 41.8437 8.26861 -32.8728 2
RM6 41.78 3.63692 -31.271 1
RM7 42.2064 -1.03908 -29.6253 1
RM8 42.1427 -5.67076 -28.0235 2
RM9 42.6256 -10.7494 -27.4166 2
RM10 42.602 -14.8908 -25.7676 2
RM11 42.9317 -19.6544 -23.1305 3
RM12 42.7714 -24.3737 -20.5372 2
