LAT1 -17.8853 37.6473 -18.0759 1
LAT2 -21.4142 30.074 -22.942 1
LAT3 -28.2669 23.9448 -26.0009 2
LAT4 -37.4554 20.6841 -24.0455 1
LDA1 -12.8639 21.2047 -3.64061 1
LDA2 -17.0844 21.2919 -6.03422 2
LDA3 -21.8783 21.2522 -7.4825 2
LDA4 -26.6102 20.7289 -8.9581 2
LDH1 -19.8751 8.67097 -7.15116 2
LDH2 -24.3107 9.65745 -8.49658 3
LDH3 -29.2576 10.0335 -8.92399 2
LDH4 -34.1425 9.92598 -9.37872 2
LPT1 -22.3786 -18.4982 -3.19564 2
LPT2 -28.0966 -12.0396 -8.31108 2
LPT3 -33.3944 -5.03822 -13.351 2
LPT4 -39.5715 2.66775 -15.4038 1
RAT1 15.5172 22.3593 -12.034 2
RAT2 22.2185 22.1604 -19.4858 1
RAT3 30.1228 22.4867 -24.7786 2
RAT4 39.5593 23.8132 -26.8433 1
RDA1 9.11607 22.4817 -2.54686 1
RDA2 14.0009 22.5893 -2.09213 2
RDA3 19.0388 22.281 -2.65826 2
RDA4 23.9856 21.905 -2.23084 2
RDH1 15.0725 8.85491 -0.918306 1
RDH2 19.8334 9.92958 -0.408927 2
RDH3 24.8093 10.1049 -0.947728 2
RDH4 29.7851 10.2803 -1.48654 2
RG1 37.4828 30.8128 -24.5428 1
RG2 44.3474 24.6079 -21.318 1
RG3 47.0518 17.1755 -14.532 2
RG4 51.3231 10.5394 -9.56122 2
RG5 53.5452 3.04789 -2.82347 3
RG6 55.7053 -3.96011 3.9416 2
RG7 56.3276 -11.2133 11.5556 2
RG8 56.0762 -18.5168 18.0796 2
RG9 41.4941 38.4451 -19.6285 1
RG10 46.3096 31.3847 -14.6368 2
RG11 49.5253 24.5627 -8.76885 2
RG12 51.8093 16.5876 -2.05843 2
RG13 53.9075 10.063 4.73398 3
RG14 53.9855 3.23441 12.3271 2
RG15 54.8846 -5.4017 18.8656 3
RG16 55.2066 -12.5783 24.4443 2
RG17 43.7274 44.594 -9.94579 2
RG18 47.4874 37.3475 -4.05696 3
RG19 48.2916 30.23 1.56995 2
RG20 49.1909 21.594 8.10844 2
RG21 51.475 13.6188 14.8189 2
RG22 52.6995 7.04393 20.5213 3
RG23 52.6011 -0.675368 26.0245 2
RG24 53.08 -9.85404 32.4875 2
RG25 41.167 50.7032 -1.71136 1
RG26 44.9889 42.9731 4.15015 2
RG27 46.3994 34.9476 9.77062 2
RG28 47.5329 28.3049 16.4666 2
RG29 49.908 20.3975 22.1835 2
RG30 51.8008 12.4311 27.8522 2
RG31 52.0938 4.70305 34.3971 2
RG32 51.9335 -2.53269 39.9276 2
RG33 38.7333 -28.3299 65.1401 0
RG34 43.1665 -19.3236 64.1478 1
RG35 47.2374 -9.7573 61.1475 1
RG36 48.1184 -2.05542 57.7278 1
RG37 48.298 8.07303 53.403 2
RG38 47.9141 15.7332 47.8516 2
RG39 46.2266 25.1417 43.3066 3
RG40 44.3338 33.1081 37.6379 2
RG41 43.9105 -32.7016 58.2704 1
RG42 49.2463 -23.0935 57.4018 2
RG43 51.6031 -14.6629 53.1605 2
RG44 50.9132 -6.17117 49.6509 2
RG45 50.3433 2.93968 44.1814 2
RG46 49.7443 11.4992 39.6782 2
RG47 48.6921 20.551 34.1606 3
RG48 46.7083 28.4496 29.4855 3
RG49 21.48 87.8099 21.161 1
RG50 29.9638 84.2593 24.7152 1
RG51 36.3172 77.444 28.858 1
RG52 39.9918 69.3748 31.6633 2
RG53 41.9233 59.6184 34.1939 2
RG54 43.3725 49.8029 36.6763 2
RG55 44.7597 40.471 39.1859 2
RG56 45.7557 31.1478 40.6539 2
RG57 18.5941 91.8579 30.2315 1
RG58 26.2375 87.222 33.6346 1
RG59 31.7503 79.3214 37.6263 1
RG60 36.3894 71.3704 40.5281 1
RG61 39.7058 62.2749 43.2306 1
RG62 42.5399 53.1202 45.8849 2
RG63 44.4094 43.8474 48.4428 2
RG64 45.9206 33.5484 50.8978 2
RMT1 15.6692 2.71294 -4.30233 1
RMT2 23.4784 4.55783 -10.5067 1
RMT3 32.4286 7.41143 -14.5247 1
RMT4 41.2258 10.6809 -17.5219 1
ROF1 -12.243 50.7503 -1.56737 1
ROF2 -3.98211 51.2715 -0.775189 1
ROF3 7.2635 52.2152 -0.687319 1
ROF4 15.9157 52.7279 1.1466 1
ROF5 25.6234 53.4265 2.08339 1
ROF6 34.7619 52.4119 5.87063 1
RP1 6.80803 -49.112 63.8173 1
RP2 15.2026 -44.3239 67.9324 0
RP3 22.7815 -38.4834 69.0252 0
RP4 30.3894 -32.0916 69.1517 0
RP5 37.5441 -25.2075 68.2638 0
RP6 43.4338 -18.3652 65.2442 1
RP7 47.2374 -9.7573 61.1475 1
RP8 49.2649 -1.80156 55.8371 1
RPT1 22.9645 -31.2651 -5.95305 2
RPT2 30.8455 -24.6699 -8.80715 2
RPT3 37.6708 -18.2606 -10.7641 2
RPT4 44.9784 -11.7923 -12.6729 1
RTO1 19.7286 -64.7194 37.7665 2
RTO2 29.5234 -62.3667 35.8046 2
RTO3 38.5879 -58.1388 33.9039 1
RTO4 46.5018 -52.5786 31.9887 1
RTO5 52.4206 -45.1849 28.0028 1
RTO6 55.9279 -38.0867 23.776 1
