LF1 -12.04 54.0229 55.9655 3
LF2 -15.0616 57.4154 53.6435 3
LF3 -18.0833 60.8079 51.3214 3
LF4 -21.1049 64.2003 48.9994 3
LF5 -23.1823 67.8102 46.1289 2
LF6 -26.2039 71.2027 43.8069 0
LF7 -28.2477 74.5199 41.3495 0
LF8 -30.2579 77.5447 39.3051 0
LG1 36.0217 50.3734 37.4695 2
LG2 31.3922 53.2801 38.0593 2
LG3 27.5604 55.2851 37.9378 3
LG4 22.9645 57.8993 38.9406 3
LG5 19.2228 60.3175 39.107 3
LG6 14.5368 62.5184 39.8219 3
LG7 10.8853 65.3499 40.2764 3
LG8 6.19928 67.5508 40.9912 3
LG9 2.54767 70.3823 41.4456 2
LG10 -2.13833 72.5832 42.1605 2
LG11 -5.88 75.0015 42.3269 2
LG12 -10.566 77.2024 43.0418 2
LD1 14.1167 55.3312 48.4678 3
LD2 11.8591 58.1145 45.0214 3
LD3 10.5794 60.8225 41.4396 3
LD4 8.28831 63.8983 37.5802 3
LD5 6.12085 67.0949 34.4217 3
LD6 3.80673 69.1724 31.1003 3
LD7 1.54919 71.9556 27.6539 3
LD8 -0.674789 74.4464 24.6205 2
LD9 -3.02247 76.8164 20.8861 1
LD10 -5.21291 79.0146 18.2657 0
LD11 -8.48186 82.1657 14.5417 0
LD12 -11.7508 85.3167 10.8176 0
LE1 -12.8893 41.1039 53.0486 2
LE2 -15.1804 44.1797 49.1892 2
LE3 -16.5502 46.4745 45.3194 3
LE4 -18.8979 48.8446 41.585 3
LE5 -20.2111 51.8452 37.5902 3
LE6 -22.4687 54.6285 34.1438 3
LE7 -23.7483 57.3366 30.5619 3
LE8 -26.0059 60.1199 27.1156 3
LB1 24.4524 16.7948 6.29955 2
LB2 22.6195 14.734 2.47892 3
LB3 19.8088 12.7484 -1.20624 2
LB4 16.9981 10.7629 -4.89147 3
LB5 15.1317 8.99465 -9.1251 2
LB6 13.2988 6.93391 -12.9457 2
LB7 11.3423 4.75243 -17.4672 2
LB8 8.5316 2.76686 -21.1525 3
LB9 6.66522 0.998654 -25.3861 3
LB10 4.83235 -1.06209 -29.2067 3
LB11 2.96592 -2.83038 -33.4403 2
LB12 1.09954 -4.59858 -37.6739 3
LC1 10.5159 42.5452 15.2505 3
LC2 6.12129 43.4041 18.7315 3
LC3 2.76104 44.8936 21.9521 2
LC4 -0.655767 45.6773 25.2977 2
LC5 -4.10611 46.7536 28.2302 3
LC6 -7.52292 47.5373 31.5758 3
LC7 -10.9733 48.6135 34.5084 3
LC8 -14.3901 49.3973 37.8539 3
LC9 -18.8183 50.5487 40.9219 2
LC10 -22.212 52.3308 43.7295 2
LC11 -25.696 53.6995 46.249 2
LC12 -30.1241 54.851 49.3169 3
LA1 21.6413 15.8928 14.6394 2
LA2 19.17 18.1422 10.2039 2
LA3 17.8002 20.437 6.33407 2
LA4 16.4303 22.7318 2.46428 2
LA5 15.027 25.3191 -1.81849 3
LA6 13.5336 27.4932 -6.38927 3
LA7 12.1637 29.7881 -10.2592 3
LA8 10.884 32.4962 -13.8409 3
LI1 40.7508 39.758 4.484 3
LI2 37.9507 36.4815 1.74985 3
LI3 35.1505 33.2051 -0.984215 3
LI4 32.3503 29.9286 -3.71838 3
LI5 29.5165 26.9447 -6.86552 3
LI6 26.8965 24.4948 -9.02363 2
LI7 23.9161 20.3918 -12.3338 3
LI8 21.1159 17.1153 -15.0679 2
LI9 19.2936 13.7638 -17.9374 2
LI10 16.5835 10.9006 -20.3836 3
LI11 14.7611 7.54885 -23.253 3
LI12 11.8708 3.85913 -26.2752 3
RD1 19.8989 44.7672 60.4316 3
RD2 21.3022 42.1798 64.7144 3
RD3 22.6721 39.885 68.5842 3
RD4 23.9853 36.8844 72.579 3
RD5 26.3329 34.5144 76.3134 3
RD6 27.7363 31.927 80.5962 3
RD7 28.9824 29.5115 83.765 2
RD8 31.3637 26.8489 87.9125 2
RD9 32.6433 24.1408 91.4942 2
RD10 34.0131 21.846 95.364 0
RD11 35.3264 18.8454 99.3589 0
RD12 36.5725 16.4299 102.528 0
RE1 -14.4341 32.8727 61.667 2
RE2 -13.9185 30.7738 66.3732 3
RE3 -13.5265 28.5543 70.3784 3
RE4 -14.0789 26.1172 74.932 3
RE5 -13.6869 23.8977 78.9371 2
RE6 -13.2614 21.3855 83.3554 3
RE7 -13.8473 19.2411 87.4959 3
RE8 -13.3317 17.1422 92.2021 3
RF1 -7.40527 41.4168 68.4398 3
RF2 -7.95763 38.9798 72.9933 3
RF3 -7.44201 36.8809 77.6996 2
RF4 -8.0279 34.7365 81.8402 2
RF5 -7.51229 32.6377 86.5463 2
RF6 -7.03025 30.8313 90.8395 2
RF7 -7.61613 28.6869 94.9801 2
RF8 -7.19065 26.1747 99.3983 1
RF9 -6.76514 23.6626 103.816 0
RF10 -7.35101 21.5182 107.957 0
RF11 -7.84679 19.787 112.386 0
RF12 -8.25249 18.4691 117.102 0
RG1 33.3233 29.3596 53.9189 3
RG2 29.9295 31.1417 56.7264 3
RG3 26.5693 32.6312 59.947 3
RG4 22.3213 34.6092 63.5909 3
RG5 19.0512 36.512 67.0995 2
RG6 16.6688 37.9263 70.1847 3
RG7 13.3987 39.8291 73.6932 3
RG8 10.0384 41.3186 76.9138 3
RG9 6.76828 43.2214 80.4223 3
RG10 3.3745 45.0034 83.2298 3
RG11 0.104388 46.9062 86.7384 2
RG12 -2.33461 47.6147 89.9485 3
RA1 34.6609 5.99846 46.4779 2
RA2 35.9741 2.99782 50.4728 2
RA3 36.2759 0.364974 54.1899 2
RA4 37.6793 -2.2224 58.4728 3
RA5 37.9811 -4.85531 62.19 3
RA6 39.2944 -7.85594 66.1848 3
RA7 39.7199 -10.3681 70.603 3
RA8 40.1454 -12.8802 75.0212 3
RB1 35.7001 -6.48591 42.4643 3
RB2 34.6972 -10.9892 45.5779 2
RB3 33.7174 -14.4941 48.1535 2
RB4 32.7711 -18.2916 51.1421 2
RB5 31.7346 -22.5024 53.8428 3
RB6 30.6982 -26.7131 56.5434 3
RB7 29.6618 -30.9239 59.2441 3
RB8 28.5918 -34.8421 61.5316 3
RC1 26.3734 2.07991 66.8678 2
RC2 21.6308 3.575 67.7077 2
RC3 17.0119 5.19083 69.2485 2
RC4 12.2694 6.68592 70.0884 2
RC5 7.56033 7.88845 71.3414 2
RC6 2.90787 9.79679 72.4693 3
RC7 -0.856845 11.2167 73.1738 3
RC8 -5.50932 13.1251 74.3016 3
RC9 -10.2519 14.6202 75.1415 3
RC10 -14.8708 16.2359 76.6825 3
RC11 -18.5454 18.0691 77.6749 3
RC12 -23.1643 19.6849 79.2158 3
RH1 39.4632 59.751 72.013 2
RH2 35.359 56.936 73.4676 3
RH3 31.1313 54.0004 74.2213 3
RH4 27.8813 50.9895 74.8397 3
RH5 23.7772 48.1745 76.2943 3
RH6 19.5494 45.2388 77.0481 3
RH7 15.2881 42.5957 77.3888 3
RH8 12.1283 39.998 78.2951 3
RH9 7.90052 37.0624 79.0488 3
RH10 3.67274 34.1267 79.8024 2
RH12 -3.80499 28.18 81.1744 3
RH11 0.422794 31.1157 80.4208 3
RJ1 -17.3142 -20.7377 35.4482 3
RJ2 -16.2713 -24.9781 38.579 3
RJ3 -16.1496 -28.4375 41.7203 3
RJ4 -15.0166 -32.2647 45.1392 3
RJ5 -13.9171 -35.7993 48.145 3
RJ6 -12.8176 -39.3339 51.1508 3
RJ7 -11.7181 -42.8686 54.1567 3
RJ8 -11.563 -46.6205 57.7108 3
RJ9 -10.4635 -50.1552 60.7167 2
RJ10 -9.36401 -53.6897 63.7225 3
RJ11 -8.23098 -57.5169 67.1414 2
RJ12 -7.13149 -61.0515 70.1472 0
