LA1 -10.4844 4.54474 6.67185 1
LA2 -15.9121 4.54149 7.46388 2
LA3 -20.8795 4.42308 7.13713 2
LA4 -25.8249 4.34355 7.92232 2
LA5 -30.7198 4.66574 7.79315 3
LA6 -35.6872 4.54733 7.4664 3
LA7 -40.6326 4.4678 8.25159 3
LA8 -45.6 4.3494 7.92484 2
LA9 -50.5454 4.26987 8.71003 2
LA10 -55.5128 4.15146 8.38328 2
LA11 -60.4582 4.07193 9.16847 0
LA12 -65.4256 3.95353 8.84172 0
LB1 -23.1589 -6.80062 6.45461 2
LB2 -27.8901 -8.67994 7.55458 2
LB3 -32.5489 -10.1187 8.85213 3
LB4 -37.1571 -11.1557 9.23532 3
LB5 -42.2981 -12.5181 10.5397 3
LB6 -46.9569 -13.9568 11.8373 3
LB7 -51.0103 -14.6295 12.4112 2
LB8 -56.1294 -15.9531 14.8275 2
LB9 -60.7157 -16.9512 16.3227 1
LB10 -65.3745 -18.3899 17.6202 0
LB11 -69.9607 -19.3881 19.1153 0
LB12 -74.6195 -20.8268 20.4129 0
LC1 -26.1093 -18.907 3.15988 2
LC2 -29.2016 -22.8538 3.44215 2
LC3 -32.2939 -26.8006 3.72443 3
LC4 -35.3862 -30.7474 4.0067 3
LC5 -38.4785 -34.6942 4.28897 3
LC6 -41.5708 -38.6411 4.57125 2
LC7 -45.0728 -42.071 5.05794 3
LC8 -48.1651 -46.0178 5.34022 3
LC9 -51.7396 -49.8883 5.62933 2
LC10 -55.2417 -53.3183 6.11603 1
LC11 -58.334 -57.2651 6.39831 0
LC12 -61.836 -60.695 6.885 0
LD1 -26.2584 12.6053 24.6519 3
LD2 -30.4822 13.8101 27.135 2
LD3 -34.7785 14.5744 29.4205 2
LD4 -39.0023 15.7792 31.9035 3
LD5 -43.2986 16.5435 34.189 2
LD6 -47.5224 17.7483 36.672 1
LD7 -51.3364 18.4363 38.9506 0
LD8 -55.5602 19.6411 41.4337 0
LE1 -1.61935 36.5241 31.055 3
LE2 -6.63729 36.004 31.6426 3
LE3 -11.5322 36.3262 31.5134 3
LE4 -16.4995 36.2078 31.1867 3
LE5 -21.5175 35.6876 31.7743 3
LE6 -26.4848 35.5692 31.4475 2
LE7 -31.5028 35.0491 32.0352 2
LE8 -36.5426 34.4901 31.5108 2
LE9 -41.0784 33.8937 32.0916 2
LE10 -46.1182 33.3347 31.5673 0
LE11 -51.1362 32.8146 32.1549 0
LE12 -56.1541 32.2944 32.7425 0
LF1 -2.14485 -60.3757 28.9188 2
LF2 -7.0178 -60.0146 29.9016 3
LF3 -11.8402 -59.2519 29.97 3
LF4 -16.7131 -58.8908 30.9528 3
LF5 -21.5355 -58.128 31.0212 3
LF6 -26.4085 -57.7669 32.004 3
LF7 -31.2308 -57.0042 32.0724 3
LF8 -36.0532 -56.2414 32.1408 3
LF9 -41.4084 -55.804 33.1304 3
LF10 -46.2308 -55.0412 33.1988 3
LF11 -51.1037 -54.6802 34.1816 2
LF12 -55.9261 -53.9174 34.25 2
LG1 -9.60684 43.8063 14.1268 3
LG2 -10.9692 41.0691 18.3172 3
LG3 -12.3315 38.3318 22.5075 3
LG4 -13.6213 36.0352 26.8954 3
LG5 -14.8606 34.1403 30.369 3
LG6 -16.1504 31.8436 34.7569 3
LG7 -17.9225 29.6233 39.1517 3
LG8 -19.1398 27.7672 43.7372 3
LG9 -20.3571 25.9112 48.3227 3
LG10 -21.5964 24.0162 51.7962 3
LG11 -22.8137 22.1602 56.3817 3
LG12 -23.6213 19.7873 60.7628 3
RA1 20.0449 3.74195 6.914 2
RA2 24.9178 3.38089 5.93122 2
RA3 29.7688 2.98095 3.8365 3
RA4 34.1596 2.69616 2.86056 3
RA5 39.0325 2.3351 1.87779 3
RA6 44.0285 2.81635 0.178231 3
RA7 48.4917 2.97216 -0.600121 3
RA8 53.9194 2.97542 -1.39216 2
RA9 58.8649 3.05495 -2.17735 1
RA10 63.2556 2.77016 -3.15328 0
RA11 68.2516 3.25142 -4.85284 0
RA12 72.7148 3.40723 -5.63119 0
RB1 26.444 -7.92172 -4.41838 2
RB2 31.1433 -9.52682 -3.77001 2
RB3 35.8426 -11.1319 -3.12164 3
RB4 40.5419 -12.737 -2.47327 3
RB5 45.1688 -14.7827 -2.02248 3
RB6 49.8681 -16.3878 -1.37411 3
RB7 54.618 -17.5912 -1.64011 2
RB8 59.3173 -19.1963 -0.991736 2
RB9 64.0166 -20.8014 -0.343367 1
RB10 68.2337 -22.3302 0.311845 0
RB11 73.4152 -24.0116 0.953374 0
RB12 77.5598 -25.981 1.411 0
RC1 29.6731 -13.3915 5.38731 1
RC2 32.4402 -17.813 5.78507 3
RC3 35.3303 -21.3923 5.46606 3
RC4 38.6302 -25.4884 4.94261 3
RC5 41.4478 -29.5082 4.42601 3
RC6 44.7477 -33.6044 3.90257 3
RC7 47.6378 -37.1836 3.58355 3
RC8 51.4199 -41.356 3.05327 2
RC9 54.8429 -44.6098 1.81304 2
RC10 57.733 -48.189 1.49402 1
RD1 36.6246 12.6887 30.3538 2
RD2 41.3052 14.1663 30.1682 2
RD3 45.9134 15.2033 29.785 2
RD4 50.5941 16.6809 29.5994 2
RD5 55.7571 18.0822 29.407 1
RD6 59.9555 19.6361 29.2282 1
RD7 64.5637 20.6731 28.845 0
RD8 69.7991 22.515 28.8502 0
RD9 74.3348 23.1114 28.2694 0
RD10 77.3513 23.4961 27.5116 0
RD11 79.835 23.5553 27.675 0
RD12 83.961 24.6686 27.2986 0
RE1 15.5087 27.7537 46.7412 3
RE2 20.3311 26.9909 46.6728 3
RE3 25.226 26.6687 46.802 3
RE4 30.1209 26.3466 46.9312 2
RE5 35.0157 26.0244 47.0603 3
RE6 39.9106 25.7022 47.1895 3
RE7 45.2371 24.902 48.2262 3
RE8 50.132 24.5798 48.3554 2
RE9 55.0269 24.2576 48.4845 1
RE10 59.7987 23.0931 49.3305 0
RE11 64.6211 22.3303 49.2621 0
RE12 69.9982 21.9318 49.3844 0
RF1 10.0644 -56.0914 40.2256 2
RF2 15.3185 -57.3322 41.0647 3
RF3 20.2134 -57.6544 41.1939 3
RF4 24.9852 -58.8189 42.0398 3
RF5 29.8295 -59.5428 43.0834 3
RF6 34.119 -60.631 43.9362 3
RF7 39.4456 -61.4312 44.9729 2
RF8 43.7352 -62.5194 45.8257 2
RF9 48.5795 -63.2433 46.8692 2
RF10 53.3732 -64.369 48.8271 2
RF11 58.145 -65.5335 49.673 0
RF12 62.9168 -66.698 50.519 0
RG1 22.1519 29.6146 6.36731 2
RG2 24.0961 29.0244 10.5902 2
RG3 25.558 28.5104 14.8198 3
RG4 26.9693 27.5948 19.9639 3
RG5 28.841 26.564 23.9891 3
RG6 30.7346 25.572 29.1263 3
RG7 32.6787 24.9818 33.3492 2
RG8 34.4998 23.5493 38.2888 3
RG9 35.8892 22.5947 42.3209 3
RG10 37.7609 21.5639 46.3462 3
RG11 39.582 20.1314 51.2858 3
RG12 41.5261 19.5412 55.5086 3
RH1 33.6396 25.7639 -12.1876 2
RH2 35.3191 20.6525 -11.0594 2
RH3 37.0712 15.9818 -9.73357 2
RH4 38.3915 11.7891 -9.31528 2
RH5 40.1435 7.11836 -7.98948 2
RH6 41.8955 2.44763 -6.66367 3
RH7 43.2159 -1.74509 -6.24538 2
RH8 45.3776 -6.93269 -5.124 2
RH9 46.6474 -11.5271 -3.79134 2
RH10 48.8092 -16.7147 -2.66996 2
RH11 50.1295 -20.9075 -2.25167 3
RH12 51.8815 -25.5782 -0.925865 3
RI1 30.1797 -43.9578 -1.45187 3
RI2 34.0562 -47.6507 -0.672625 2
RI3 37.5735 -50.425 -0.603321 2
RI4 41.4501 -54.118 0.175925 2
RI5 45.4497 -56.9686 0.238388 2
RI6 48.8439 -60.5852 1.02448 2
RI7 52.8435 -63.4358 1.08694 0
RI8 56.2378 -67.0525 1.87303 0
RI9 60.1868 -70.3048 2.84985 0
RI10 63.5811 -73.9215 3.63594 0
RI11 67.5807 -76.7721 3.6984 0
RI12 71.4573 -80.465 4.47765 0
