RA1 22.1947 7.63287 54.108 3
RA2 26.1964 8.55289 57.2172 3
RA3 30.3695 9.05854 59.0503 3
RA4 33.8885 9.96841 62.0976 2
RA5 37.9943 11.3502 64.3497 2
RA6 41.996 12.2702 67.4588 1
RA7 46.0314 12.7522 70.3585 0
RA8 50.1709 13.6959 72.4011 0
RB1 21.2879 1.40858 54.2511 3
RB2 26.253 1.53373 53.8037 3
RB3 31.2518 1.22081 53.1467 3
RB4 36.5619 1.33239 53.8277 3
RB5 41.0442 1.4474 53.3183 2
RB6 45.9053 1.11077 53.7279 2
RB7 50.8001 0.336086 53.928 2
RB8 56.2142 0.909438 53.7519 0
RC1 23.1889 4.62398 50.5705 3
RC2 28.0162 4.72542 51.1896 3
RC3 32.7058 4.80316 52.8752 3
RC4 37.4994 5.34266 53.7037 3
RC5 41.6726 5.84832 55.5369 3
RC6 46.845 5.9362 57.2844 2
RC7 51.6049 6.91376 58.3224 1
RC8 55.8118 6.98136 59.9461 0
RD1 25.7687 -41.0147 54.9009 3
RD2 30.388 -41.8368 57.2341 3
RD3 35.1113 -42.1972 58.7102 3
RD4 39.2815 -43.4675 60.772 3
RD5 43.9008 -44.2896 63.1051 2
RD6 48.1751 -45.0981 64.3099 2
RD7 52.3117 -45.9303 66.5811 1
RD8 57.035 -46.2907 68.0572 0
RE1 5.27995 -45.9162 54.4722 2
RE2 10.2787 -46.2292 53.8153 3
RE3 14.6908 -47.014 53.9535 3
RE4 20.1723 -47.3168 53.3584 3
RE5 24.6181 -48.5397 53.2872 3
RE6 29.6169 -48.8526 52.6302 2
RE7 34.5116 -49.6273 52.8303 2
RE8 39.5104 -49.9402 52.1734 2
RE9 44.4052 -50.7149 52.3735 2
RE10 49.3703 -50.5897 51.926 2
RE11 53.7823 -51.3746 52.0642 1
RE12 59.2301 -51.2393 51.6787 0
RF1 4.34602 12.1485 73.9001 3
RF2 8.52209 14.4301 75.5047 2
RF3 12.7319 16.2736 76.8997 2
RF4 16.8039 18.0935 79.3613 2
RF5 21.4627 20.3853 81.0277 2
RF6 25.6725 22.2288 82.4228 1
RF7 29.3995 24.0622 83.7559 0
RF8 34.0583 26.354 85.4223 0
RG1 25.4281 6.4868 25.4785 2
RG2 24.9108 5.95392 29.5351 2
RG3 24.2558 5.39733 34.6583 3
RG4 23.6008 4.84074 39.7814 3
RG5 23.0836 4.30786 43.8381 2
RG6 22.4285 3.75127 48.9612 3
RG7 21.8073 2.75662 53.8749 3
RG8 21.1522 2.20004 58.9981 3
RG9 20.635 1.66715 63.0547 3
RG10 20.429 1.55877 68.4493 3
RG11 19.878 1.46395 72.7154 3
RG12 20.1885 0.927656 77.9624 3
RH1 13.0922 -11.3423 39.4107 3
RH2 14.4019 -12.2964 44.572 3
RH3 15.7818 -12.3507 49.0857 3
RH4 17.6782 -12.8328 53.4519 3
RH5 19.0919 -13.3251 57.7562 3
RH6 20.5056 -13.8174 62.0604 3
RH7 22.2643 -14.3233 67.4931 2
RH8 24.2647 -14.3437 71.0022 2
RH9 25.6447 -14.3979 75.516 2
RH10 27.4033 -14.9038 80.9487 3
RH11 29.2661 -14.9479 85.5243 2
RI1 0.949432 1.42173 74.8386 3
RI2 5.77387 -0.252791 75.6863 3
RI3 10.6686 -1.02748 75.8864 3
RI4 15.4594 -2.26393 76.9435 2
RI5 20.3878 -3.47668 76.9342 3
RI6 24.7999 -4.26151 77.0724 3
RI7 29.5906 -5.49797 78.1295 3
RI8 34.5191 -6.71072 78.1202 2
RJ1 15.654 14.7031 46.9323 3
RJ2 20.5517 15.7043 46.9037 3
RJ3 25.4493 16.7056 46.8752 3
RJ4 30.347 17.7069 46.8467 3
RJ5 35.2447 18.7082 46.8182 3
RJ6 39.6596 19.6993 46.7277 3
RJ7 45.04 20.7107 46.7611 2
RJ8 49.3847 20.802 47.3183 0
RJ9 53.7659 22.2312 47.4373 0
RJ10 58.6298 23.6705 47.6183 0
RJ11 61.9416 24.6177 48.4706 0
RJ12 65.2196 26.0029 49.5323 0
