CAN1 -10.3442 -3.0204 73.3839 0
CAN2 10.1327 -15.0227 76.6964 0
CAN3 -36.1861 -48.2869 63.6385 0
CAN4 -12.3361 -60.3895 61.4424 0
LSTG1 -55.2393 -35.755 -8.37199 2
LSTG2 -53.504 -36.2333 1.07784 2
LSTG3 -51.2883 -37.6407 11.2227 2
LSTG4 -49.704 -39.109 20.2839 2
LSTS1 -65.5568 -8.45071 -2.65263 0
LSTS2 -68.1688 -10.4612 1.99879 0
LSTS3 -69.4667 -11.4863 8.08279 0
LSTS4 -69.1185 -11.8443 13.3122 0
LTPO1 -46.1455 30.9888 -11.1918 1
LTPO2 -50.3467 22.114 -9.22138 2
LTPO3 -53.5845 12.9818 -8.45439 3
LTPO4 -55.7105 2.98149 -5.9086 2
RTD1 74.4854 -12.3219 -17.5375 0
RTD2 76.0479 -11.8208 -11.9992 0
RTD3 77.7615 -10.3298 -6.07207 0
RTD4 79.5263 -7.97527 -0.879915 0
