LD1 -39.3317 52.4301 -13.4583 3
LD2 -44.1998 52.3322 -11.3672 3
LD3 -48.5961 52.1461 -10.3926 3
LD4 -52.9989 51.5759 -8.4947 2
LD5 -57.3727 51.8401 -7.33267 0
LD6 -62.7286 51.7642 -5.23592 0
LD7 -67.0864 52.0947 -2.96314 0
LD8 -70.4463 52.8315 -0.514329 0
LE1 -6.42809 53.6734 -5.12763 2
LE2 -11.7194 55.6501 -5.42598 2
LE3 -16.0642 56.7485 -4.99984 3
LE4 -20.8968 57.8689 -4.56801 3
LE5 -26.2106 59.3953 -5.05379 2
LE6 -30.5554 60.4938 -4.62765 2
LE7 -35.3815 61.9982 -5.11914 3
LE8 -40.7018 63.1406 -4.6816 2
LE9 -45.5344 64.261 -4.24977 2
LE10 -50.3669 65.3814 -3.81793 0
LF1 -7.82067 29.2356 11.7759 2
LF2 -13.2374 28.1927 12.387 3
LF3 -17.6497 27.9402 12.2509 3
LF4 -23.044 27.3477 13.0495 2
LF5 -27.4562 27.0952 12.9133 3
LF6 -32.3628 26.4807 13.7062 3
LF7 -37.2918 25.4159 14.3116 2
LF8 -42.1693 25.6357 14.3686 2
LF9 -47.5861 24.5928 14.9797 2
LF10 -52.4636 24.8126 15.0367 1
LG1 -1.83436 53.2524 13.1415 2
LG2 -6.22414 53.4502 13.1928 2
LG3 -11.6119 53.2416 13.0681 3
LG4 -16.4894 53.4614 13.1251 2
LG5 -21.3894 53.2309 12.9946 2
LG6 -26.267 53.4507 13.0516 2
LG7 -31.6547 53.2422 12.9268 2
LG8 -36.5323 53.462 12.9838 2
LH1 -7.99302 37.3491 7.56752 2
LH2 -12.3893 37.163 8.54212 3
LH3 -16.7856 36.9768 9.51672 3
LH4 -21.6762 36.4287 11.4203 3
LH5 -26.5377 36.7148 12.5881 2
LH6 -31.4508 35.7163 14.3043 2
LH7 -35.8471 35.5301 15.2789 2
LH8 -40.7311 35.366 16.2592 2
LH9 -45.6217 34.8178 18.1628 2
LH10 -50.5282 34.2033 18.9556 0
LI1 -25.6121 13.8075 12.8157 3
LI2 -24.1365 12.7223 17.7901 3
LI3 -22.6318 12.4714 22.0285 2
LI4 -21.1562 11.3863 27.0029 2
LI5 -19.6805 10.3011 31.9773 2
LI6 -18.1759 10.0502 36.2157 1
LI7 -17.159 9.82123 40.4599 0
LI8 -16.6524 9.16397 44.5224 0
LJ1 -30.8757 -4.25853 8.51463 3
LJ2 -30.3756 -5.29977 13.5004 3
LJ3 -29.8755 -6.341 18.4862 3
LJ4 -29.3753 -7.38224 23.4719 3
LJ5 -29.363 -8.4015 28.4634 2
LJ6 -29.3506 -9.42075 33.4548 1
LJ7 -29.3252 -9.67205 36.5997 0
LJ8 -29.3128 -10.6913 41.5911 0
RD1 33.0639 34.5241 -23.6429 2
RD2 36.9015 32.2957 -21.2934 2
RD3 41.2108 29.979 -20.0603 3
RD4 45.0258 27.3003 -17.8982 2
RD5 49.3576 25.4339 -16.4777 2
RD6 53.1726 22.7552 -14.3156 2
RD7 56.9941 20.4604 -13.0769 2
RD8 61.8072 18.1881 -10.7388 1
RE1 -0.942574 59.6416 -18.8527 2
RE2 3.38921 57.7752 -17.4322 2
RE3 7.72099 55.9088 -16.0117 3
RE4 12.0303 53.5921 -14.7786 3
RE5 16.3686 52.1097 -14.2814 3
RE6 21.1656 49.771 -13.054 3
RE7 25.4815 47.8382 -12.7443 3
RE8 30.2785 45.4995 -11.5169 3
RE9 34.6393 44.4674 -10.8323 3
RE10 38.9486 42.1507 -9.59923 3
RF1 -0.176594 18.6756 -4.47521 3
RF2 4.64946 17.1712 -3.98373 3
RF3 9.47551 15.6668 -3.49224 3
RF4 14.295 13.7784 -2.07744 3
RF5 18.6333 12.296 -1.58026 3
RF6 23.4369 10.3413 -1.2762 3
RF7 28.2405 8.38656 -0.972148 3
RF8 32.5853 7.28811 -1.39829 3
RF9 36.8786 4.90506 -1.27596 3
RF10 42.1634 2.54439 -0.0542872 2
RG1 -0.793684 57.0482 3.89695 1
RG2 4.11285 57.6627 3.10408 2
RG3 8.9969 57.8269 2.12378 2
RG4 13.8969 58.0574 2.25423 3
RG5 18.8034 58.6719 1.46136 2
RG6 24.1752 58.8141 0.475368 2
RG7 28.5875 59.0666 0.611517 2
RG8 33.9818 59.6591 -0.18705 2
RH1 1.29025 36.9979 8.57001 2
RH2 6.16778 36.7781 8.51303 2
RH3 11.5266 36.1523 9.37368 3
RH4 15.9163 35.9545 9.3224 3
RH5 21.2751 35.3288 10.183 2
RH6 25.6649 35.131 10.1318 2
RH7 30.5199 34.4609 9.88735 2
RH8 35.9012 34.2854 10.9354 2
RH9 40.7497 33.2313 11.6143 2
RH10 46.0925 32.5392 11.3642 2
RI1 22.0434 9.26932 9.09867 3
RI2 22.55 8.61207 13.1611 3
RI3 23.5154 7.09854 17.9537 3
RI4 24.5033 6.03532 22.9338 2
RI5 25.0034 4.99409 27.9196 2
RI6 25.9913 3.93087 32.8996 2
RI7 26.4755 2.8233 36.7746 0
RI8 27.4634 1.76008 41.7547 0
RJ1 25.1041 -7.25051 0.0841341 3
RJ2 26.092 -8.31373 5.0642 3
RJ3 27.0574 -9.82726 9.85683 3
RJ4 28.0453 -10.8905 14.8369 3
RJ5 29.0107 -12.404 19.6295 3
RJ6 29.9761 -13.9175 24.4222 3
RJ7 30.9575 -15.3647 30.3256 0
RJ8 32.4331 -16.4499 35.2999 0
RK1 17.057 43.0212 -3.97651 3
RK2 19.5372 42.7263 0.250565 3
RK3 22.5051 42.4095 4.47195 2
RK4 25.0077 42.5649 8.88646 2
RK5 27.9821 42.6321 12.1845 2
RK6 30.9275 41.8649 16.2185 2
RK7 34.3991 41.5924 21.5449 0
RK8 36.8793 41.2976 25.772 0
RL1 14.1637 12.1621 -7.08272 2
RL2 19.0282 11.1744 -5.29306 3
RL3 23.434 11.0429 -4.23359 3
RL4 28.35 11.3397 -2.99239 3
RL5 33.2435 11.1863 -1.93862 3
RL6 38.1594 11.4832 -0.69742 3
RL7 43.0529 11.3297 0.356352 3
RL8 47.9689 11.6266 1.59755 2
