LAF1 -12.8377 40.5445 69.0345 3
LAF2 -15.4001 40.6414 73.1538 3
LAF3 -18.4909 40.5097 76.8918 2
LAF4 -21.5818 40.378 80.6298 2
RA1 18.5343 7.5956 23.4099 2
RA2 24.1124 8.33027 23.9926 3
RA3 29.3117 9.57913 23.5415 2
RA4 34.3132 9.77002 23.3732 3
RAFA1 13.2326 62.5391 37.2217 1
RAFA2 13.451 61.6882 42.4322 2
RAFA3 14.1498 60.7506 47.6541 3
RAFA4 14.3682 59.8997 52.8646 3
RAFB1 21.0071 47.9318 37.703 2
RAFB2 22.3839 47.9655 42.6536 2
RAFB3 24.8712 48.5685 46.9743 3
RAFB4 26.7284 48.5154 51.9363 3
RAFC1 33.3532 47.9708 40.578 2
RAFC2 37.3351 48.4259 43.541 2
RAFC3 40.687 48.225 47.1452 2
RAFC4 44.4711 47.6221 50.391 2
RCA1 18.8655 24.0075 71.2738 3
RCA2 19.2816 24.2146 76.2013 3
RCA3 19.9804 23.277 81.4233 3
RCA4 20.3484 23.1689 85.9811 3
RCB1 21.4912 22.5201 74.7796 3
RCB2 25.425 22.6599 77.3728 3
RCB3 29.4069 23.115 80.3358 3
RCB4 33.1911 22.5121 83.5817 3
RCC1 37.4846 23.0011 52.9467 2
RCC2 40.9861 23.5429 55.8982 2
RCC3 44.968 23.998 58.8612 2
RCC4 48.9499 24.453 61.8242 2
RH1 23.6137 -1.78827 30.7497 2
RH2 28.1349 -1.51067 30.57 2
RH3 33.1365 -1.31978 30.4017 3
RH4 38.0899 -1.44414 29.8637 3
RPA1 32.8567 -0.429371 69.6554 3
RPA2 36.2086 -0.630302 73.2595 3
RPA3 38.9305 -1.48725 77.5049 3
RPA4 42.2823 -1.68818 81.1091 2
RPB1 26.7819 4.91322 94.2607 1
RPB2 28.2972 2.85648 98.3963 1
RPB3 30.2928 0.713023 102.543 1
RPB4 31.8562 -1.02848 107.049 0
RPFA1 17.8377 33.3497 60.2188 3
RPFA2 17.7734 33.6435 65.135 3
RPFA3 17.4264 35.0819 69.7567 3
RPFA4 17.8425 35.289 74.6843 3
RPFB1 27.1635 39.2385 67.5262 3
RPFB2 30.4673 38.7223 70.7606 3
RPFB3 33.7711 38.2062 73.995 3
RPFB4 36.9252 36.9473 77.8821 2
