DAMF1 3.63402 55.3 3.23141 1
DAMF2 -1.21721 55.4122 5.34364 2
DAMF3 -6.06843 55.5245 7.45586 3
DAMF4 -10.4745 55.6027 8.55242 3
DMPF1 5.04118 49.7408 23.8013 2
DMPF2 0.131842 50.1149 22.9255 2
DMPF3 -4.65498 50.952 22.088 3
DMPF4 -9.08045 51.1175 22.1885 3
DSC1 2.20343 43.3001 8.23174 2
DSC2 -2.29963 44.8887 9.46255 2
DSC3 -7.40906 46.2228 9.67883 3
DSC4 -11.9315 47.8986 9.91364 3
DSEP1 -1.42629 26.1005 16.8352 1
DSEP2 -5.42612 27.3932 20.0384 2
DSEP3 -8.98081 28.6519 22.2259 2
DSEP4 -12.9806 29.9446 25.429 2
LAST1 -16.0763 21.5041 -7.37918 1
LAST2 -18.67 24.4064 -16.1106 1
LAST3 -26.018 25.9105 -22.864 1
LAST4 -35.5591 25.3495 -21.7236 1
LAST5 -43.9386 21.3507 -18.899 2
LAST6 -49.2535 15.3151 -13.3005 2
LDA1 -15.4426 10.1196 -4.3731 2
LDA2 -19.8425 12.2585 -4.10009 2
LDA3 -24.3843 14.0216 -4.86128 2
LDA4 -28.7842 16.1604 -4.58827 2
LDEC1 -23.6622 16.7998 -16.6801 1
LDEC2 -27.6814 18.1798 -14.473 2
LDEC3 -32.1844 19.7683 -13.2422 2
LDEC4 -36.0811 21.6113 -10.9968 3
LDH1 -19.7648 9.76154 -10.3446 2
LDH2 -24.1903 9.92705 -10.244 2
LDH3 -29.1834 9.66353 -9.16595 2
LDH4 -34.0733 9.95032 -9.04572 3
LFP1 2.56944 56.1536 -3.70123 1
LFP2 1.5813 65.075 0.111886 1
LFP3 -0.438959 73.6886 4.92212 2
LFP4 -5.36169 78.3584 12.4552 2
LFP5 -11.5095 78.398 19.6064 1
LFP6 -16.6376 74.6241 27.4076 1
LFP7 -21.3462 68.8429 34.0207 1
LFP8 -24.4611 61.7378 39.4827 2
LG1 -19.1307 47.892 51.2179 2
LG2 -20.7745 39.0 55.4908 2
LG3 -23.0248 29.8536 58.7491 2
LG4 -24.8105 20.5859 61.9877 2
LG5 -25.3641 10.666 63.1371 2
LG6 -24.5241 0.382131 64.2276 2
LG7 -25.4002 -9.04084 66.4309 1
LG8 -26.3989 -18.9268 68.596 1
LG9 -26.4849 47.3356 45.2881 2
LG10 -28.7351 38.1892 48.5464 2
LG11 -30.5209 28.9215 51.785 3
LG12 -31.9646 19.0695 54.9658 3
LG13 -32.8408 9.64651 57.1691 2
LG14 -33.3943 -0.273475 58.3185 2
LG15 -33.7866 -9.90501 61.4982 1
LG16 -34.3401 -19.825 62.6476 2
LG17 -31.325 60.8857 23.4772 3
LG18 -34.5431 53.2303 29.897 2
LG19 -37.4386 45.0779 35.263 2
LG20 -38.373 36.9907 39.5926 2
LG21 -38.4815 28.1106 44.8406 2
LG22 -38.1448 19.1965 49.073 2
LG23 -37.8082 10.2824 53.3053 2
LG24 -36.6651 0.66278 57.4602 2
LG25 -34.3243 56.3043 16.1059 3
LG26 -38.0456 48.9448 20.5534 2
LG27 -40.9217 40.7051 26.9154 3
LG28 -42.7656 32.7732 32.2803 2
LG29 -43.945 23.7599 36.5334 2
LG30 -44.3955 15.4641 41.8393 2
LG31 -44.5234 6.67135 46.0913 3
LG32 -44.2061 -2.15544 49.3277 2
LG33 -39.8116 36.3681 9.44536 1
LG34 -44.6427 30.1239 16.0202 1
LG35 -48.2221 23.1401 21.502 2
LG36 -50.0467 15.1209 27.8628 2
LG37 -50.6197 6.36207 33.1305 2
LG38 -49.5736 -1.74726 37.4196 3
LG39 -47.5791 -10.1864 42.6653 3
LG40 -46.3135 -19.3431 46.8584 2
LG41 -44.8107 31.8962 1.11851 2
LG42 -48.2483 25.2881 7.63441 2
LG43 -51.4857 17.72 13.0583 2
LG44 -53.6523 10.2851 19.477 2
LG45 -53.6383 1.86802 24.7632 3
LG46 -52.8372 -7.16734 28.9759 2
LG47 -51.3072 -15.4852 34.2413 3
LG48 -50.7062 -23.5606 39.5461 3
LG49 -37.0374 33.4927 -12.949 2
LG50 -43.7845 27.9955 -9.2835 2
LG51 -49.6864 21.6181 -3.70348 3
LG52 -54.6594 14.9981 1.83721 2
LG53 -56.8259 7.56322 8.25593 2
LG54 -57.1345 -0.356839 14.596 3
LG55 -55.3595 -7.74871 19.9378 2
LG56 -54.1521 -15.5696 26.2571 2
LG57 -35.7592 26.3096 -20.6316 1
LG58 -43.7773 21.6392 -16.8688 2
LG59 -49.2147 15.1405 -11.3085 3
LG60 -53.7231 8.39925 -5.78744 2
LG61 -57.3026 1.41545 -0.305737 3
LG62 -58.5402 -6.26204 6.07365 2
LG63 -57.7973 -13.9616 12.4126 2
LG64 -57.5189 -21.54 18.7712 2
LIFP1 4.50304 70.0054 3.49922 1
LIFP2 -1.56186 76.9518 5.22994 1
LIFP3 -10.4129 78.3567 10.5453 1
LIFP4 -17.6572 76.2898 16.5292 2
LIFP5 -23.1722 71.2142 23.2198 2
LIFP6 -27.0936 64.8147 28.7593 2
LIH1 7.95218 38.0117 35.7691 2
LIH2 9.22911 41.3933 45.0768 2
LIH3 9.57706 45.0174 54.4238 2
LIH4 4.97075 47.1296 61.7266 1
LIH5 -4.22835 45.9842 62.8092 1
LIH6 -13.6724 42.839 58.7011 2
LIH7 -21.7035 39.2426 55.5301 2
LIH8 -31.4702 36.5944 52.4759 2
LMST1 -23.9929 -20.318 -6.87425 1
LMST2 -32.4312 -17.7858 -10.5043 2
LMST4 -51.1273 -11.337 -10.5796 1
LOC1 -21.8761 -76.3867 13.2715 2
LOC2 -31.0241 -73.5854 14.6989 2
LOC3 -39.7852 -69.4822 17.2369 2
LOC4 -47.4886 -63.098 18.9502 2
LOC5 -54.018 -56.0304 20.7006 2
LOC6 -57.593 -47.3414 23.5397 2
LOF1 6.21584 43.9809 -6.84695 1
LOF2 -3.47424 48.3266 -4.26962 1
LOF3 -10.7193 52.5288 -1.75241 2
LOF4 -18.3902 56.6778 2.77646 1
LOF5 -26.1642 60.2765 8.26313 2
LOF6 -31.9445 61.7052 15.5289 2
LPOF1 -3.02911 48.2926 -5.28528 1
LPOF2 -13.3186 48.1753 -1.07937 2
LPOF3 -23.1629 48.024 2.11089 2
LPOF4 -32.2007 47.1671 5.22362 2
LPOF5 -38.8386 45.3547 12.222 2
LPOF6 -42.3089 42.0557 21.0366 2
LPST1 -54.4862 -27.785 -11.9557 1
LPST2 -60.8412 -22.5768 -6.35559 2
LPST3 -61.6805 -17.4883 1.13482 2
LPST4 -58.8682 -14.0948 11.4177 2
LSF1 1.56193 65.1622 -0.884109 1
LSF2 3.77404 70.3619 7.56071 1
LSF3 4.93465 75.341 16.0067 1
LSF4 3.64409 78.403 25.3363 2
LSF5 0.32194 77.5404 34.3615 1
LSF6 -4.12219 72.5979 42.047 1
LSF7 -8.0436 66.1984 47.5865 1
LSF8 -12.4744 58.0341 51.9773 2
LSFP1 4.63977 59.9036 -1.40481 1
LSFP2 4.61937 68.4078 4.36097 1
LSFP3 4.73466 75.2272 11.9845 1
LSFP4 1.89555 80.4251 18.5194 1
LSFP5 -4.11042 80.8405 26.7047 1
LSFP6 -9.84489 76.8122 33.4914 1
LSFP7 -14.6953 70.6552 39.0703 1
LSFP8 -19.1261 62.491 43.4611 2
RDA1 10.2138 7.13398 -2.12165 2
RDA2 14.478 6.68003 -4.2524 2
RDA3 19.3486 6.48053 -5.36863 2
RDA4 24.0773 5.9053 -7.51904 2
RDH1 13.647 -3.00468 -11.1091 2
RDH2 18.6595 -2.82845 -11.1911 2
RDH3 23.2075 -2.53094 -11.2535 2
RDH4 28.2393 -2.442 -10.3395 2
RF1 37.5746 46.5333 48.9921 1
RF2 44.394 41.2039 43.3723 1
RF3 50.0395 35.1909 37.7154 1
RF4 54.1495 29.1661 31.0834 1
RF5 55.5502 22.4459 23.4391 1
RF6 54.506 15.8691 15.8549 1
RST1 13.053 0.862117 -13.7707 2
RST2 20.3625 -2.6153 -19.2377 2
RST3 29.7555 -4.49063 -20.5888 1
RST4 39.3292 -6.1648 -18.9136 2
