LAF1 -23.5565 73.4242 25.3234 2
LAF2 -30.3955 66.5332 22.85 2
LAF3 -35.9027 58.4121 21.2782 2
LAF4 -40.4434 49.7834 19.7016 2
LAF5 -42.333 40.5847 16.2379 2
LAF6 -45.3057 31.6628 13.7451 1
LAT1 -19.4413 33.7857 -18.8613 0
LAT2 -27.4855 29.7803 -22.8604 0
LAT3 -34.5508 23.3768 -23.174 0
LAT4 -40.511 16.2306 -20.4261 0
LDA1 -6.98446 9.90588 -1.33035 1
LDA2 -11.957 8.89009 -1.13794 2
LDA3 -16.9296 7.8743 -0.945528 2
LDA4 -21.7857 7.08958 -1.71906 2
LDA5 -26.27 6.53209 -1.35812 2
LDA6 -31.7276 5.53279 -1.22026 2
LDH1 -18.0757 -0.869845 -2.14025 2
LDH2 -23.0384 -0.4613 -1.60592 2
LDH3 -27.5194 -0.544019 -1.131 2
LDH4 -32.8538 -0.362647 -1.73114 2
LDH5 -37.8198 -0.428942 -1.31079 3
LDH6 -42.3007 -0.511561 -0.83586 3
LMT1 -8.71129 -34.3775 13.7498 2
LMT2 -14.675 -31.1049 6.56634 2
LMT3 -21.6018 -26.8498 -0.49826 2
LMT4 -29.3631 -23.2714 -4.71961 2
LP1 -20.3003 -11.9932 79.8224 0
LP2 -28.0717 -9.83912 75.2591 2
LP3 -36.2146 -7.91231 69.5614 1
LP4 -43.2713 -5.78732 63.0068 2
LP5 -50.1048 -4.62465 54.1784 2
LP6 -53.9121 -3.32979 44.7115 2
LP7 -56.016 -3.03776 37.2807 2
LP8 -56.3156 -2.10207 27.1157 2
LPF1 -15.3912 -3.61193 82.4195 0
LPF2 -23.5275 -0.735553 76.9497 2
LPF3 -31.0658 1.88063 70.4546 2
LPF4 -38.1224 4.00555 63.9 2
LPF5 -44.096 5.85378 56.3746 2
LPF6 -49.4747 6.96703 47.71 2
LPF7 -52.9235 6.59 38.9216 2
LPF8 -54.3228 5.42853 29.1576 2
LPT1 -36.9705 -63.3062 15.8438 2
LPT2 -42.6557 -56.714 11.5586 2
LPT3 -46.8728 -48.2721 7.89293 1
LPT4 -49.3765 -39.4087 6.60534 2
RAF1 32.7402 66.7906 42.9511 1
RAF2 40.3209 61.0644 39.39 1
RAF3 47.4099 54.405 35.5464 2
RAF4 51.7025 47.601 30.2955 1
RAF5 53.809 38.5015 26.3024 2
RAF6 54.0956 30.1739 21.2391 2
RAT1 31.216 31.1092 -15.4611 1
RAT2 36.7248 26.6333 -22.0788 0
RAT3 42.7274 19.7759 -25.0656 0
RAT4 48.4059 12.2342 -21.0083 0
RDA1 13.3932 10.6379 1.30301 1
RDA2 18.3492 9.27977 0.540726 2
RDA3 23.192 8.16536 0.858353 2
RDA4 28.1513 7.28202 0.210048 2
RDH1 26.163 -6.87788 4.86507 2
RDH2 31.1323 -6.33685 4.55869 2
RDH3 36.1016 -5.79581 4.25231 2
RDH4 41.0709 -5.25487 3.94592 3
RDH5 46.0434 -4.239 3.75353 3
RDH6 50.5311 -3.2068 3.50655 2
RMT1 15.8577 -31.2027 6.08518 2
RMT2 23.4758 -27.9169 0.543343 2
RMT3 31.4657 -24.4038 -3.86402 2
RMT4 39.9472 -19.9577 -7.9889 2
RP1 25.704 -19.2653 79.4914 0
RP2 34.2756 -18.3865 73.4888 2
RP3 41.8804 -16.9997 67.4911 1
RP4 48.6287 -15.8238 60.3043 2
RP5 54.0386 -14.3674 51.988 2
RP6 57.0205 -13.3032 43.2848 2
RP7 58.6673 -11.4839 33.5661 1
RP8 58.3711 -10.0734 23.5151 2
RPF1 22.0163 -11.7719 83.9449 0
RPF2 30.1027 -10.8765 77.8877 2
RPF3 38.1893 -9.98101 71.8306 1
RPF4 45.4224 -8.82162 64.6984 2
RPF5 51.6857 -7.62919 57.4571 1
RPF6 56.1257 -6.13981 49.0316 2
RPF7 58.2542 -4.81161 39.2534 2
RPF8 59.0445 -3.20299 28.3456 2
RPT1 20.0631 -54.1405 1.10543 2
RPT2 28.2049 -48.9632 0.220299 2
RPT3 36.4665 -43.0802 -1.51681 2
RPT4 44.6084 -37.9029 -2.40194 2
