AA1 -42.9368 25.7822 7.74306 2
AA2 -48.4893 17.2266 7.61281 3
AA3 -52.4253 8.4255 6.38169 2
AA4 -55.4665 -1.17788 7.15003 2
BB1 -56.764 -38.5047 -1.73519 1
BB2 -56.9905 -41.4917 7.03581 1
BB3 -56.201 -44.7624 16.96 0
BB4 -56.4275 -47.7493 25.731 0
CAN1 -31.0555 -52.6283 78.3593 0
CC1 -35.0938 -20.0447 4.40795 3
CC2 -38.6581 -18.7854 3.48844 3
CC3 -41.817 -18.1506 3.42571 2
CC4 -44.7706 -16.5501 2.80257 2
DD1 36.4379 -22.4056 -6.89449 3
DD2 39.5968 -23.0405 -6.83176 3
DD3 42.9239 -22.7816 -6.1972 3
DD4 45.9617 -23.9352 -5.28815 2
