LA1 -26.9286 12.6647 -23.5187 1
LA2 -30.9088 10.0083 -23.5912 1
LA3 -35.351 7.31281 -23.6973 1
LA4 -39.3313 4.65635 -23.7697 1
LA5 -43.3916 2.09279 -22.8497 3
LA6 -47.8694 -0.14142 -23.0019 2
LA7 -52.3917 -2.74392 -22.1155 3
LA8 -56.4876 -4.84628 -21.2416 3
LA9 -60.9653 -7.08049 -21.3937 2
LA10 -65.4431 -9.31471 -21.5458 2
LA11 -69.9654 -11.9172 -20.6595 1
LA12 -74.0613 -14.0195 -19.7855 1
LB1 -25.7205 3.01858 -22.5182 1
LB2 -30.2428 0.416082 -21.6319 2
LB3 -33.7256 -2.66262 -21.6247 2
LB4 -38.1678 -5.35803 -21.7308 2
LB5 -42.1926 -8.38278 -20.7648 3
LB6 -46.1729 -11.0392 -20.8372 3
LB7 -50.1977 -14.0639 -19.8712 2
LB8 -54.1424 -17.1816 -19.8976 3
LB9 -58.1672 -20.2063 -18.9316 1
LB10 -62.1474 -22.8628 -19.0041 2
LB11 -66.1722 -25.8875 -18.0381 2
LB12 -70.659 -28.9512 -17.1057 1
LC1 -24.4606 -16.767 -10.4884 3
LC2 -28.5209 -19.3306 -9.56839 3
LC3 -32.4657 -22.4482 -9.59482 2
LC4 -36.4905 -25.473 -8.62879 3
LC5 -40.5153 -28.4977 -7.66277 3
LC6 -44.46 -31.6154 -7.6892 3
LC7 -48.0228 -34.6012 -6.68955 3
LC8 -52.0121 -38.0871 -5.67749 2
LC9 -55.4948 -41.1658 -5.67029 2
LC10 -59.5196 -44.1906 -4.70427 2
LC11 -63.5444 -47.2153 -3.73824 1
LC12 -67.4891 -50.333 -3.76467 0
LD1 -43.0996 26.3574 -9.98349 2
LD2 -42.9314 25.4773 -4.84949 3
LD3 -42.7632 24.5972 0.284501 3
LD4 -42.595 23.7171 5.4185 3
LD5 -42.3468 22.7441 9.56004 3
LD6 -41.7166 21.9029 14.7277 3
LD7 -41.5484 21.0228 19.8617 3
LD8 -40.9182 20.1816 25.0293 3
LD9 -40.6699 19.2086 29.1708 3
LD10 -40.0397 18.3674 34.3385 3
LD11 -40.3335 17.4484 39.4388 3
LD12 -40.1653 16.5683 44.5728 2
LE1 -21.4681 51.6262 10.5561 2
LE2 -26.097 50.4073 11.3044 3
LE3 -30.6458 49.0955 11.0602 3
LE4 -35.1946 47.7836 10.816 3
LE5 -40.2855 46.5258 11.5306 3
LE6 -45.2607 44.7138 11.2988 3
LE7 -49.8451 43.8632 11.0085 3
LE8 -54.3584 42.0902 10.8103 3
LE9 -59.3337 40.2782 10.5785 2
LE10 -63.9626 39.0593 11.3268 2
LE11 -69.0179 37.3402 12.0874 2
LE12 -73.6023 36.4896 11.7972 0
LF1 -14.8701 4.2085 32.6566 2
LF2 -19.3744 3.26496 31.3739 3
LF3 -24.3852 1.91419 31.0961 3
LF4 -28.934 0.602357 30.8519 3
LF5 -33.4383 -0.341181 29.5691 3
LF6 -38.4846 -1.23076 29.2453 3
LF7 -43.4154 -2.67444 27.975 3
LF8 -47.8841 -4.07917 26.7383 3
LF9 -52.4685 -4.9298 26.4481 3
LF10 -57.4347 -5.91229 25.1317 3
LF11 -62.401 -6.89477 23.8154 3
LF12 -66.9498 -8.2066 23.5712 2
LG1 -6.51738 -30.9661 16.4711 2
LG2 -10.9951 -33.2003 16.319 3
LG3 -15.5084 -34.9733 16.1208 3
LG4 -19.9862 -37.2075 15.9687 3
LG5 -24.464 -39.4417 15.8165 3
LG6 -28.9773 -41.2147 15.6184 3
LG7 -33.455 -43.4489 15.4662 3
LG8 -37.9683 -45.222 15.268 3
LG9 -42.9081 -47.4951 15.0823 3
LG10 -47.4214 -49.2681 14.8841 2
LG11 -51.8546 -51.1341 13.6935 3
LG12 -56.3679 -52.9071 13.4953 2
LH1 -21.6238 16.3742 47.0946 2
LH2 -26.5901 15.3917 45.7783 3
LH3 -31.1299 14.9093 44.4495 3
LH4 -36.2117 14.4809 44.0796 3
LH5 -41.178 13.4985 42.7633 3
LH6 -45.8334 13.5702 42.3809 3
LH7 -50.8352 13.0489 41.0186 2
LH8 -55.9526 13.0817 40.6026 2
LH9 -60.608 13.1535 40.2203 2
LH10 -65.5742 12.171 38.9039 0
LH11 -70.6561 11.7426 38.534 0
LH12 -75.1959 11.2603 37.2053 0
LI1 -25.0249 38.8641 35.6464 2
LI2 -30.1068 38.4357 35.2765 3
LI3 -34.8423 38.6004 35.8866 3
LI4 -40.0042 38.2649 36.5091 3
LI5 -44.7041 37.9683 37.1653 2
LI6 -49.4396 38.133 37.7754 2
LI7 -54.6015 37.7975 38.398 1
LI8 -59.7635 37.462 39.0205 0
LI9 -64.4989 37.6267 39.6306 0
LI10 -69.6253 36.83 40.2992 0
LI11 -73.3658 36.1502 41.0686 0
LI12 -76.6442 35.5093 41.8717 0
LJ1 -36.578 74.8521 -7.95129 2
LJ2 -36.2232 72.4955 -3.67162 3
LJ3 -36.7923 70.0611 0.540781 3
LJ4 -36.8639 67.2043 4.83285 3
LJ5 -36.8554 64.2547 8.13247 3
LJ6 -36.9716 61.0297 13.463 3
LJ7 -36.9987 58.5412 16.7166 3
LJ8 -37.0703 55.6845 21.0087 3
LJ9 -37.1419 52.8278 25.3008 3
LJ10 -36.787 50.4712 29.5804 3
LJ11 -36.8587 47.6145 33.8725 3
LJ12 -36.9658 45.2189 38.1185 2
RA1 5.85434 7.73632 -18.3971 1
RA2 10.1098 5.87376 -16.8718 2
RA3 14.9073 3.95724 -16.3053 2
RA4 19.2073 2.46297 -15.8185 3
RA5 24.0848 0.453551 -16.2445 2
RA6 28.3848 -1.04071 -15.7576 3
RA7 32.8359 -3.55027 -16.1712 2
RA8 37.6334 -5.46679 -15.6047 1
RA9 41.969 -7.42225 -15.0719 3
RA10 46.7665 -9.33877 -14.5054 3
RA11 51.6085 -10.887 -14.9774 2
RA12 55.9085 -12.3812 -14.4906 1
RB1 9.07061 4.09464 -19.8119 2
RB2 12.1267 0.638766 -19.2418 2
RB3 15.5648 -2.68525 -17.6457 2
RB4 19.0028 -6.00927 -16.0495 2
RB5 22.9029 -9.29435 -14.4197 2
RB6 26.3409 -12.6183 -12.8235 3
RB7 29.2814 -15.5201 -11.3071 3
RB8 32.7195 -18.8441 -9.71089 3
RB9 36.6195 -22.1292 -8.08109 2
RB10 40.0576 -25.4532 -6.48493 1
RB11 43.4956 -28.7773 -4.88877 2
RB12 46.9782 -31.733 -4.33109 3
RC1 14.5781 -10.8248 -13.9405 2
RC2 17.1277 -14.6879 -12.3656 2
RC3 20.1393 -18.5121 -10.757 2
RC4 22.6533 -21.914 -9.22808 3
RC5 25.6649 -25.7381 -7.61951 3
RC6 28.7566 -29.6552 -7.00338 2
RC7 31.3062 -33.5183 -5.42844 2
RC8 33.9358 -37.4743 -4.84595 3
RC9 36.9829 -41.7596 -3.19133 1
RC10 39.9945 -45.5838 -1.58276 3
RC11 42.5887 -49.0786 -1.0463 2
RC12 46.1423 -52.9567 -0.39655 2
RD1 19.6955 29.8597 -9.27526 2
RD2 18.8332 30.2853 -4.34664 3
RD3 18.4683 30.2886 0.661653 3
RD4 17.606 30.7142 5.59027 3
RD5 16.7791 30.6786 10.5649 3
RD6 15.9878 30.1818 15.5856 3
RD7 15.161 30.1461 20.5603 3
RD8 14.3342 30.1105 25.535 3
RD9 13.5073 30.0749 30.5096 3
RD10 13.1425 30.0782 35.5179 1
RD11 12.3957 29.9497 39.5001 1
RD12 11.9954 30.4142 44.4624 3
RF1 -6.08352 -0.256522 32.7759 3
RF2 -1.00166 0.171865 33.1458 3
RF3 3.69828 0.468404 32.4897 3
RF4 8.78014 0.896792 32.8596 3
RF5 13.4801 1.19333 32.2034 3
RF6 18.5619 1.62172 32.5733 3
RF7 23.2619 1.91826 31.9172 3
RF8 28.3437 2.34665 32.2871 3
RF9 33.5057 2.68213 31.6646 2
RF10 38.09 3.53277 31.9548 1
RF11 43.252 3.86825 31.3323 1
RF12 47.9164 4.62598 30.6301 2
RG1 -2.0757 -32.0498 20.9613 2
RG2 2.62424 -31.7532 20.3052 2
RG3 7.75065 -30.9566 19.6366 2
RG4 12.3705 -30.5671 19.9729 2
RG5 17.4524 -30.1387 20.3428 3
RG6 22.1523 -29.8422 19.6867 3
RG7 27.3498 -29.9679 19.1102 3
RG8 32.4316 -29.5395 19.4801 3
RG9 37.5936 -29.204 18.8576 2
RG10 42.2134 -28.8146 19.1939 2
RG11 47.3754 -28.4791 18.5713 2
RG12 52.0753 -28.1826 17.9152 2
RH1 -9.57522 36.5526 38.1169 2
RH2 -4.41329 36.8881 37.4944 3
RH3 0.251131 37.6458 36.7922 3
RH4 5.37754 38.4425 36.1236 3
RH5 10.042 39.2003 35.4214 3
RH6 15.0883 40.0898 35.7453 3
RH7 19.7172 41.3088 34.9971 3
RH8 24.728 42.6595 35.2749 2
RH9 29.2768 43.9714 35.5191 1
RH10 34.2876 45.3221 35.797 1
RH11 38.952 46.0799 35.0948 1
RH12 43.6164 46.8376 34.3926 0
RI1 -9.13207 59.8019 50.0828 2
RI2 -4.70746 58.583 48.5387 2
RI3 -0.318379 57.8253 46.9485 1
RI4 4.53269 57.1066 45.392 2
RI5 8.9573 55.8877 43.8479 2
RI6 13.3464 55.13 42.2577 2
RI7 18.1975 54.4113 40.7012 2
RI8 22.9685 53.7854 40.1371 2
RI9 27.7039 53.6208 39.527 2
RI10 32.8659 53.9563 38.9044 0
RI11 37.9477 54.3846 39.2744 0
RI12 43.0296 54.813 39.6443 0
RM1 -0.780785 -35.7171 39.5461 2
RM2 3.96371 -35.0523 37.8514 3
RM3 8.74372 -34.8486 36.2028 3
RM4 13.5593 -35.1062 34.6002 3
RM5 17.8773 -34.9415 32.918 3
RM6 22.6128 -35.1061 32.3079 3
RM7 27.4283 -35.3637 30.7053 3
RM8 32.2083 -35.1601 29.0567 2
RM9 37.0239 -35.4176 27.4541 2
RM10 41.8394 -35.6752 25.8515 2
RM11 46.5749 -35.8398 25.2414 2
RM12 51.8524 -36.0584 23.6725 1
