LAF141 -1.77585 19.6331 57.8055 1
LAF142 -2.70277 22.0209 61.1612 2
LAF143 -3.59293 24.2855 65.5087 2
LAF144 -4.57613 27.0254 69.9186 2
LAF145 -5.59609 29.8884 73.3367 1
LAF146 -7.05829 32.5338 77.7527 1
LAF147 -8.55725 35.3022 81.1769 0
LAF148 -9.44741 37.5669 85.5243 0
LAF151 -5.4965 8.27192 58.5502 2
LAF152 -6.36369 7.94268 63.5832 2
LAF153 -7.70989 7.51888 68.6223 2
LAF154 -9.09285 7.21815 72.6697 2
LAF155 -10.5321 7.2696 77.7712 2
LAF156 -11.9713 7.32105 82.8727 1
LAF157 -13.3911 7.14339 85.9284 0
LAF158 -14.3318 7.0603 88.978 0
RAF11 16.6821 16.1888 46.6102 1
RAF12 20.0524 16.9568 49.6056 2
RAF13 23.8453 18.1715 53.6491 2
RAF14 27.2156 18.9395 56.6445 2
RAF21 27.088 19.2027 50.6318 2
RAF22 27.8577 20.6775 55.828 2
RAF23 28.9766 22.8451 60.089 2
RAF24 30.2253 24.4145 65.2792 2
RAF31 21.4306 21.652 35.0119 3
RAF32 25.0938 23.465 38.1261 2
RAF33 28.371 24.7083 41.1839 2
RAF34 32.1273 26.0461 44.2358 2
RAF41 34.6131 26.3788 49.2267 2
RAF42 39.3835 27.5535 51.2123 1
RAF43 43.6383 28.7568 52.2122 1
RAF44 48.4088 29.9315 54.1978 1
RAF51 22.9273 31.1487 26.0514 2
RAF52 28.3824 31.2384 25.8603 2
RAF53 33.3585 31.2335 25.6752 2
RAF54 38.2415 31.7039 25.5525 1
RAF61 28.6938 30.3599 36.8316 1
RAF62 33.4838 31.3055 36.7713 1
RAF63 38.3106 32.128 37.7028 1
RAF64 43.1006 33.0737 37.6426 1
RPF101 31.4931 21.273 37.6168 2
RPF102 36.4691 21.2682 37.4317 3
RPF103 41.4452 21.2633 37.2466 3
RPF104 45.9423 21.1639 37.0676 2
RPF71 19.2575 6.48109 59.4269 3
RPF72 22.0787 5.03585 63.1763 3
RPF73 24.8068 4.06587 66.9882 2
RPF74 27.5717 2.97282 71.7918 2
RPF81 17.3725 20.6097 52.175 2
RPF82 21.687 19.096 54.8522 1
RPF83 25.9647 17.7053 56.5377 2
RPF84 30.2424 16.3147 58.2233 2
RPF91 29.5864 24.0359 48.1139 2
RPF92 33.7711 23.1205 49.8619 2
RPF93 38.0487 21.7298 51.5474 2
RPF94 42.3264 20.3392 53.2329 2
RT111 40.6703 -12.3646 1.84316 2
RT112 45.6464 -12.3694 1.65807 2
RT113 50.5294 -11.899 1.5354 2
RT114 55.9845 -11.8094 1.34429 2
RT115 60.8675 -11.339 1.22162 2
RT116 65.7506 -10.8686 1.09896 0
RT117 70.6336 -10.3982 0.976292 0
RT118 75.6097 -10.4031 0.791199 0
RT121 40.636 -4.37078 5.86153 2
RT122 45.2399 -2.47465 5.92615 2
RT123 49.9736 -1.17683 6.92006 2
RT124 54.0985 0.624743 6.99071 2
RT131 33.466 -5.34806 14.0729 3
RT132 38.4421 -5.35293 13.8878 3
RT133 43.4182 -5.3578 13.7027 3
RT134 48.3942 -5.36268 13.5176 3
RT135 53.3703 -5.36755 13.3325 2
RT136 58.3831 -5.49549 14.1392 2
