LA1 -12.8824 14.022 -18.301 2
LA2 -17.5691 13.3161 -18.2078 2
LA3 -22.675 12.9537 -19.2236 2
LA4 -27.7743 12.9652 -19.89 2
LA5 -32.8802 12.6028 -20.9059 3
LA6 -37.5669 11.8969 -20.8127 3
LA7 -42.1569 11.8698 -21.4474 3
LA8 -47.2628 11.5074 -22.4632 2
LA9 -52.3621 11.5188 -23.1296 2
LA10 -57.4614 11.5303 -23.796 1
LA11 -62.1547 10.4505 -24.0522 0
LA12 -67.254 10.462 -24.7186 0
LB1 -18.7039 6.66519 -16.3182 2
LB2 -23.5003 4.53287 -16.196 2
LB3 -28.2901 2.77432 -15.7244 2
LB4 -32.9834 1.69461 -15.9806 3
LB5 -38.2825 -0.0254243 -15.5406 3
LB6 -42.9692 -0.731368 -15.4474 3
LB7 -47.6559 -1.43731 -15.3542 2
LB8 -52.8454 -1.73097 -14.9433 2
LB9 -57.6287 -3.11575 -14.1222 3
LB10 -62.3089 -3.44793 -13.6795 2
LB11 -66.9891 -3.7801 -13.2369 0
LB12 -72.2817 -5.12637 -12.4475 0
LC1 -21.5806 -12.2046 -17.8124 2
LC2 -26.2803 -13.6581 -18.4181 2
LC3 -30.8834 -14.4327 -19.7517 2
LC4 -36.0925 -15.8477 -20.3891 3
LC5 -40.6956 -16.6223 -21.7227 2
LC6 -45.3953 -18.0758 -22.3284 2
LC7 -49.9984 -18.8504 -23.6619 2
LC8 -54.7047 -20.6777 -24.6171 3
LC9 -59.3078 -21.4523 -25.9507 2
LC10 -64.0075 -22.9058 -26.5563 1
LC11 -68.6106 -23.6804 -27.8899 0
LC12 -73.8196 -25.0954 -28.5273 0
LD1 -20.163 20.3737 7.26323 2
LD2 -24.5272 18.6453 9.19337 2
LD3 -29.304 17.6343 10.3639 2
LD4 -33.6616 16.2797 12.6435 2
LD5 -38.0258 14.5513 14.5736 3
LD6 -42.2803 14.2493 16.4747 2
LD7 -46.638 12.8947 18.7543 3
LD8 -50.9956 11.5401 21.0339 3
LD9 -55.3468 10.5592 23.6629 2
LD10 -59.7044 9.20461 25.9425 0
LD11 -63.9654 8.52884 27.4942 0
LD12 -67.8138 7.13571 29.8055 0
LE1 -28.4995 0.294967 9.412 3
LE2 -32.754 -0.00703293 11.3131 2
LE3 -37.5178 -0.270514 13.1826 2
LE4 -42.275 -0.160227 15.4014 3
LE5 -46.5295 -0.462228 17.3026 3
LE6 -50.7775 -0.390459 19.5531 3
LE7 -55.5347 -0.280173 21.772 3
LE8 -59.8793 -0.887246 24.7505 2
LE9 -64.1338 -1.18925 26.6516 0
LE10 -68.8911 -1.07896 28.8705 0
LE11 -73.1456 -1.38096 30.7716 0
LE12 -77.8963 -0.896905 33.3399 0
LF1 2.04269 46.14 20.5032 2
LF2 -3.05013 46.5252 20.1862 2
LF3 -8.23958 46.2316 20.5972 3
LF4 -12.8166 46.952 20.6614 3
LF5 -17.9094 47.3372 20.3444 3
LF6 -22.4929 47.6839 20.0592 3
LF7 -28.095 48.1076 19.7105 3
LF8 -32.6786 48.4542 19.4253 2
LF9 -37.868 48.1606 19.8362 3
LF10 -42.9674 48.172 19.1699 2
LF11 -48.0602 48.5572 18.8529 1
LF12 -52.6437 48.9038 18.5677 0
LG1 1.08681 0.677024 30.1823 2
LG2 -3.99948 1.43598 30.2148 2
LG3 -8.48637 2.46149 29.2017 3
LG4 -13.5727 3.22044 29.2342 3
LG5 -18.5688 4.28446 28.1893 3
LG6 -23.1458 5.0049 28.2535 3
LG7 -28.2321 5.76385 28.286 3
LG8 -32.8157 6.11052 28.0008 3
LG9 -37.8053 7.54831 27.3054 3
LG10 -42.8916 8.30726 27.3379 3
LG11 -47.4686 9.0277 27.4021 3
LG12 -52.5549 9.78665 27.4346 2
LH1 -16.1279 12.8951 7.69352 2
LH2 -15.4502 12.7191 13.1146 2
LH3 -15.1918 12.8866 17.4267 2
LH4 -15.0234 12.7491 22.8161 3
LH5 -14.855 12.6116 28.2055 3
LH6 -14.5965 12.7792 32.5175 3
LH7 -13.9254 12.2294 37.5891 3
LH8 -14.2729 11.7566 42.5974 2
LH9 -13.6017 11.2068 47.669 3
LH10 -13.9492 10.7341 52.6773 2
LH11 -13.1814 10.8631 57.021 2
LH12 -13.5288 10.3904 62.0293 0
RA1 19.8853 11.7932 -18.7767 2
RA2 24.3527 9.64643 -18.8119 2
RA3 29.4324 8.51371 -19.1938 2
RA4 33.9964 7.04574 -19.9569 2
RA5 38.5669 5.95154 -20.3705 3
RA6 43.6401 4.44505 -21.1019 3
RA7 48.2106 3.35084 -21.5155 3
RA8 52.6845 1.5778 -21.2013 3
RA9 57.7642 0.445081 -21.5832 2
RA10 62.3347 -0.64912 -21.9969 2
RA11 67.4145 -1.78184 -22.3788 0
RA12 71.8883 -3.55488 -22.0645 0
RB1 26.749 -4.07062 -24.4172 3
RB2 30.7071 -6.17891 -24.4841 2
RB3 35.587 -9.04309 -23.7597 3
RB4 39.5451 -11.1514 -23.8266 3
RB5 43.9223 -13.6033 -22.7844 3
RB6 47.8803 -15.7116 -22.8513 3
RB7 52.251 -18.5372 -22.1586 3
RB8 56.7183 -20.684 -22.1937 2
RB9 60.5797 -23.4712 -21.5327 2
RB10 65.4597 -26.3353 -20.8083 1
RB11 69.4177 -28.4436 -20.8752 0
RB12 73.795 -30.8955 -19.833 0
