LA1 -15.0002 -8.23027 -1.36145 3
LA2 -19.5416 -9.99876 -1.22559 2
LA3 -24.0344 -12.2147 -1.34526 2
LA4 -28.5272 -14.4307 -1.46492 3
LA5 -33.0199 -16.6466 -1.58458 3
LA6 -38.0756 -17.9611 -2.34166 3
LA7 -42.5683 -20.1771 -2.46132 2
LA8 -47.1097 -21.9455 -2.32546 2
RD1 30.8806 9.94402 -2.43994 3
RD2 30.0692 10.603 2.54195 3
RD3 29.8217 10.8564 7.29292 2
RD4 29.5732 10.6139 12.9122 2
RD5 28.8104 10.8254 17.6386 3
RD6 28.5629 11.0789 22.3896 3
RD7 27.7505 11.2418 28.2398 3
RD8 26.9877 11.4533 32.9662 3
RD9 26.7402 11.7068 37.7171 3
RD10 25.9775 11.9183 42.4435 3
RD11 25.2147 12.1298 47.1699 3
RD12 24.452 12.3413 51.8962 2
RF1 3.52437 5.79826 33.1618 2
RF2 8.2106 5.72836 33.1277 3
RF3 13.4597 4.75697 33.731 3
RF4 18.1459 4.68707 33.6969 3
RF5 23.3474 4.65912 33.6874 3
RF6 28.0336 4.58922 33.6533 2
RF7 33.2351 4.56128 33.6438 2
RF8 37.9214 4.49138 33.6097 2
RF9 43.124 4.95941 32.7319 2
RF10 47.8102 4.88951 32.6978 3
RF11 52.9631 5.30904 32.9438 2
RF12 58.1657 5.77707 32.066 1
RG1 3.56591 21.2836 38.5519 2
RG2 7.73468 20.1798 40.2299 3
RG3 12.4198 19.6139 41.0641 3
RG4 17.105 19.0481 41.8983 3
RG5 22.3065 19.0201 41.8888 3
RG6 26.9927 18.9502 41.8547 3
RG7 32.1456 19.3697 42.1008 3
RG8 36.8318 19.2998 42.0667 3
RA1 1.06756 4.57906 -11.2995 1
RA2 4.96528 1.69193 -11.7921 1
RA3 9.32967 -0.705772 -12.0045 1
RA4 13.2274 -3.5929 -12.4971 2
RA5 17.5929 -5.49463 -13.5779 2
RA6 22.0059 -8.33981 -14.0459 2
RA7 26.3703 -10.7375 -14.2584 2
RA8 30.7346 -13.1352 -14.4709 2
RB1 18.2759 -10.7673 -18.892 2
RB2 21.1398 -15.2262 -16.8287 3
RB3 23.4895 -19.2312 -15.6585 3
RB4 25.8392 -23.2361 -14.4882 2
RB5 28.6555 -26.7516 -13.0378 2
RB6 31.0052 -30.7565 -11.8675 2
RB7 33.8702 -34.7195 -10.6727 3
RB8 36.1702 -38.773 -8.37853 3
RC1 23.8148 -29.3071 -5.29045 3
RC2 28.1305 -31.2573 -5.24739 2
RC3 32.4463 -33.2076 -5.20433 3
RC4 36.762 -35.1578 -5.16127 3
RC5 41.5931 -37.0661 -5.09361 3
RC6 46.3755 -38.5269 -4.77042 2
RC7 50.6912 -40.4771 -4.72736 2
RC8 55.4736 -41.938 -4.40418 2
RL1 5.57204 -43.8119 31.3155 2
RL2 10.2086 -43.9303 32.4053 3
RL3 15.409 -44.4543 33.2641 3
RL4 20.0466 -44.0767 33.4855 3
RL5 25.1995 -43.6572 33.7316 3
RL6 30.401 -43.6851 33.7221 3
RL7 35.0872 -43.755 33.688 3
RL8 40.2401 -43.3355 33.934 2
RL9 44.9274 -42.9094 33.0316 2
RL10 50.1289 -42.9373 33.0221 2
RL11 54.7665 -42.5598 33.2435 2
RL12 59.968 -42.5877 33.234 1
RH1 1.40981 31.8774 11.2029 2
RH2 5.94799 32.1579 13.6721 3
RH3 10.0206 32.445 14.9928 3
RH4 14.5588 32.7256 17.4619 3
RH5 19.1456 32.5587 19.6755 3
RH6 23.6837 32.8393 22.1447 3
RH7 27.7553 32.6304 24.3337 3
RH8 32.3421 32.4635 26.5473 2
RI1 7.08276 53.7274 7.56745 3
RI2 9.18715 50.9679 11.752 3
RI3 10.7773 48.6623 15.0436 2
RI4 12.3675 46.3568 18.3353 3
RI5 14.4719 43.5973 22.5198 3
RI6 16.061 40.7958 26.6798 3
RI7 17.6512 38.4903 29.9714 3
RI8 19.2889 35.2413 33.8759 3
RJ1 19.0709 19.4475 -10.846 1
RJ2 20.3693 19.8268 -6.02121 2
RJ3 21.201 19.7167 -1.47656 3
RJ4 22.548 19.6485 3.09269 3
RJ5 23.8951 19.5803 7.66195 3
RJ6 25.241 19.0162 13.0995 3
RJ7 26.0727 18.9061 17.6442 3
RJ8 27.4198 18.8379 22.2134 3
RK1 30.9356 -59.1372 5.31913 3
RK2 35.4749 -58.3607 6.91994 3
RK3 40.0628 -58.0316 8.26523 2
RK4 44.6009 -57.7511 10.7344 3
RK5 49.1402 -56.9745 12.3352 2
RK6 54.2434 -56.6035 13.7051 1
RK7 58.2187 -55.4215 15.5368 1
RK8 63.3208 -55.5464 17.775 0
