LST1 -33.7898 -2.78003 -39.0978 -1.0
LST2 -42.1545 -0.107874 -40.6304 -1.0
LST3 -49.1884 2.8374 -35.0729 -1.0
LST4 -49.098 5.29213 -25.6397 -1.0
MST1 16.5984 -43.257 -32.3312 -1.0
MST2 25.698 -39.5973 -33.9579 -1.0
MST3 34.8107 -36.0768 -34.5945 -1.0
MST4 43.4912 -32.009 -36.1583 -1.0
OC1 50.4681 -18.8983 35.2763 -1.0
OC2 44.7624 -23.2228 41.814 -1.0
OC3 36.9572 -26.6037 47.5023 -1.0
OC4 28.2874 -28.8901 51.3362 -1.0
OC5 18.7201 -28.9797 51.4512 -1.0
OC6 11.1313 -25.3311 46.0059 -1.0
PST1 32.4792 -62.6644 -6.99352 -1.0
PST2 41.6184 -59.4223 -5.64974 -1.0
PST3 49.4674 -53.8537 -5.98154 -1.0
PST4 56.066 -46.3763 -5.01838 -1.0
PST5 61.4103 -38.0867 -3.92432 -1.0
PST6 64.6584 -29.2655 -3.73748 -1.0
RG1 27.9369 59.1468 -13.0369 -1.0
RG2 37.1606 57.7126 -8.31195 -1.0
RG3 46.3742 56.0057 -4.63513 -1.0
RG4 52.7283 52.2061 1.81542 -1.0
RG5 55.7705 46.3156 8.0162 -1.0
RG6 54.6719 37.9145 13.9193 -1.0
RG7 53.5671 30.3373 19.9383 -1.0
RG8 52.0595 22.6169 26.9524 -1.0
RG9 27.491 67.7881 -8.78639 -1.0
RG10 36.7178 65.942 -4.11939 -1.0
RG11 43.8812 63.5253 1.50484 -1.0
RG12 49.8388 58.7587 8.83465 -1.0
RG13 51.2266 51.6168 14.8816 -1.0
RG14 50.1218 44.0395 20.9006 -1.0
RG15 48.185 36.4545 26.9295 -1.0
RG16 46.6605 27.7767 31.7895 -1.0
RG17 57.5971 16.0637 -36.6578 -1.0
RG18 58.5579 15.0915 -26.7081 -1.0
RG19 59.1065 15.2119 -15.5894 -1.0
RG20 62.1435 13.1625 -6.82869 -1.0
RG21 62.7016 12.0472 4.11621 -1.0
RG22 61.5657 10.098 11.9367 -1.0
RG23 58.776 8.40598 20.8254 -1.0
RG24 54.7447 5.87838 29.6131 -1.0
RG25 53.3546 25.2268 -36.323 -1.0
RG26 55.1669 23.2992 -25.509 -1.0
RG27 56.9402 23.2979 -16.4436 -1.0
RG28 59.9777 22.757 -6.46093 -1.0
RG29 60.539 21.2297 4.42602 -1.0
RG30 58.9972 19.5494 13.2997 -1.0
RG31 56.2106 17.4454 22.1303 -1.0
RG32 51.3505 14.4981 30.8701 -1.0
RG33 56.8126 9.87671 -37.5171 -1.0
RG34 59.0308 7.6803 -27.7563 -1.0
RG35 62.0646 6.04284 -18.9377 -1.0
RG36 63.8574 5.07838 -8.99795 -1.0
RG37 64.415 2.45444 0.724959 -1.0
RG38 62.8927 -0.188981 10.4729 -1.0
RG39 60.1156 -3.52879 19.1297 -1.0
RG40 56.0937 -7.29224 27.7436 -1.0
RG41 54.2572 19.1889 -35.164 -1.0
RG42 55.6372 17.8086 -25.2773 -1.0
RG43 61.1726 13.862 -17.8265 -1.0
RG44 63.7973 12.9054 -7.89682 -1.0
RG45 63.5166 11.0975 1.95199 -1.0
RG46 62.0012 9.1388 12.806 -1.0
RG47 57.1474 5.36757 21.4299 -1.0
RG48 52.7065 2.01217 30.1067 -1.0
RG49 49.2092 -21.3774 -36.7598 -1.0
RG50 57.9836 -23.2218 -35.1163 -1.0
RG51 63.916 -24.6928 -27.3229 -1.0
RG52 65.2833 -24.4253 -17.2043 -1.0
RG53 64.99 -24.5853 -7.12365 -1.0
RG54 65.1189 -25.5654 2.83607 -1.0
RG55 63.9904 -25.3213 12.9847 -1.0
RG56 61.1944 -26.1894 21.9892 -1.0
RG57 51.1899 -11.6047 -37.4322 -1.0
RG58 60.3935 -13.5844 -34.8035 -1.0
RG59 65.9036 -14.2354 -26.8892 -1.0
RG60 66.4516 -15.6235 -16.9924 -1.0
RG61 66.1582 -15.7835 -6.9118 -1.0
RG62 66.6968 -15.9358 3.15883 -1.0
RG63 65.1392 -15.5564 12.3222 -1.0
RG64 60.2601 -16.0321 21.4097 -1.0
RH1 28.494 -11.8473 -22.0148 -1.0
RH2 33.0734 -10.7078 -20.9057 -1.0
RH3 37.6295 -9.70185 -21.835 -1.0
RH4 42.6148 -8.8312 -21.7791 -1.0
RH5 47.6032 -8.37249 -21.7812 -1.0
RH6 52.6017 -7.64104 -20.7351 -1.0
RH7 57.171 -6.77428 -20.6742 -1.0
RH8 62.1695 -6.04283 -19.6281 -1.0
