LA1 -4.13737 -16.5554 9.4591 2
LA2 -9.11484 -16.0031 9.46344 2
LA3 -13.4787 -16.0545 10.1731 3
LA4 -18.9336 -15.9167 9.89973 3
LA5 -23.911 -15.3644 9.90407 3
LA6 -28.7523 -15.8305 10.336 3
LA7 -33.723 -15.646 10.0195 3
LA8 -38.7005 -15.0937 10.0238 2
LB1 -4.86816 -23.9947 9.80139 1
LB2 -9.58686 -24.7432 11.3027 1
LB3 -14.3055 -25.4915 12.8041 1
LB4 -19.6377 -25.6362 13.6002 1
LB5 -24.3632 -26.0166 15.4224 3
LB6 -29.2181 -25.7467 16.4962 3
LB7 -34.0661 -25.8448 17.249 3
LB8 -38.4369 -25.5283 18.2796 2
LC1 -7.55678 -37.6658 9.07533 1
LC2 -12.5274 -37.4814 8.75878 1
LC3 -17.4913 -37.665 8.12132 1
LC4 -22.4552 -37.8486 7.48387 1
LC5 -27.4259 -37.6642 7.16732 1
LC6 -32.2604 -38.4982 7.27837 1
LC7 -37.2311 -38.3138 6.96182 1
LC8 -42.2085 -37.7614 6.96616 1
LD1 -30.7946 -28.0289 29.4815 3
LD2 -35.7585 -28.2125 28.844 3
LD3 -40.8518 -27.7458 27.4581 2
LD4 -45.8225 -27.5613 27.1415 2
LD5 -50.7863 -27.745 26.5041 1
LD6 -55.7502 -27.9286 25.8666 1
LD7 -60.7141 -28.1121 25.2292 0
LD8 -65.1939 -28.2491 24.5485 0
LE1 -34.6168 -48.0688 36.7774 3
LE2 -39.4581 -48.5348 37.2094 3
LE3 -44.2994 -49.0008 37.6413 2
LE4 -49.1407 -49.4668 38.0733 2
LE5 -54.4729 -49.6114 38.8693 1
LE6 -58.8232 -50.3988 38.9372 0
LE7 -64.1555 -50.5435 39.7332 0
LE8 -68.9968 -51.0094 40.1652 0
LF1 -38.6507 -75.7246 33.4845 1
LF2 -43.3558 -77.2089 34.3441 1
LF3 -48.6676 -78.4575 34.1775 1
LF4 -52.8818 -80.2633 34.6729 0
LF5 -57.7163 -81.0972 34.784 0
LF6 -62.4147 -82.9495 35.3227 0
LF7 -67.2492 -83.7834 35.4337 0
LF8 -72.0769 -84.9854 35.2239 0
LG1 0.412086 -11.1425 82.8471 3
LG2 -4.32018 -11.1551 84.9903 3
LG3 -8.0774 -11.4423 86.7261 3
LG4 -12.8096 -11.4547 88.8693 3
LG5 -17.5419 -11.4672 91.0124 3
LG6 -22.2742 -11.4798 93.1556 2
LG7 -27.1358 -10.8418 94.5502 1
LG8 -31.3772 -11.1757 96.3293 1
LH1 -3.7289 14.3939 75.0237 3
LH2 -7.84087 13.4097 77.5513 3
LH3 -12.4301 12.0109 79.8012 3
LH4 -17.1556 11.6304 81.6234 3
LH5 -21.397 11.2966 83.4025 1
LH6 -25.9931 10.2658 85.9733 1
LH7 -30.2344 9.93193 87.7523 1
LH8 -34.8373 9.26907 90.644 1
LI1 -4.84817 36.3794 47.5608 3
LI2 -8.96692 35.7632 50.4092 3
LI3 -12.5947 34.8255 52.8936 3
LI4 -16.5841 33.5589 56.4906 3
LI5 -20.2119 32.6213 58.975 2
LI6 -24.3307 32.005 61.8235 1
LI7 -28.32 30.7383 65.4204 1
LI8 -32.432 29.7542 67.948 1
LJ1 -3.22779 1.95622 12.0267 3
LJ2 -7.87088 4.30944 12.202 2
LJ3 -11.9004 6.05887 13.0826 2
LJ4 -16.5503 8.78004 13.5788 3
LJ5 -21.1934 11.1332 13.7542 2
LJ6 -25.3523 13.5331 13.8863 2
LJ7 -29.9954 15.8863 14.0616 2
LJ8 -34.1544 18.2861 14.1937 2
RA1 28.4016 -12.6117 8.5971 1
RA2 33.0107 -13.1251 10.0263 1
RA3 38.0972 -13.224 11.7331 2
RA4 42.577 -13.087 12.4138 2
RA5 47.1793 -13.2324 14.1638 3
RA6 52.2726 -13.6992 15.5498 3
RA7 56.7456 -13.1942 16.5513 3
RA8 61.8388 -13.661 17.9373 3
RB1 30.9773 -22.4585 10.284 1
RB2 35.457 -22.3215 10.9646 1
RB3 40.5503 -22.7883 12.3506 1
RB4 45.1527 -22.9337 14.1006 1
RB5 49.6324 -22.7967 14.7813 3
RB6 54.7257 -23.2635 16.1672 3
RB7 59.8122 -23.3623 17.8741 3
RB8 64.292 -23.2254 18.5547 3
RC1 32.0386 -36.2826 12.7846 1
RC2 37.0025 -36.099 13.4221 1
RC3 41.9596 -35.5475 14.3804 1
RC4 46.9167 -34.9959 15.3388 1
RC5 51.8806 -34.8123 15.9763 1
RC6 56.8445 -34.6287 16.6137 3
RC7 61.3242 -34.4917 17.2944 3
RC8 66.9016 -34.912 18.6371 3
RD1 54.306 -4.36578 15.2921 3
RD2 58.527 -2.92804 14.4757 3
RD3 63.3547 -1.7261 14.6855 2
RD4 68.5304 0.540773 14.4246 1
RD5 72.8808 1.32814 14.3567 1
RD6 77.5723 3.54842 14.1389 0
RD7 82.2706 5.40072 13.6003 0
RD8 86.969 7.25304 13.0616 0
RE1 50.4276 -30.2277 32.2348 3
RE2 54.887 -28.9869 33.8781 3
RE3 59.7011 -27.049 34.7298 3
RE4 64.0379 -25.5257 35.3037 3
RE5 68.9814 -24.2381 36.9038 2
RE6 73.8024 -22.6683 37.4346 1
RE7 78.1324 -20.777 38.3294 0
RE8 82.5986 -19.9041 39.6518 0
RF1 46.3966 -81.3158 31.293 0
RF2 51.8514 -81.4535 31.5664 0
RF3 56.8289 -82.0059 31.562 1
RF4 61.7996 -82.1903 31.8786 1
RF5 66.777 -82.7426 31.8743 1
RF6 71.7477 -82.927 32.1908 0
RF7 76.7184 -83.1114 32.5074 0
RF8 81.5597 -82.6453 32.0754 0
RG1 19.1968 21.6835 69.3788 3
RG2 22.449 22.2198 73.2905 3
RG3 25.5718 23.4064 76.4537 2
RG4 28.824 23.9426 80.3655 1
RG5 31.5853 24.8003 84.6413 1
RG6 34.3534 25.29 88.5962 1
RG7 37.5988 26.1942 92.8289 0
RG8 40.7216 27.3808 95.9921 0
RH1 23.9178 9.06697 14.8488 3
RH2 26.195 9.878 19.1678 2
RH3 28.6083 9.67069 23.9144 3
RH4 31.3764 10.1604 27.8694 3
RH5 33.6604 10.6034 31.8675 3
RH6 35.9443 11.0465 35.8656 3
RH7 38.3509 11.2071 40.9332 3
RH8 40.628 12.0181 45.2522 3
RI1 18.3975 33.5239 29.0375 3
RI2 23.8455 33.754 29.6318 3
RI3 28.8162 33.5697 29.9483 3
RI4 33.1665 34.3571 29.8805 3
RI5 38.1304 34.5406 30.5179 3
RI6 43.5852 34.4029 30.7913 3
RI7 48.4265 34.8688 30.3593 2
RI8 53.3904 35.0524 30.9968 1
