LA1 -16.6307 14.6452 -12.2828 2
LA2 -21.7308 14.6525 -13.2364 2
LA3 -26.8309 14.6598 -14.19 3
LA4 -31.4746 14.7305 -15.1335 3
LA5 -36.5593 14.4724 -15.1231 2
LA6 -41.2668 14.9829 -15.9444 2
LA7 -46.3669 14.9902 -16.898 2
LA8 -51.5154 15.1719 -16.7655 2
LA9 -56.6155 15.1792 -17.7191 1
LA10 -61.2592 15.2499 -18.6625 0
LA11 -66.4077 15.4316 -18.53 0
LA12 -71.0514 15.5023 -19.4735 0
LB1 -21.2109 -2.23213 -14.7823 2
LB2 -26.1523 -3.63547 -14.0522 2
LB3 -30.6528 -4.70985 -14.276 2
LB4 -35.6582 -5.6734 -13.4238 3
LB5 -40.1433 -7.01326 -12.6835 3
LB6 -45.1486 -7.97671 -11.8313 2
LB7 -49.6975 -8.87679 -10.9689 2
LB8 -54.7028 -9.84023 -10.1166 2
LB9 -59.6443 -11.2436 -9.38652 2
LB10 -64.6496 -12.2071 -8.53429 1
LB11 -69.5911 -13.6104 -7.8042 0
LB12 -74.14 -14.5104 -6.94179 0
LC1 -33.7907 19.6284 -4.4115 2
LC2 -38.1634 17.6743 -4.87953 2
LC3 -42.4568 15.0149 -4.50572 1
LC4 -47.2222 12.5575 -5.10606 2
LC5 -51.5794 10.3379 -4.6101 3
LC6 -55.9522 8.38379 -5.07814 2
LC7 -60.3095 6.16422 -4.58218 2
LC8 -64.6822 4.21015 -5.05021 0
LD1 -33.6509 6.6592 7.57507 2
LD2 -38.3913 7.0787 8.80391 2
LD3 -43.1318 7.49821 10.0327 3
LD4 -47.857 7.65225 12.2256 3
LD5 -52.5336 7.63192 13.3323 2
LD6 -57.7305 7.98796 14.551 2
LD7 -62.9913 8.78386 15.8918 0
LD8 -67.7318 9.20337 17.1206 0
LE1 -7.79677 54.0395 13.984 2
LE2 -12.2179 52.2597 14.6021 3
LE3 -17.0955 50.4166 15.2101 3
LE4 -21.5012 48.3714 16.7922 3
LE5 -25.9224 46.5916 17.4103 3
LE6 -30.8 44.7485 18.0182 3
LE7 -35.2851 43.4086 18.7585 2
LE8 -39.6908 41.3634 20.3406 2
LE9 -44.1119 39.5837 20.9587 2
LE10 -49.0534 38.1804 21.6888 1
LE11 -53.4745 36.4007 22.3069 1
LE12 -57.8164 33.9156 23.7669 0
LF1 -5.78766 -31.4336 18.423 2
LF2 -10.7446 -32.5715 18.1891 3
LF3 -15.7015 -33.7093 17.9552 3
LF4 -20.6585 -34.8473 17.7213 3
LF5 -25.6153 -35.9851 17.4874 3
LF6 -30.1797 -36.6197 17.3858 2
LF7 -35.0727 -38.1974 17.0297 2
LF8 -40.0935 -38.8954 16.918 2
LF9 -45.0505 -40.0333 16.6841 3
LF10 -49.551 -41.1077 16.4603 2
LF11 -54.9642 -42.309 16.2163 1
LF12 -59.4647 -43.3835 15.9925 0
LG1 -35.7068 -10.7728 -0.304377 3
LG2 -39.8362 -7.67063 -1.45863 3
LG3 -43.9502 -4.8339 -1.64888 3
LG4 -48.0642 -1.99717 -1.83913 3
LG5 -51.7373 1.16841 -2.98323 3
LG6 -55.8513 4.00515 -3.17348 3
LG7 -59.9014 6.40206 -3.48588 2
LG8 -63.559 9.30224 -3.66597 0
LH1 -36.3943 -22.7083 0.569301 3
LH2 -40.9895 -22.8119 -1.46029 3
LH3 -45.5055 -23.6208 -2.64803 3
LH4 -50.5571 -23.788 -4.68779 3
LH5 -55.1369 -24.1571 -5.75338 3
LH6 -59.6683 -24.7006 -7.90513 2
LH7 -64.1842 -25.5095 -9.09287 0
LH8 -68.7795 -25.6131 -11.1225 0
LI1 -25.6938 40.6465 -18.463 1
LI2 -27.4187 36.0142 -16.5989 1
LI3 -29.159 31.6472 -15.6989 1
LI4 -31.3558 27.2168 -14.809 1
LI5 -33.568 23.0518 -14.8832 2
LI6 -35.7164 18.4469 -15.0794 2
LI7 -37.0157 14.4089 -15.1333 2
LI8 -39.605 9.47516 -14.3757 3
LI9 -41.2331 4.49391 -14.684 3
LI10 -43.4452 0.329013 -14.7581 3
LI11 -45.5936 -4.27587 -14.9544 3
LI12 -47.334 -8.64277 -14.0543 2
LK1 -32.9097 -23.9647 -22.6542 3
LK2 -35.3311 -27.1667 -19.3477 2
LK3 -37.7678 -30.1032 -17.0053 2
LK4 -40.7096 -32.9288 -13.5868 3
LK5 -43.1464 -35.8653 -11.2444 3
LK6 -46.0241 -39.1307 -7.94811 3
LK7 -48.5248 -41.6275 -5.48352 2
LK8 -51.4025 -44.8928 -2.18723 2
LK9 -54.3596 -47.453 0.267203 1
LK10 -56.7809 -50.6549 3.57366 0
LK11 -60.179 -53.5439 6.98193 0
LK12 -63.1207 -56.3696 10.4004 0
RB1 18.3693 8.82013 -21.7092 2
RB2 23.3107 10.2235 -22.4393 3
RB3 27.8751 10.858 -22.3377 3
RB4 32.8804 11.8215 -23.19 2
RB5 37.8857 12.785 -24.0422 3
RB6 42.9065 13.483 -23.9304 2
RB7 47.9119 14.4465 -24.7827 2
RB8 52.9966 14.7047 -24.7931 1
RD1 27.4852 -10.151 0.928873 3
RD2 32.1618 -10.1307 -0.177823 3
RD3 37.3103 -10.3123 -0.310352 3
RD4 42.4588 -10.494 -0.442889 2
RD5 47.1509 -10.7391 -0.585578 2
RD6 52.2994 -10.9208 -0.718117 2
RD7 56.9276 -10.7261 -0.738666 2
RD8 62.5965 -11.2841 -0.983184 1
